<pre>  101 ! (c) 2019 Oklahoma Climatological Survey and the Oklahoma Mesonet - all rights reserved
  21 2019 10 08 00 00 00
 STID  STNM  TIME   RELH   TAIR   WSPD   WVEC  WDIR   WDSD   WSSD   WMAX    RAIN     PRES  SRAD   TA9M   WS2M   TS10   TB10   TS05   TS25   TS60    TR05    TR25    TR60
 KIN2   133     0     38   19.1    1.5    1.5   104    5.0    0.1    1.8    0.00   983.64    13   20.1    0.8   21.8   24.9   21.9   22.4   23.5    3.05    2.43    3.70
 KIN2   133     5     38   18.9    1.3    1.3   104    4.2    0.1    1.5    0.00   983.60     9   19.9    0.2   -995   -995   -995   -995   -995    -995    -995    -995
 KIN2   133    10     39   18.2    1.3    1.3   102    6.4    0.2    1.7    0.00   983.57     6   19.7    0.0   -995   -995   -995   -995   -995    -995    -995    -995
 KIN2   133    15     41   17.9    1.2    1.2   104    4.7    0.2    1.6    0.00   983.59     4   19.5    0.0   21.8   24.7   21.8   22.4   23.5    -995    -995    -995
 KIN2   133    20     42   17.5    1.1    1.1   102    4.1    0.1    1.3    0.00   983.60     2   19.3    0.0   -995   -995   -995   -995   -995    -995    -995    -995
 KIN2   133    25     44   17.2    1.3    1.3   112    3.1    0.1    1.4    0.00   983.59     1   19.1    0.0   -995   -995   -995   -995   -995    -995    -995    -995
 KIN2   133    30     45   16.4    1.2    1.2   116    2.5    0.1    1.3    0.00   983.60     0   18.8    0.0   21.7   24.4   21.7   22.4   23.5    3.06    2.43    3.70
 KIN2   133    35     48   16.1    1.2    1.2   116    1.6    0.1    1.3    0.00   983.63     0   18.6    0.0   -995   -995   -995   -995   -995    -995    -995    -995
 KIN2   133    40     50   15.9    1.3    1.3   122    6.0    0.1    1.7    0.00   983.67     0   18.3    0.0   -995   -995   -995   -995   -995    -995    -995    -995
 KIN2   133    45     48   15.9    1.4    1.4   132    3.0    0.1    1.6    0.00   983.69     0   18.1    0.0   21.7   24.1   21.6   22.4   23.4    -995    -995    -995
 KIN2   133    50     47   15.9    1.5    1.5   129    2.2    0.1    1.7    0.00   983.70     0   18.0    0.0   -995   -995   -995   -995   -995    -995    -995    -995
 KIN2   133    55     46   15.6    1.7    1.7   128    1.9    0.1    2.0    0.00   983.68     0   18.0    0.0   -995   -995   -995   -995   -995    -995    -995    -995
 KIN2   133    60     47   15.3    1.8    1.8   128    2.7    0.1    2.1    0.00   983.68     0   17.9    0.0   21.6   23.8   21.4   22.4   23.4    3.07    2.42    3.70
 KIN2   133    65     46   14.9    1.7    1.7   137    2.3    0.1    2.0    0.00   983.74     0   17.6    0.0   -995   -995   -995   -995   -995    -995    -995    -995
 KIN2   133    70     47   14.7    1.6    1.6   131    2.9    0.1    1.7    0.00   983.76     0   17.5    0.0   -995   -995   -995   -995   -995    -995    -995    -995
 KIN2   133    75     47   14.2    1.6    1.6   140    3.3    0.1    1.9    0.00   983.74     0   17.3    0.0   21.5   23.5   21.2   22.3   23.4    -995    -995    -995
 KIN2   133    80     49   14.3    1.5    1.5   137    3.1    0.1    1.6    0.00   983.71     0   17.2    0.0   -995   -995   -995   -995   -995    -995    -995    -995
 KIN2   133    85     49   14.0    1.5    1.5   133    2.0    0.1    1.7    0.00   983.70     0   17.1    0.0   -995   -995   -995   -995   -995    -995    -995    -995
 KIN2   133    90     49   13.8    1.7    1.7   141    7.3    0.1    2.0    0.00   983.69     0   16.9    0.2   21.5   23.2   21.1   22.3   23.3    3.08    2.42    3.70
 KIN2   133    95     50   13.2    1.8    1.8   154    3.2    0.2    2.2    0.00   983.72     0   16.6    0.9   -995   -995   -995   -995   -995    -995    -995    -995
 KIN2   133   100     53   14.0    2.0    2.0   150    5.0    0.1    2.3    0.00   983.70     0   16.5    1.2   -995   -995   -995   -995   -995    -995    -995    -995
 KIN2   133   105     52   14.0    2.1    2.1   140    3.1    0.2    2.4    0.00   983.65     0   16.5    0.9   21.4   22.9   20.9   22.3   23.3    -995    -995    -995
 KIN2   133   110     51   13.8    2.1    2.1   149    4.9    0.2    2.5    0.00   983.60     0   16.3    1.1   -995   -995   -995   -995   -995    -995    -995    -995
 KIN2   133   115     53   13.1    2.2    2.2   151    6.6    0.1    2.5    0.00   983.60     0   15.9    1.1   -995   -995   -995   -995   -995    -995    -995    -995
 KIN2   133   120     55   13.3    2.0    2.0   140    3.0    0.2    2.4    0.00   983.59     0   15.7    1.0   21.3   22.6   20.8   22.2   23.2    3.08    2.42    3.70
 KIN2   133   125     54   13.2    2.0    2.0   143    2.4    0.1    2.2    0.00   983.62     0   15.6    0.3   -995   -995   -995   -995   -995    -995    -995    -995
 KIN2   133   130     55   13.0    2.1    2.1   137    2.1    0.1    2.4    0.00   983.63     0   15.5    0.7   -995   -995   -995   -995   -995    -995    -995    -995
 KIN2   133   135     57   12.9    2.3    2.3   141    2.9    0.1    2.5    0.00   983.60     0   15.4    1.0   21.2   22.3   20.6   22.2   23.2    -995    -995    -995
 KIN2   133   140     58   12.8    2.2    2.2   143    2.8    0.1    2.5    0.00   983.62     0   15.2    1.0   -995   -995   -995   -995   -995    -995    -995    -995
 KIN2   133   145     58   12.8    2.1    2.1   145    2.1    0.1    2.3    0.00   983.66     0   15.1    1.0   -995   -995   -995   -995   -995    -995    -995    -995
 KIN2   133   150     58   12.6    2.1    2.1   143    2.6    0.1    2.4    0.00   983.65     0   15.0    1.0   21.1   22.1   20.5   22.2   23.1    3.08    2.43    3.70
 KIN2   133   155     59   12.6    2.1    2.1   142    2.8    0.1    2.3    0.00   983.64     0   14.8    1.1   -995   -995   -995   -995   -995    -995    -995    -995
 KIN2   133   160     59   12.7    2.0    2.0   143    2.7    0.1    2.3    0.00   983.63     0   14.6    1.1   -995   -995   -995   -995   -995    -995    -995    -995
 KIN2   133   165     60   12.7    1.8    1.8   141    3.2    0.1    2.1    0.00   983.63     0   14.4    1.0   21.1   21.8   20.4   22.1   23.1    -995    -995    -995
 KIN2   133   170     60   12.5    2.0    2.0   140    2.2    0.1    2.2    0.00   983.61     0   14.3    1.2   -995   -995   -995   -995   -995    -995    -995    -995
 KIN2   133   175     61   12.4    2.0    2.0   135    4.8    0.1    2.4    0.00   983.60     0   14.1    1.1   -995   -995   -995   -995   -995    -995    -995    -995
 KIN2   133   180     62   12.3    2.1    2.1   141    3.0    0.2    2.5    0.00   983.58     0   14.1    1.1   21.0   21.5   20.3   22.1   23.1    3.09    2.43    3.71
 KIN2   133   185     61   12.2    2.3    2.3   144    2.8    0.1    2.6    0.00   983.55     0   14.1    1.3   -995   -995   -995   -995   -995    -995    -995    -995
 KIN2   133   190     62   12.2    2.2    2.2   138    3.6    0.1    2.5    0.00   983.58     0   14.1    1.1   -995   -995   -995   -995   -995    -995    -995    -995
 KIN2   133   195     63   12.1    2.2    2.2   143    3.6    0.1    2.6    0.00   983.56     0   14.1    1.3   20.9   21.3   20.2   22.1   23.1    -995    -995    -995
 KIN2   133   200     62   12.2    2.2    2.2   149    3.8    0.1    2.6    0.00   983.57     0   14.0    1.2   -995   -995   -995   -995   -995    -995    -995    -995
 KIN2   133   205     62   12.1    2.1    2.1   145    4.0    0.2    2.6    0.00   983.59     0   14.0    1.1   -995   -995   -995   -995   -995    -995    -995    -995
 KIN2   133   210     62   12.0    1.9    1.9   147    4.3    0.1    2.1    0.00   983.61     0   13.8    0.8   20.9   21.1   20.1   22.1   23.1    3.09    2.43    3.70
 KIN2   133   215     63   11.8    2.2    2.2   147    3.6    0.2    2.7    0.00   983.60     0   13.8    0.9   -995   -995   -995   -995   -995    -995    -995    -995
 KIN2   133   220     63   11.7    2.2    2.2   146    4.2    0.3    2.9    0.00   983.61     0   13.7    1.0   -995   -995   -995   -995   -995    -995    -995    -995
 KIN2   133   225     64   11.6    2.3    2.3   144    4.4    0.2    2.9    0.00   983.59     0   13.6    1.1   20.8   20.9   20.0   22.0   23.0    -995    -995    -995
 KIN2   133   230     64   11.4    2.1    2.1   142    3.1    0.1    2.5    0.00   983.58     0   13.5    1.1   -995   -995   -995   -995   -995    -995    -995    -995
 KIN2   133   235     65   11.5    2.0    2.0   146    4.1    0.2    2.4    0.00   983.56     0   13.3    0.9   -995   -995   -995   -995   -995    -995    -995    -995
 KIN2   133   240     64   11.6    2.1    2.1   150    4.7    0.1    2.5    0.00   983.54     0   13.3    1.0   20.7   20.7   19.9   22.0   23.0    3.10    2.42    3.70
 KIN2   133   245     65   11.5    2.2    2.2   151    3.1    0.1    2.5    0.00   983.53     0   13.3    1.0   -995   -995   -995   -995   -995    -995    -995    -995
 KIN2   133   250     64   11.4    2.3    2.3   156    4.1    0.1    2.5    0.00   983.55     0   13.2    1.3   -995   -995   -995   -995   -995    -995    -995    -995
 KIN2   133   255     65   11.3    1.9    1.9   157    3.2    0.2    2.4    0.00   983.55     0   13.0    1.0   20.7   20.5   19.9   22.0   23.0    -995    -995    -995
 KIN2   133   260     66   11.1    1.4    1.4   159    5.1    0.2    1.7    0.00   983.54     0   12.5    0.3   -995   -995   -995   -995   -995    -995    -995    -995
 KIN2   133   265     66   11.3    1.4    1.4   154    4.9    0.1    1.8    0.00   983.50     0   12.3    0.0   -995   -995   -995   -995   -995    -995    -995    -995
 KIN2   133   270     66   11.2    1.4    1.4   149    4.0    0.2    1.7    0.00   983.46     0   12.2    0.0   20.6   20.3   19.8   22.0   23.0    3.09    2.43    3.70
 KIN2   133   275     66   11.0    1.8    1.8   141    3.6    0.2    2.3    0.00   983.37     0   12.4    0.1   -995   -995   -995   -995   -995    -995    -995    -995
 KIN2   133   280     67   11.1    2.1    2.1   145    4.4    0.2    2.6    0.00   983.32     0   12.9    0.8   -995   -995   -995   -995   -995    -995    -995    -995
 KIN2   133   285     67   11.3    2.2    2.2   146    3.8    0.1    2.5    0.00   983.25     0   13.1    0.8   20.6   20.1   19.8   22.0   23.0    -995    -995    -995
 KIN2   133   290     66   11.4    2.0    2.0   144    3.6    0.2    2.4    0.00   983.18     0   13.2    0.8   -995   -995   -995   -995   -995    -995    -995    -995
 KIN2   133   295     65   11.5    1.9    1.9   145    3.4    0.2    2.3    0.00   983.18     0   13.2    0.5   -995   -995   -995   -995   -995    -995    -995    -995
 KIN2   133   300     65   11.4    1.7    1.6   141    5.1    0.2    2.2    0.00   983.16     0   13.1    0.2   20.5   20.0   19.7   21.9   23.0    3.10    2.42    3.70
 KIN2   133   305     66   11.4    1.4    1.4   143    7.2    0.2    2.0    0.00   983.12     0   13.0    0.0   -995   -995   -995   -995   -995    -995    -995    -995
 KIN2   133   310     68   10.3    0.9    0.8   165   19.5    0.3    1.4    0.00   983.13     0   12.5    0.3   -995   -995   -995   -995   -995    -995    -995    -995
 KIN2   133   315     74    9.9    1.0    1.0   223   14.5    0.2    1.4    0.00   983.14     0   11.7    0.6   20.5   19.8   19.6   21.9   23.0    -995    -995    -995
 KIN2   133   320     73   10.6    0.9    0.9   209   12.6    0.1    1.2    0.00   983.16     0   11.8    0.0   -995   -995   -995   -995   -995    -995    -995    -995
 KIN2   133   325     70   11.2    0.9    0.9   202    5.6    0.1    1.1    0.00   983.15     0   12.0    0.1   -995   -995   -995   -995   -995    -995    -995    -995
 KIN2   133   330     69   10.4    0.8    0.8   184   10.0    0.1    1.1    0.00   983.09     0   11.9    0.0   20.4   19.6   19.5   21.9   23.0    3.11    2.43    3.70
 KIN2   133   335     74   10.0    0.5    0.5   180    4.4    0.1    0.8    0.00   983.04     0   11.8    0.0   -995   -995   -995   -995   -995    -995    -995    -995
 KIN2   133   340     74    9.8    0.5    0.5   197    8.5    0.1    0.7    0.00   983.01     0   11.5    0.0   -995   -995   -995   -995   -995    -995    -995    -995
 KIN2   133   345     76    9.5    0.7    0.7   193    7.2    0.1    0.9    0.00   982.97     0   11.3    0.0   20.4   19.5   19.5   21.9   23.0    -995    -995    -995
 KIN2   133   350     78    8.6    0.7    0.7   194    7.8    0.1    1.0    0.00   982.91     0   11.1    0.0   -995   -995   -995   -995   -995    -995    -995    -995
 KIN2   133   355     80    9.1    0.9    0.9   209    5.6    0.1    1.2    0.00   982.82     0   11.0    0.3   -995   -995   -995   -995   -995    -995    -995    -995
 KIN2   133   360     79    9.6    1.2    1.2   214    7.5    0.1    1.4    0.00   982.76     0   10.9    0.0   20.4   19.3   19.5   21.9   23.1    3.11    2.43    3.70
 KIN2   133   365     79    9.0    1.2    1.2   227    5.5    0.2    1.5    0.00   982.74     0   10.4    0.0   -995   -995   -995   -995   -995    -995    -995    -995
 KIN2   133   370     80    9.1    1.4    1.4   228    8.4    0.2    1.8    0.00   982.70     0   10.5    0.1   -995   -995   -995   -995   -995    -995    -995    -995
 KIN2   133   375     80    9.4    1.7    1.7   222    4.4    0.1    1.9    0.00   982.68     0   10.9    0.7   20.3   19.2   19.4   21.9   23.0    -995    -995    -995
 KIN2   133   380     79    9.4    1.7    1.7   219    5.0    0.1    1.8    0.00   982.67     0   11.0    0.1   -995   -995   -995   -995   -995    -995    -995    -995
 KIN2   133   385     80    9.0    1.3    1.3   224    5.8    0.2    1.8    0.00   982.66     0   10.9    0.2   -995   -995   -995   -995   -995    -995    -995    -995
 KIN2   133   390     81    8.7    1.3    1.3   215    2.6    0.1    1.5    0.00   982.65     0   11.0    0.0   20.3   19.0   19.4   21.8   23.0    3.11    2.43    3.70
 KIN2   133   395     82    8.7    1.4    1.4   216    2.8    0.1    1.5    0.00   982.64     0   11.0    0.0   -995   -995   -995   -995   -995    -995    -995    -995
 KIN2   133   400     80    8.7    1.0    1.0   216    6.6    0.2    1.4    0.00   982.64     0   10.7    0.0   -995   -995   -995   -995   -995    -995    -995    -995
 KIN2   133   405     82    7.9    0.7    0.7   227    5.2    0.1    0.8    0.00   982.65     0   10.2    0.0   20.2   18.9   19.3   21.8   23.0    -995    -995    -995
 KIN2   133   410     84    7.5    0.4    0.4   231    2.2    0.2    0.7    0.00   982.67     0    9.9    0.0   -995   -995   -995   -995   -995    -995    -995    -995
 KIN2   133   415     83    7.1    0.3    0.3   236    2.3    0.1    0.6    0.00   982.69     0    9.5    0.0   -995   -995   -995   -995   -995    -995    -995    -995
 KIN2   133   420     83    7.4    0.3    0.3   239    0.5    0.2    0.6    0.00   982.73     0    9.3    0.0   20.2   18.7   19.3   21.8   23.0    3.11    2.42    3.70
 KIN2   133   425     85    7.6    0.2    0.2   246    5.9    0.1    0.4    0.00   982.75     0    9.0    0.0   -995   -995   -995   -995   -995    -995    -995    -995
 KIN2   133   430     86    6.7    0.0    0.0   253    0.0    0.0    0.2    0.00   982.77     0    8.7    0.0   -995   -995   -995   -995   -995    -995    -995    -995
 KIN2   133   435     86    6.5    0.0    0.0   253    0.0    0.0    0.2    0.00   982.81     0    8.4    0.0   20.1   18.5   19.2   21.8   23.0    -995    -995    -995
 KIN2   133   440     88    6.9    0.1    0.1   248    2.0    0.1    0.3    0.00   982.84     0    8.1    0.0   -995   -995   -995   -995   -995    -995    -995    -995
 KIN2   133   445     89    6.6    0.3    0.3   236    1.6    0.2    0.5    0.00   982.88     0    8.5    0.0   -995   -995   -995   -995   -995    -995    -995    -995
 KIN2   133   450     89    6.8    0.1    0.1   232    0.0    0.1    0.4    0.00   982.88     0    8.4    0.0   20.1   18.4   19.1   21.7   23.0    3.11    2.42    3.70
 KIN2   133   455     89    7.0    0.0    0.0     0    0.0    0.0    0.0    0.00   982.85     0    8.2    0.0   -995   -995   -995   -995   -995    -995    -995    -995
 KIN2   133   460     88    6.9    0.1    0.1   227    4.2    0.1    0.4    0.00   982.82     0    8.2    0.0   -995   -995   -995   -995   -995    -995    -995    -995
 KIN2   133   465     85    6.6    0.4    0.4   216    3.7    0.1    0.5    0.00   982.78     0    8.4    0.0   20.0   18.2   19.1   21.7   23.0    -995    -995    -995
 KIN2   133   470     84    6.5    0.3    0.3   210    1.9    0.1    0.5    0.00   982.73     0    8.5    0.0   -995   -995   -995   -995   -995    -995    -995    -995
 KIN2   133   475     84    6.5    0.4    0.4   196    8.0    0.1    0.5    0.00   982.69     0    8.3    0.0   -995   -995   -995   -995   -995    -995    -995    -995
 KIN2   133   480     86    7.1    0.4    0.4   205   14.2    0.1    0.5    0.00   982.69     0    8.2    0.0   20.0   18.1   19.0   21.7   23.0    3.11    2.43    3.70
 KIN2   133   485     88    7.4    0.5    0.5   202    3.9    0.0    0.6    0.00   982.66     0    8.8    0.0   -995   -995   -995   -995   -995    -995    -995    -995
 KIN2   133   490     89    7.2    0.5    0.5   200    0.0    0.1    0.6    0.00   982.64     0    8.6    0.0   -995   -995   -995   -995   -995    -995    -995    -995
 KIN2   133   495     90    7.3    0.5    0.5   201    2.4    0.0    0.6    0.00   982.61     0    8.8    0.0   19.9   17.9   18.9   21.6   23.0    -995    -995    -995
 KIN2   133   500     90    7.0    0.4    0.4   215    2.9    0.1    0.5    0.00   982.58     0    8.9    0.0   -995   -995   -995   -995   -995    -995    -995    -995
 KIN2   133   505     91    7.2    0.1    0.1   204    1.8    0.1    0.4    0.00   982.57     0    8.8    0.0   -995   -995   -995   -995   -995    -995    -995    -995
 KIN2   133   510     91    6.9    0.1    0.1   201    0.0    0.1    0.2    0.00   982.55     0    8.7    0.0   19.8   17.8   18.8   21.5   22.9    3.12    2.43    3.71
 KIN2   133   515     92    6.9    0.0    0.0   201    0.0    0.0    0.2    0.00   982.45     0    8.8    0.0   -995   -995   -995   -995   -995    -995    -995    -995
 KIN2   133   520     92    6.5    0.0    0.0     0    0.0    0.0    0.0    0.00   982.41     0    8.4    0.0   -995   -995   -995   -995   -995    -995    -995    -995
 KIN2   133   525     92    6.1    0.0    0.0     0    0.0    0.0    0.0    0.00   982.39     0    8.0    0.0   19.8   17.6   18.8   21.5   22.9    -995    -995    -995
 KIN2   133   530     93    6.5    0.0    0.0     0    0.0    0.0    0.0    0.00   982.35     0    7.8    0.0   -995   -995   -995   -995   -995    -995    -995    -995
 KIN2   133   535     94    6.9    0.0    0.0     0    0.0    0.0    0.0    0.00   982.31     0    7.8    0.0   -995   -995   -995   -995   -995    -995    -995    -995
 KIN2   133   540     94    6.9    0.0    0.0     0    0.0    0.0    0.0    0.00   982.29     0    7.6    0.0   19.7   17.5   18.7   21.5   22.9    3.13    2.42    3.70
 KIN2   133   545     94    6.8    0.0    0.0     0    0.0    0.0    0.0    0.00   982.25     0    7.5    0.0   -995   -995   -995   -995   -995    -995    -995    -995
 KIN2   133   550     94    6.5    0.0    0.0     0    0.0    0.0    0.0    0.00   982.20     0    7.7    0.0   -995   -995   -995   -995   -995    -995    -995    -995
 KIN2   133   555     93    6.1    0.0    0.0     0    0.0    0.0    0.0    0.00   982.17     0    7.8    0.0   19.7   17.4   18.7   21.5   22.9    -995    -995    -995
 KIN2   133   560     94    6.5    0.0    0.0     0    0.0    0.0    0.0    0.00   982.19     0    7.8    0.0   -995   -995   -995   -995   -995    -995    -995    -995
 KIN2   133   565     95    6.8    0.0    0.0     0    0.0    0.0    0.0    0.00   982.23     0    8.1    0.0   -995   -995   -995   -995   -995    -995    -995    -995
 KIN2   133   570     95    6.8    0.2    0.2   184    1.1    0.2    0.7    0.00   982.23     0    8.1    0.0   19.6   17.2   18.6   21.4   22.9    3.12    2.43    3.70
 KIN2   133   575     95    6.8    0.5    0.5   185    6.7    0.1    0.8    0.00   982.24     0    8.1    0.0   -995   -995   -995   -995   -995    -995    -995    -995
 KIN2   133   580     94    7.2    0.8    0.8   168    2.4    0.1    0.9    0.00   982.21     0    8.3    0.0   -995   -995   -995   -995   -995    -995    -995    -995
 KIN2   133   585     93    7.5    0.5    0.5   171    4.0    0.1    0.7    0.00   982.20     0    8.7    0.0   19.6   17.1   18.6   21.4   22.9    -995    -995    -995
 KIN2   133   590     92    7.6    0.4    0.4   183    3.6    0.1    0.6    0.00   982.21     0    8.7    0.0   -995   -995   -995   -995   -995    -995    -995    -995
 KIN2   133   595     90    7.4    0.4    0.4   187    0.5    0.1    0.6    0.00   982.20     0    8.8    0.0   -995   -995   -995   -995   -995    -995    -995    -995
 KIN2   133   600     90    6.5    0.7    0.7   186    0.4    0.1    0.9    0.00   982.19     0    8.9    0.0   19.5   17.0   18.5   21.4   22.9    3.13    2.43    3.71
 KIN2   133   605     89    6.0    0.7    0.7   186    0.7    0.1    0.8    0.00   982.19     0    8.9    0.0   -995   -995   -995   -995   -995    -995    -995    -995
 KIN2   133   610     89    6.1    0.4    0.4   172    9.2    0.1    0.6    0.00   982.20     0    8.8    0.0   -995   -995   -995   -995   -995    -995    -995    -995
 KIN2   133   615     91    6.2    0.4    0.4   164    5.7    0.1    0.6    0.00   982.21     0    8.7    0.0   19.5   16.9   18.5   21.4   22.9    -995    -995    -995
 KIN2   133   620     92    6.7    0.2    0.2   154    5.3    0.1    0.4    0.00   982.20     0    8.6    0.0   -995   -995   -995   -995   -995    -995    -995    -995
 KIN2   133   625     92    6.8    0.2    0.2   144    0.4    0.1    0.3    0.00   982.13     0    8.5    0.0   -995   -995   -995   -995   -995    -995    -995    -995
 KIN2   133   630     92    6.7    0.0    0.0     0    0.0    0.0    0.0    0.00   982.08     0    8.2    0.0   19.4   16.8   18.4   21.3   22.9    3.13    2.43    3.70
 KIN2   133   635     92    6.7    0.0    0.0     0    0.0    0.0    0.0    0.00   982.06     0    7.9    0.0   -995   -995   -995   -995   -995    -995    -995    -995
 KIN2   133   640     91    6.4    0.0    0.0   144    0.0    0.1    0.2    0.00   982.04     0    8.0    0.0   -995   -995   -995   -995   -995    -995    -995    -995
 KIN2   133   645     92    6.1    0.0    0.0     0    0.0    0.0    0.0    0.00   982.06     0    7.7    0.0   19.4   16.6   18.4   21.3   22.9    -995    -995    -995
 KIN2   133   650     93    6.3    0.0    0.0     0    0.0    0.0    0.0    0.00   982.06     0    7.4    0.0   -995   -995   -995   -995   -995    -995    -995    -995
 KIN2   133   655     93    6.5    0.0    0.0     0    0.0    0.0    0.0    0.00   982.06     0    7.3    0.0   -995   -995   -995   -995   -995    -995    -995    -995
 KIN2   133   660     93    6.4    0.0    0.0     0    0.0    0.0    0.0    0.00   982.03     0    7.1    0.0   19.4   16.5   18.4   21.3   22.9    3.13    2.42    3.70
 KIN2   133   665     93    6.1    0.1    0.1   143    0.1    0.1    0.4    0.00   981.98     0    7.4    0.0   -995   -995   -995   -995   -995    -995    -995    -995
 KIN2   133   670     93    5.7    0.3    0.3   104   11.2    0.1    0.5    0.00   981.96     0    7.8    0.0   -995   -995   -995   -995   -995    -995    -995    -995
 KIN2   133   675     94    6.1    0.3    0.3   103    2.3    0.1    0.5    0.00   981.93     0    8.1    0.0   19.3   16.4   18.3   21.2   22.9    -995    -995    -995
 KIN2   133   680     94    6.3    0.2    0.2   104    0.1    0.0    0.2    0.00   981.94     0    8.1    0.0   -995   -995   -995   -995   -995    -995    -995    -995
 KIN2   133   685     94    6.2    0.2    0.2   104    0.0    0.0    0.3    0.00   981.98     0    7.8    0.0   -995   -995   -995   -995   -995    -995    -995    -995
 KIN2   133   690     94    6.2    0.1    0.1   104    0.1    0.1    0.2    0.00   982.01     0    7.8    0.0   19.3   16.3   18.3   21.2   22.9    3.13    2.43    3.70
 KIN2   133   695     94    6.3    0.1    0.1   145    0.2    0.1    0.4    0.00   982.00     0    7.8    0.0   -995   -995   -995   -995   -995    -995    -995    -995
 KIN2   133   700     95    6.1    0.0    0.0     0    0.0    0.0    0.0    0.00   982.03     0    7.5    0.0   -995   -995   -995   -995   -995    -995    -995    -995
 KIN2   133   705     95    6.4    0.0    0.0     0    0.0    0.0    0.0    0.00   982.02     0    7.6    0.0   19.2   16.2   18.2   21.2   22.9    -995    -995    -995
 KIN2   133   710     95    6.7    0.0    0.0   181    1.7    0.1    0.5    0.00   982.00     0    7.8    0.0   -995   -995   -995   -995   -995    -995    -995    -995
 KIN2   133   715     94    6.6    0.1    0.1   174    7.1    0.1    0.4    0.00   981.96     0    8.0    0.0   -995   -995   -995   -995   -995    -995    -995    -995
 KIN2   133   720     94    6.2    0.0    0.0   142    0.0    0.1    0.3    0.00   981.91     0    8.0    0.0   19.2   16.1   18.2   21.1   22.9    3.14    2.43    3.70
 KIN2   133   725     95    7.0    0.4    0.4   167    2.1    0.2    0.8    0.00   981.85     0    8.2    0.0   -995   -995   -995   -995   -995    -995    -995    -995
 KIN2   133   730     94    6.9    0.7    0.7   173    7.5    0.1    1.0    0.00   981.82     0    8.5    0.0   -995   -995   -995   -995   -995    -995    -995    -995
 KIN2   133   735     94    6.5    0.7    0.7   166    0.4    0.1    0.9    0.00   981.79     0    8.5    0.0   19.1   16.0   18.1   21.1   22.8    -995    -995    -995
 KIN2   133   740     93    6.0    0.7    0.7   168    3.4    0.0    0.8    0.00   981.80     1    8.5    0.0   -995   -995   -995   -995   -995    -995    -995    -995
 KIN2   133   745     94    7.0    0.7    0.7   175    2.8    0.0    0.8    0.00   981.77     2    8.5    0.0   -995   -995   -995   -995   -995    -995    -995    -995
 KIN2   133   750     92    5.5    0.8    0.8   162    2.8    0.1    0.9    0.00   981.72     4    8.4    0.0   19.1   15.9   18.1   21.1   22.8    3.14    2.43    3.71
 KIN2   133   755     91    5.2    0.9    0.9   160    1.6    0.0    1.0    0.00   981.69     6    8.4    0.0   -995   -995   -995   -995   -995    -995    -995    -995
 KIN2   133   760     91    5.7    1.1    1.1   175    5.3    0.1    1.2    0.00   981.64    10    8.4    0.0   -995   -995   -995   -995   -995    -995    -995    -995
 KIN2   133   765     92    7.1    1.1    1.1   182    0.1    0.1    1.2    0.00   981.64    18    8.5    0.0   19.1   15.8   18.1   21.1   22.8    -995    -995    -995
 KIN2   133   770     90    7.4    0.6    0.6   182    0.2    0.2    0.9    0.00   981.64    27    8.6    0.0   -995   -995   -995   -995   -995    -995    -995    -995
 KIN2   133   775     89    7.2    0.1    0.1   181    0.0    0.1    0.3    0.00   981.69    36    8.6    0.0   -995   -995   -995   -995   -995    -995    -995    -995
 KIN2   133   780     88    7.0    0.0    0.0     0    0.0    0.0    0.0    0.00   981.65    54    9.0    0.0   19.0   15.7   18.0   21.0   22.8    3.14    2.43    3.70
 KIN2   133   785     89    7.4    0.1    0.1   176    0.5    0.1    0.4    0.00   981.65    71    9.5    0.0   -995   -995   -995   -995   -995    -995    -995    -995
 KIN2   133   790     89    7.9    0.4    0.4   149    8.9    0.1    0.6    0.00   981.68    89    9.5    0.0   -995   -995   -995   -995   -995    -995    -995    -995
 KIN2   133   795     89    8.1    0.5    0.5   166   14.9    0.2    1.0    0.00   981.72   108    9.7    0.0   18.9   15.5   17.9   20.9   22.7    -995    -995    -995
 KIN2   133   800     87    8.7    0.6    0.6   180   12.3    0.2    1.1    0.00   981.77   126    9.4    0.0   -995   -995   -995   -995   -995    -995    -995    -995
 KIN2   133   805     86    9.0    0.6    0.6   175   12.9    0.2    1.1    0.00   981.81   142    9.6    0.0   -995   -995   -995   -995   -995    -995    -995    -995
 KIN2   133   810     83    9.4    0.6    0.6   156   11.4    0.2    1.2    0.00   981.85   158   10.3    0.0   18.8   15.4   17.8   20.8   22.6    3.14    2.42    3.71
 KIN2   133   815     77   10.1    0.3    0.3   181   22.6    0.2    0.7    0.00   981.90   173   10.7    0.0   -995   -995   -995   -995   -995    -995    -995    -995
 KIN2   133   820     76   10.4    0.4    0.3   162   16.7    0.2    0.8    0.00   981.89   189   11.1    0.0   -995   -995   -995   -995   -995    -995    -995    -995
 KIN2   133   825     74   10.7    0.5    0.5   175   12.5    0.2    0.9    0.00   981.87   205   11.4    0.0   18.7   15.3   17.8   20.7   22.6    -995    -995    -995
 KIN2   133   830     75   11.1    0.5    0.4   204   24.1    0.3    1.0    0.00   981.86   221   11.7    0.0   -995   -995   -995   -995   -995    -995    -995    -995
 KIN2   133   835     75   11.8    0.9    0.8   190   18.2    0.7    1.8    0.00   981.84   237   12.4    0.5   -995   -995   -995   -995   -995    -995    -995    -995
 KIN2   133   840     74   12.2    1.3    1.3   187    7.1    0.2    1.8    0.00   981.85   253   12.4    1.1   18.7   15.2   17.8   20.7   22.5    3.14    2.43    3.70
 KIN2   133   845     74   12.7    1.4    1.4   192    9.2    0.3    2.0    0.00   981.87   270   12.8    1.1   -995   -995   -995   -995   -995    -995    -995    -995
 KIN2   133   850     73   12.8    1.4    1.4   190    8.2    0.2    1.9    0.00   981.90   285   13.0    1.3   -995   -995   -995   -995   -995    -995    -995    -995
 KIN2   133   855     73   13.2    1.7    1.6   191   10.8    0.3    2.4    0.00   981.93   302   13.4    1.4   18.6   15.2   17.8   20.6   22.5    -995    -995    -995
 KIN2   133   860     72   13.9    1.3    1.2   176   23.5    0.5    2.5    0.00   981.95   320   13.9    1.1   -995   -995   -995   -995   -995    -995    -995    -995
 KIN2   133   865     70   14.5    1.3    1.3   166   17.4    0.3    2.1    0.00   981.94   337   14.7    0.8   -995   -995   -995   -995   -995    -995    -995    -995
 KIN2   133   870     67   15.1    2.0    1.9   182   11.6    0.6    3.5    0.00   981.94   354   15.2    1.6   18.6   15.2   17.9   20.6   22.5    3.13    2.42    3.71
 KIN2   133   875     65   15.5    3.3    3.3   188    6.9    0.3    4.1    0.00   981.90   370   15.5    2.9   -995   -995   -995   -995   -995    -995    -995    -995
 KIN2   133   880     65   15.9    3.3    3.3   179    9.1    0.6    4.8    0.00   981.78   386   15.8    2.9   -995   -995   -995   -995   -995    -995    -995    -995
 KIN2   133   885     63   16.5    3.8    3.7   182    6.5    0.6    5.2    0.00   981.73   402   16.4    3.3   18.6   15.2   18.0   20.6   22.5    -995    -995    -995
 KIN2   133   890     62   17.1    3.7    3.6   176   10.5    0.4    4.5    0.00   981.70   419   17.0    3.0   -995   -995   -995   -995   -995    -995    -995    -995
 KIN2   133   895     60   17.6    3.6    3.6   171    8.4    0.5    4.7    0.00   981.67   433   17.5    3.2   -995   -995   -995   -995   -995    -995    -995    -995
 KIN2   133   900     58   18.2    5.9    5.9   178    7.7    1.2    7.8    0.00   981.61   449   17.8    4.8   18.7   15.3   18.1   20.6   22.5    3.13    2.43    3.71
 KIN2   133   905     56   18.4    6.7    6.6   177    6.6    0.5    8.0    0.00   981.63   465   17.9    5.4   -995   -995   -995   -995   -995    -995    -995    -995
 KIN2   133   910     55   18.7    7.0    6.9   182    6.7    0.8    8.4    0.00   981.60   480   18.1    5.7   -995   -995   -995   -995   -995    -995    -995    -995
 KIN2   133   915     54   18.9    7.1    7.1   179    6.3    0.9    8.8    0.00   981.57   495   18.2    5.6   18.7   15.5   18.3   20.6   22.5    -995    -995    -995
 KIN2   133   920     53   19.2    7.6    7.6   185    4.7    0.7    8.9    0.00   981.56   511   18.4    6.2   -995   -995   -995   -995   -995    -995    -995    -995
 KIN2   133   925     52   19.4    7.6    7.5   181    6.0    1.0    9.6    0.00   981.62   524   18.6    6.0   -995   -995   -995   -995   -995    -995    -995    -995
 KIN2   133   930     51   19.8    7.3    7.2   178    8.2    0.8    8.9    0.00   981.63   539   19.0    5.8   18.8   15.7   18.4   20.6   22.5    3.13    2.43    3.70
 KIN2   133   935     50   20.0    7.8    7.7   180    6.7    0.8    9.4    0.00   981.60   551   19.1    6.3   -995   -995   -995   -995   -995    -995    -995    -995
 KIN2   133   940     49   20.2    7.9    7.9   181    7.6    0.9    9.7    0.00   981.51   566   19.1    6.4   -995   -995   -995   -995   -995    -995    -995    -995
 KIN2   133   945     48   20.3    8.5    8.4   176    6.8    1.0   10.4    0.00   981.47   577   19.4    6.9   18.9   15.9   18.6   20.6   22.6    -995    -995    -995
 KIN2   133   950     48   20.6    8.9    8.8   179    6.1    0.9   11.2    0.00   981.43   590   19.5    7.1   -995   -995   -995   -995   -995    -995    -995    -995
 KIN2   133   955     47   20.8    8.4    8.4   183    8.0    1.1   10.7    0.00   981.42   603   19.7    6.6   -995   -995   -995   -995   -995    -995    -995    -995
 KIN2   133   960     46   21.0    8.6    8.6   175    5.1    0.9   11.0    0.00   981.39   616   19.8    6.9   19.0   16.2   18.8   20.6   22.6    3.12    2.44    3.71
 KIN2   133   965     45   21.2    8.9    8.8   178    7.3    1.1   11.2    0.00   981.32   627   20.0    7.1   -995   -995   -995   -995   -995    -995    -995    -995
 KIN2   133   970     44   21.3    8.6    8.5   187    6.6    0.9   10.8    0.00   981.26   638   20.2    7.1   -995   -995   -995   -995   -995    -995    -995    -995
 KIN2   133   975     44   21.5    8.6    8.4   182    8.7    1.0   10.9    0.00   981.23   648   20.4    6.9   19.0   16.6   19.0   20.6   22.6    -995    -995    -995
 KIN2   133   980     43   21.8    8.3    8.2   186    7.8    1.3   11.8    0.00   981.19   661   20.7    6.7   -995   -995   -995   -995   -995    -995    -995    -995
 KIN2   133   985     41   21.9    9.2    9.1   186    8.5    1.1   13.3    0.00   981.12   669   20.6    7.5   -995   -995   -995   -995   -995    -995    -995    -995
 KIN2   133   990     41   21.8    9.2    9.2   182    5.7    1.1   11.9    0.00   981.07   679   20.6    7.4   19.1   17.0   19.1   20.7   22.6    3.12    2.45    3.71
 KIN2   133   995     41   22.1    9.0    8.9   178    6.6    1.0   11.8    0.00   981.02   687   20.9    7.3   -995   -995   -995   -995   -995    -995    -995    -995
 KIN2   133  1000     40   22.3    8.7    8.5   185   12.5    1.2   11.9    0.00   980.93   695   21.1    7.1   -995   -995   -995   -995   -995    -995    -995    -995
 KIN2   133  1005     41   22.6    7.9    7.8   184    8.1    1.2   10.8    0.00   980.88   704   21.3    6.4   19.2   17.5   19.3   20.7   22.7    -995    -995    -995
 KIN2   133  1010     39   22.5    8.7    8.6   193    6.7    1.2   11.5    0.00   980.79   711   21.0    7.1   -995   -995   -995   -995   -995    -995    -995    -995
 KIN2   133  1015     40   23.0    8.4    8.2   194   11.2    1.0   10.6    0.00   980.75   719   21.6    6.9   -995   -995   -995   -995   -995    -995    -995    -995
 KIN2   133  1020     39   22.7    8.9    8.8   191    8.4    1.1   11.4    0.00   980.67   730   21.1    7.2   19.3   17.9   19.5   20.7   22.7    3.12    2.45    3.71
 KIN2   133  1025     40   22.7    8.0    7.9   184    6.4    1.5   10.6    0.00   980.59   736   21.3    6.6   -995   -995   -995   -995   -995    -995    -995    -995
 KIN2   133  1030     40   22.7    7.8    7.8   176    6.4    1.2   10.3    0.00   980.52   741   21.4    6.3   -995   -995   -995   -995   -995    -995    -995    -995
 KIN2   133  1035     39   23.0    8.1    8.1   183    6.4    1.0    9.9    0.00   980.46   746   21.6    6.8   19.4   18.4   19.7   20.7   22.7    -995    -995    -995
 KIN2   133  1040     39   22.8    8.5    8.4   179    8.1    1.1   10.6    0.00   980.37   753   21.5    7.1   -995   -995   -995   -995   -995    -995    -995    -995
 KIN2   133  1045     39   23.2    8.4    8.2   183   10.6    1.2   11.2    0.00   980.33   758   21.9    6.8   -995   -995   -995   -995   -995    -995    -995    -995
 KIN2   133  1050     39   23.1    8.5    8.5   184    6.1    0.9   10.9    0.00   980.27   762   21.7    7.0   19.5   18.8   19.8   20.7   22.7    3.11    2.46    3.70
 KIN2   133  1055     38   23.2    8.4    8.4   184    5.8    1.2   10.8    0.00   980.20   764   21.7    6.9   -995   -995   -995   -995   -995    -995    -995    -995
 KIN2   133  1060     38   23.5    8.5    8.3   196   10.4    0.9   10.6    0.00   980.14   767   22.1    6.8   -995   -995   -995   -995   -995    -995    -995    -995
 KIN2   133  1065     36   23.6    7.9    7.8   194    8.2    1.0   10.1    0.00   980.09   773   22.1    6.5   19.6   19.3   20.0   20.7   22.7    -995    -995    -995
 KIN2   133  1070     37   23.8    8.0    8.0   187    6.0    1.1   10.9    0.00   979.99   777   22.3    6.7   -995   -995   -995   -995   -995    -995    -995    -995
 KIN2   133  1075     36   24.0    8.6    8.5   193    9.1    1.1   10.8    0.00   979.84   778   22.3    7.1   -995   -995   -995   -995   -995    -995    -995    -995
 KIN2   133  1080     37   23.7    8.3    8.2   192    9.3    1.0    9.8    0.00   979.74   778   22.2    6.9   19.7   19.7   20.1   20.7   22.7    3.11    2.48    3.70
 KIN2   133  1085     37   23.8    8.5    8.4   190    9.4    1.0   10.9    0.00   979.69   781   22.2    7.1   -995   -995   -995   -995   -995    -995    -995    -995
 KIN2   133  1090     38   23.8    7.9    7.7   186   12.6    1.3   11.2    0.00   979.58   780   22.4    6.5   -995   -995   -995   -995   -995    -995    -995    -995
 KIN2   133  1095     39   23.6    7.8    7.7   183    6.6    1.1   10.0    0.00   979.50   780   22.2    6.4   19.8   20.2   20.3   20.8   22.7    -995    -995    -995
 KIN2   133  1100     40   23.7    7.4    7.1   179   15.3    1.4   10.6    0.00   979.37   779   22.7    6.3   -995   -995   -995   -995   -995    -995    -995    -995
 KIN2   133  1105     39   24.3    7.2    7.1   180   10.9    1.4   10.3    0.00   979.30   781   23.0    6.0   -995   -995   -995   -995   -995    -995    -995    -995
 KIN2   133  1110     39   24.3    7.9    7.8   183    9.2    0.9   10.5    0.00   979.17   779   23.0    6.5   19.9   20.6   20.4   20.8   22.7    3.11    2.48    3.70
 KIN2   133  1115     40   24.5    7.3    7.1   181   11.5    1.2    9.6    0.00   979.04   777   23.3    6.1   -995   -995   -995   -995   -995    -995    -995    -995
 KIN2   133  1120     38   24.5    8.9    8.8   178    8.4    0.9   11.2    0.00   978.91   778   23.0    7.3   -995   -995   -995   -995   -995    -995    -995    -995
 KIN2   133  1125     38   24.3    8.4    8.4   168    6.4    1.1   10.4    0.00   978.83   776   22.9    6.9   20.0   21.1   20.6   20.8   22.6    -995    -995    -995
 KIN2   133  1130     38   24.5    8.2    7.9   178   16.3    0.9   10.0    0.00   978.68   771   23.3    6.6   -995   -995   -995   -995   -995    -995    -995    -995
 KIN2   133  1135     37   24.8    9.2    9.1   192    6.9    1.0   11.4    0.00   978.53   772   23.0    7.5   -995   -995   -995   -995   -995    -995    -995    -995
 KIN2   133  1140     37   24.3    7.7    7.6   176    8.8    1.0    9.7    0.00   978.44   767   23.0    6.4   20.1   21.5   20.7   20.8   22.6    3.10    2.50    3.70
 KIN2   133  1145     37   24.6    7.9    7.9   182    7.3    1.2   10.9    0.00   978.32   763   23.2    6.4   -995   -995   -995   -995   -995    -995    -995    -995
 KIN2   133  1150     37   24.8    7.7    7.5   181   12.2    1.1   10.1    0.00   978.24   758   23.4    6.3   -995   -995   -995   -995   -995    -995    -995    -995
 KIN2   133  1155     37   24.7    7.8    7.6   169   14.2    1.0   10.1    0.00   978.11   749   23.5    6.6   20.2   21.9   20.9   20.8   22.6    -995    -995    -995
 KIN2   133  1160     37   24.7    8.3    8.2   183    8.1    1.2   10.9    0.00   978.01   748   23.4    6.8   -995   -995   -995   -995   -995    -995    -995    -995
 KIN2   133  1165     36   24.8    8.6    8.5   190    7.5    0.9   10.6    0.00   977.89   741   23.3    7.0   -995   -995   -995   -995   -995    -995    -995    -995
 KIN2   133  1170     36   24.9    8.7    8.6   182    6.7    1.0   10.4    0.00   977.82   737   23.4    7.0   20.3   22.3   21.0   20.8   22.6    3.11    2.51    3.70
 KIN2   133  1175     36   24.8    8.6    8.6   189    7.4    1.1   11.2    0.00   977.70   729   23.4    6.9   -995   -995   -995   -995   -995    -995    -995    -995
 KIN2   133  1180     36   24.9    7.6    7.6   173    7.2    1.2   10.2    0.00   977.60   721   23.5    6.1   -995   -995   -995   -995   -995    -995    -995    -995
 KIN2   133  1185     36   25.0    8.6    8.5   183   10.1    1.3   11.0    0.00   977.45   716   23.8    7.2   20.4   22.6   21.1   20.9   22.6    -995    -995    -995
 KIN2   133  1190     36   24.9    8.5    8.5   178    5.1    0.9   11.1    0.00   977.39   708   23.6    7.0   -995   -995   -995   -995   -995    -995    -995    -995
 KIN2   133  1195     37   25.1    7.6    7.5   182    8.3    1.3   10.4    0.00   977.26   697   23.8    6.2   -995   -995   -995   -995   -995    -995    -995    -995
 KIN2   133  1200     36   25.1    8.2    8.1   172    7.9    1.0   10.9    0.00   977.20   687   23.8    6.7   20.5   23.0   21.1   20.9   22.6    3.10    2.51    3.70
 KIN2   133  1205     36   25.1    7.9    7.7   175    9.8    1.1   10.5    0.00   977.13   677   24.0    6.5   -995   -995   -995   -995   -995    -995    -995    -995
 KIN2   133  1210     36   25.0    7.9    7.8   177    7.4    1.0   10.1    0.00   977.11   669   23.8    6.5   -995   -995   -995   -995   -995    -995    -995    -995
 KIN2   133  1215     37   24.9    8.2    8.2   182    7.6    1.5   12.1    0.00   977.03   658   23.8    6.8   20.5   23.3   21.2   20.9   22.6    -995    -995    -995
 KIN2   133  1220     36   25.2    8.5    8.5   183    5.5    1.2   10.7    0.00   976.92   650   23.9    7.1   -995   -995   -995   -995   -995    -995    -995    -995
 KIN2   133  1225     36   25.5    7.8    7.6   187    9.4    1.3   10.2    0.00   976.83   638   24.1    6.2   -995   -995   -995   -995   -995    -995    -995    -995
 KIN2   133  1230     37   25.0    7.9    7.8   176   11.5    1.2   11.0    0.00   976.78   623   23.8    6.5   20.6   23.6   21.3   21.0   22.6    3.11    2.53    3.70
 KIN2   133  1235     37   25.2    7.6    7.5   168    9.5    1.5   10.6    0.00   976.72   615   24.3    6.3   -995   -995   -995   -995   -995    -995    -995    -995
 KIN2   133  1240     36   25.3    8.9    8.8   171    6.8    1.1   11.3    0.00   976.68   600   24.2    7.1   -995   -995   -995   -995   -995    -995    -995    -995
 KIN2   133  1245     36   25.4    8.4    8.4   169    7.2    1.3   10.4    0.00   976.69   589   24.4    6.7   20.7   23.8   21.4   21.0   22.6    -995    -995    -995
 KIN2   133  1250     36   25.1    8.3    8.2   173    8.9    0.9   10.6    0.00   976.62   577   24.0    6.6   -995   -995   -995   -995   -995    -995    -995    -995
 KIN2   133  1255     36   25.1    8.5    8.4   161   10.1    1.1   11.4    0.00   976.53   563   24.1    6.7   -995   -995   -995   -995   -995    -995    -995    -995
 KIN2   133  1260     36   25.1    9.4    9.2   175    8.4    1.3   11.8    0.00   976.45   552   24.0    7.4   20.8   24.1   21.4   21.0   22.6    3.11    2.53    3.71
 KIN2   133  1265     35   25.1    8.8    8.7   170    9.3    0.8   10.8    0.00   976.31   540   24.2    7.1   -995   -995   -995   -995   -995    -995    -995    -995
 KIN2   133  1270     35   25.1    9.6    9.6   183    7.3    0.9   11.6    0.00   976.18   525   24.0    7.7   -995   -995   -995   -995   -995    -995    -995    -995
 KIN2   133  1275     34   25.0    9.6    9.5   174    9.7    1.3   12.7    0.00   976.11   510   24.2    7.9   20.8   24.3   21.5   21.1   22.6    -995    -995    -995
 KIN2   133  1280     34   25.1    8.2    8.1   174    9.0    1.0   10.1    0.00   976.08   497   24.3    6.7   -995   -995   -995   -995   -995    -995    -995    -995
 KIN2   133  1285     35   25.0    8.4    8.4   166    6.0    1.0   10.7    0.00   976.04   483   24.3    6.8   -995   -995   -995   -995   -995    -995    -995    -995
 KIN2   133  1290     35   24.9    8.3    8.2   160    8.6    1.3   11.2    0.00   976.01   467   24.2    6.6   20.9   24.4   21.5   21.1   22.6    3.12    2.55    3.71
 KIN2   133  1295     36   25.0    8.9    8.9   161    7.4    1.2   11.7    0.00   975.98   451   24.3    6.9   -995   -995   -995   -995   -995    -995    -995    -995
 KIN2   133  1300     36   24.9    8.2    8.1   163    8.3    1.3   10.5    0.00   975.93   437   24.4    6.6   -995   -995   -995   -995   -995    -995    -995    -995
 KIN2   133  1305     36   25.0    8.1    7.9   168   10.3    1.8   12.3    0.00   975.88   421   24.4    6.4   20.9   24.5   21.5   21.1   22.6    -995    -995    -995
 KIN2   133  1310     36   24.9    8.5    8.4   169    8.6    1.1   11.3    0.00   975.84   405   24.3    6.8   -995   -995   -995   -995   -995    -995    -995    -995
 KIN2   133  1315     35   24.9    9.5    9.4   170    8.1    1.1   11.8    0.00   975.75   390   24.3    7.5   -995   -995   -995   -995   -995    -995    -995    -995
 KIN2   133  1320     35   24.8    9.0    9.0   176    6.3    1.1   11.8    0.00   975.70   376   24.2    7.3   21.0   24.6   21.5   21.2   22.6    3.13    2.55    3.70
 KIN2   133  1325     36   24.7    8.9    8.8   168    7.5    1.0   11.6    0.00   975.61   360   24.2    7.1   -995   -995   -995   -995   -995    -995    -995    -995
 KIN2   133  1330     36   24.9    7.9    7.8   173    8.3    0.9   10.0    0.00   975.61   342   24.4    6.3   -995   -995   -995   -995   -995    -995    -995    -995
 KIN2   133  1335     36   24.7    8.0    7.9   171   10.3    0.9   10.3    0.00   975.58   326   24.2    6.3   21.0   24.6   21.5   21.2   22.6    -995    -995    -995
 KIN2   133  1340     37   24.6    8.3    8.2   167    7.6    0.9   10.9    0.00   975.53   310   24.2    6.4   -995   -995   -995   -995   -995    -995    -995    -995
 KIN2   133  1345     38   24.3    8.1    8.0   158    7.4    1.2   10.6    0.00   975.46   292   24.0    6.3   -995   -995   -995   -995   -995    -995    -995    -995
 KIN2   133  1350     37   24.3    7.5    7.5   164    8.1    0.8    9.2    0.00   975.38   275   24.1    6.0   21.0   24.6   21.4   21.2   22.6    3.13    2.55    3.71
 KIN2   133  1355     37   24.2    8.4    8.3   158    6.9    1.2   11.4    0.00   975.32   256   24.0    6.5   -995   -995   -995   -995   -995    -995    -995    -995
 KIN2   133  1360     37   24.0    8.8    8.7   158    9.2    1.3   12.9    0.00   975.27   238   23.9    7.0   -995   -995   -995   -995   -995    -995    -995    -995
 KIN2   133  1365     36   24.0    8.4    8.3   171    6.6    1.2   11.0    0.00   975.20   221   23.9    6.6   21.0   24.6   21.4   21.2   22.6    -995    -995    -995
 KIN2   133  1370     36   23.9    7.7    7.6   163    8.6    0.9   10.3    0.00   975.20   207   23.9    5.9   -995   -995   -995   -995   -995    -995    -995    -995
 KIN2   133  1375     36   23.8    8.5    8.4   169    6.4    1.2   10.8    0.00   975.25   190   23.8    6.7   -995   -995   -995   -995   -995    -995    -995    -995
 KIN2   133  1380     36   23.8    7.7    7.7   168    6.3    1.0   10.3    0.00   975.24   174   23.8    5.9   21.1   24.5   21.4   21.3   22.7    3.14    2.56    3.71
 KIN2   133  1385     36   23.6    8.6    8.6   170    6.8    1.2   11.0    0.00   975.19   158   23.7    6.9   -995   -995   -995   -995   -995    -995    -995    -995
 KIN2   133  1390     35   23.5    8.3    8.3   166    6.2    0.9   10.3    0.00   975.20   143   23.6    6.3   -995   -995   -995   -995   -995    -995    -995    -995
 KIN2   133  1395     36   23.3    7.6    7.6   169    6.3    0.9    9.4    0.00   975.24   127   23.5    5.9   21.1   24.4   21.4   21.3   22.7    -995    -995    -995
 KIN2   133  1400     37   23.2    6.3    6.3   168    8.1    0.9    8.0    0.00   975.28   112   23.5    4.8   -995   -995   -995   -995   -995    -995    -995    -995
 KIN2   133  1405     38   23.0    6.4    6.3   165    6.0    0.9    8.6    0.00   975.31    94   23.3    4.8   -995   -995   -995   -995   -995    -995    -995    -995
 KIN2   133  1410     38   22.8    6.6    6.5   162    6.8    1.0    9.1    0.00   975.23    68   23.2    5.1   21.1   24.3   21.3   21.4   22.7    3.15    2.56    3.71
 KIN2   133  1415     38   22.5    6.6    6.5   163    7.2    0.7    9.2    0.00   975.27    42   23.0    5.0   -995   -995   -995   -995   -995    -995    -995    -995
 KIN2   133  1420     38   22.3    6.2    6.2   163    5.7    0.7    7.8    0.00   975.28    23   22.9    4.8   -995   -995   -995   -995   -995    -995    -995    -995
 KIN2   133  1425     39   22.0    6.3    6.2   162    6.1    0.6    7.5    0.00   975.33    19   22.7    4.7   21.1   24.1   21.3   21.4   22.7    -995    -995    -995
 KIN2   133  1430     39   21.8    6.1    6.1   160    5.1    0.6    7.4    0.00   975.33    15   22.5    4.3   -995   -995   -995   -995   -995    -995    -995    -995
 KIN2   133  1435     39   21.7    6.2    6.2   165    5.9    0.8    8.3    0.00   975.35    11   22.4    4.6   -995   -995   -995   -995   -995    -995    -995    -995
</pre>