<pre>  101 ! (c) 2019 Oklahoma Climatological Survey and the Oklahoma Mesonet - all rights reserved
  21 2019 01 09 00 00 00
 STID  STNM  TIME   RELH   TAIR   WSPD   WVEC  WDIR   WDSD   WSSD   WMAX    RAIN     PRES  SRAD   TA9M   WS2M   TS10   TB10   TS05   TS25   TS60    TR05    TR25    TR60
 KIN2   133     0     53    7.3    1.9    1.8     7    8.8    0.2    2.5    0.00   992.37     0    8.1    1.1    8.4    8.6    8.4    8.3    9.0    1.44    1.54    1.42
 KIN2   133     5     53    7.2    1.9    1.9     9    7.2    0.2    2.5    0.00   992.36     0    8.1    1.0   -995   -995   -995   -995   -995    -995    -995    -995
 KIN2   133    10     53    7.1    1.6    1.5    15    9.0    0.2    2.2    0.00   992.42     0    7.9    0.5   -995   -995   -995   -995   -995    -995    -995    -995
 KIN2   133    15     53    7.0    1.6    1.5    12    8.0    0.3    2.3    0.00   992.47     0    7.8    0.6    8.3    8.4    8.2    8.2    8.9    -995    -995    -995
 KIN2   133    20     53    6.9    1.5    1.5     5    9.8    0.3    2.2    0.00   992.46     0    7.6    0.8   -995   -995   -995   -995   -995    -995    -995    -995
 KIN2   133    25     54    6.5    1.7    1.7    21    8.7    0.2    2.4    0.00   992.47     0    7.4    0.7   -995   -995   -995   -995   -995    -995    -995    -995
 KIN2   133    30     56    6.4    1.5    1.5    32    6.8    0.2    2.0    0.00   992.49     0    7.2    0.2    8.3    8.2    8.1    8.2    8.9    1.44    1.54    1.43
 KIN2   133    35     55    6.3    1.5    1.5    27    7.2    0.2    1.9    0.00   992.55     0    7.2    0.3   -995   -995   -995   -995   -995    -995    -995    -995
 KIN2   133    40     56    6.2    1.7    1.7    24    5.9    0.2    2.4    0.00   992.61     0    7.1    0.2   -995   -995   -995   -995   -995    -995    -995    -995
 KIN2   133    45     57    6.0    1.8    1.8    22    5.0    0.2    2.3    0.00   992.65     0    7.2    0.5    8.2    8.0    8.0    8.2    8.9    -995    -995    -995
 KIN2   133    50     57    6.0    1.5    1.5    23    4.9    0.1    1.9    0.00   992.75     0    7.0    0.1   -995   -995   -995   -995   -995    -995    -995    -995
 KIN2   133    55     57    5.9    1.4    1.4    30    4.9    0.2    1.8    0.00   992.76     0    7.0    0.0   -995   -995   -995   -995   -995    -995    -995    -995
 KIN2   133    60     58    5.8    0.9    0.9    29    5.6    0.2    1.3    0.00   992.84     0    6.9    0.0    8.1    7.8    7.8    8.2    8.8    1.44    1.55    1.42
 KIN2   133    65     58    5.7    0.6    0.6    24    6.3    0.1    1.0    0.00   992.95     0    6.7    0.0   -995   -995   -995   -995   -995    -995    -995    -995
 KIN2   133    70     58    5.8    0.9    0.9     9    2.7    0.2    1.2    0.00   993.03     0    6.7    0.0   -995   -995   -995   -995   -995    -995    -995    -995
 KIN2   133    75     58    5.7    1.1    1.1     7    4.8    0.2    1.6    0.00   993.02     0    6.7    0.0    8.1    7.7    7.7    8.2    8.8    -995    -995    -995
 KIN2   133    80     58    5.3    1.5    1.5     6    4.7    0.2    1.9    0.00   993.04     0    6.4    0.2   -995   -995   -995   -995   -995    -995    -995    -995
 KIN2   133    85     58    5.3    1.3    1.3   356    7.5    0.2    1.8    0.00   993.11     0    6.3    0.0   -995   -995   -995   -995   -995    -995    -995    -995
 KIN2   133    90     60    4.9    1.2    1.2   353    8.1    0.2    1.8    0.00   993.21     0    6.2    0.0    8.0    7.5    7.6    8.1    8.8    1.44    1.55    1.43
 KIN2   133    95     61    4.8    1.1    1.1   346   10.2    0.2    1.7    0.00   993.27     0    6.0    0.0   -995   -995   -995   -995   -995    -995    -995    -995
 KIN2   133   100     63    4.4    1.1    1.1   338    7.9    0.2    1.6    0.00   993.31     0    6.0    0.4   -995   -995   -995   -995   -995    -995    -995    -995
 KIN2   133   105     65    4.5    1.1    1.1   335    3.5    0.2    1.4    0.00   993.43     0    5.8    0.0    7.9    7.4    7.5    8.1    8.8    -995    -995    -995
 KIN2   133   110     66    4.6    1.4    1.4   336    5.9    0.2    1.9    0.00   993.48     0    5.6    0.0   -995   -995   -995   -995   -995    -995    -995    -995
 KIN2   133   115     66    4.3    1.4    1.4   349    9.7    0.2    1.9    0.00   993.52     0    5.6    0.0   -995   -995   -995   -995   -995    -995    -995    -995
 KIN2   133   120     67    4.4    1.2    1.2   343    5.6    0.1    1.6    0.00   993.62     0    5.7    0.0    7.8    7.2    7.4    8.1    8.8    1.44    1.54    1.42
 KIN2   133   125     67    4.1    1.2    1.1   346    6.7    0.1    1.5    0.00   993.65     0    5.7    0.0   -995   -995   -995   -995   -995    -995    -995    -995
 KIN2   133   130     72    2.8    0.8    0.8   356    6.8    0.2    1.2    0.00   993.69     0    5.5    0.0   -995   -995   -995   -995   -995    -995    -995    -995
 KIN2   133   135     82    2.3    0.4    0.4   356   13.6    0.1    0.7    0.00   993.68     0    5.2    0.1    7.8    7.0    7.3    8.1    8.8    -995    -995    -995
 KIN2   133   140     77    3.1    0.4    0.4   339    5.8    0.1    0.7    0.00   993.75     0    5.1    0.2   -995   -995   -995   -995   -995    -995    -995    -995
 KIN2   133   145     73    3.7    0.1    0.1   340    5.1    0.2    0.8    0.00   993.77     0    4.8    0.0   -995   -995   -995   -995   -995    -995    -995    -995
 KIN2   133   150     70    4.0    0.6    0.6   331    9.0    0.1    0.9    0.00   993.84     0    4.9    0.0    7.7    6.9    7.2    8.1    8.8    1.43    1.55    1.42
 KIN2   133   155     68    4.1    0.8    0.8   332   10.0    0.2    1.1    0.00   993.91     0    5.1    0.0   -995   -995   -995   -995   -995    -995    -995    -995
 KIN2   133   160     67    4.2    0.8    0.8   344    4.6    0.2    1.2    0.00   993.96     0    5.1    0.0   -995   -995   -995   -995   -995    -995    -995    -995
 KIN2   133   165     66    4.2    0.7    0.7   338    8.9    0.2    1.4    0.00   994.05     0    5.1    0.0    7.6    6.7    7.1    8.1    8.7    -995    -995    -995
 KIN2   133   170     66    4.1    1.0    1.0   337   11.1    0.2    1.6    0.00   994.09     0    5.3    0.0   -995   -995   -995   -995   -995    -995    -995    -995
 KIN2   133   175     69    2.7    0.7    0.7   332    9.4    0.1    1.1    0.00   994.19     0    5.2    0.0   -995   -995   -995   -995   -995    -995    -995    -995
 KIN2   133   180     77    1.6    0.8    0.8   326    7.5    0.2    1.5    0.00   994.25     0    5.0    0.0    7.6    6.6    7.0    8.1    8.7    1.43    1.54    1.42
 KIN2   133   185     80    1.4    0.9    0.9   336    8.9    0.1    1.3    0.00   994.30     0    5.1    0.0   -995   -995   -995   -995   -995    -995    -995    -995
 KIN2   133   190     81    2.3    0.9    0.9   331    7.7    0.2    1.3    0.00   994.40     0    4.9    0.0   -995   -995   -995   -995   -995    -995    -995    -995
 KIN2   133   195     71    3.6    1.4    1.4   340    6.8    0.2    1.9    0.00   994.45     0    4.9    0.1    7.5    6.5    6.9    8.1    8.7    -995    -995    -995
 KIN2   133   200     69    3.5    1.3    1.3   342    7.0    0.3    1.9    0.00   994.53     0    4.7    0.1   -995   -995   -995   -995   -995    -995    -995    -995
 KIN2   133   205     70    3.0    0.7    0.7   318   13.7    0.2    1.1    0.00   994.60     0    4.5    0.3   -995   -995   -995   -995   -995    -995    -995    -995
 KIN2   133   210     75    2.5    0.6    0.5   290   14.2    0.1    1.0    0.00   994.63     0    4.5    0.0    7.4    6.3    6.8    8.1    8.7    1.43    1.54    1.43
 KIN2   133   215     75    1.2    0.6    0.6   307   10.9    0.1    1.1    0.00   994.65     0    4.5    0.0   -995   -995   -995   -995   -995    -995    -995    -995
 KIN2   133   220     79    0.5    0.7    0.7   335   16.0    0.2    1.3    0.00   994.64     0    4.3    0.0   -995   -995   -995   -995   -995    -995    -995    -995
 KIN2   133   225     82    0.9    1.0    1.0   353   13.8    0.3    1.8    0.00   994.67     0    4.4    0.0    7.4    6.2    6.7    8.0    8.7    -995    -995    -995
 KIN2   133   230     83    1.3    1.2    1.2   354    8.6    0.2    2.0    0.00   994.74     0    4.3    0.0   -995   -995   -995   -995   -995    -995    -995    -995
 KIN2   133   235     80    2.5    1.1    1.1   348    8.1    0.3    2.0    0.00   994.83     0    4.2    0.0   -995   -995   -995   -995   -995    -995    -995    -995
 KIN2   133   240     76    2.0    0.9    0.9   350    9.6    0.2    1.5    0.00   994.88     0    3.9    0.0    7.3    6.1    6.7    8.0    8.7    1.42    1.54    1.42
 KIN2   133   245     78    1.7    1.1    1.0   354   14.2    0.3    2.1    0.00   994.96     0    3.7    0.0   -995   -995   -995   -995   -995    -995    -995    -995
 KIN2   133   250     77    2.2    1.2    1.2   350   14.9    0.3    1.8    0.00   995.00     0    3.6    0.0   -995   -995   -995   -995   -995    -995    -995    -995
 KIN2   133   255     73    2.7    1.8    1.8   357   11.9    0.3    3.0    0.00   995.02     0    3.8    0.6    7.3    5.9    6.6    8.0    8.7    -995    -995    -995
 KIN2   133   260     70    2.7    2.6    2.5   355    9.6    0.3    3.2    0.00   995.00     0    3.9    1.5   -995   -995   -995   -995   -995    -995    -995    -995
 KIN2   133   265     69    2.8    2.4    2.4   352    7.7    0.3    2.9    0.00   995.07     0    3.9    1.5   -995   -995   -995   -995   -995    -995    -995    -995
 KIN2   133   270     69    3.0    1.6    1.6   358    8.2    0.2    2.3    0.00   995.16     0    3.8    0.9    7.2    5.8    6.5    8.0    8.7    1.43    1.54    1.42
 KIN2   133   275     67    3.0    1.5    1.4     0   11.2    0.3    2.1    0.00   995.21     0    3.8    0.4   -995   -995   -995   -995   -995    -995    -995    -995
 KIN2   133   280     66    3.0    1.6    1.6   358   11.4    0.3    2.5    0.00   995.29     0    3.9    0.6   -995   -995   -995   -995   -995    -995    -995    -995
 KIN2   133   285     66    2.9    1.9    1.8   358   10.5    0.3    2.8    0.00   995.34     0    3.8    0.9    7.1    5.7    6.4    7.9    8.6    -995    -995    -995
 KIN2   133   290     67    2.6    1.8    1.8     0   10.8    0.2    2.5    0.00   995.33     0    3.6    1.0   -995   -995   -995   -995   -995    -995    -995    -995
 KIN2   133   295     68    2.4    1.8    1.8     9    6.3    0.2    2.4    0.00   995.34     0    3.4    1.0   -995   -995   -995   -995   -995    -995    -995    -995
 KIN2   133   300     70    2.3    1.7    1.6     3   12.1    0.2    2.2    0.00   995.34     0    3.2    0.8    7.1    5.6    6.3    7.9    8.6    1.42    1.54    1.42
 KIN2   133   305     70    2.2    1.3    1.3   354    6.5    0.2    1.8    0.00   995.36     0    3.2    0.2   -995   -995   -995   -995   -995    -995    -995    -995
 KIN2   133   310     71    2.1    0.8    0.8   336   12.4    0.2    1.3    0.00   995.39     0    3.2    0.0   -995   -995   -995   -995   -995    -995    -995    -995
 KIN2   133   315     69    2.4    1.4    1.4   330    9.7    0.2    2.0    0.00   995.39     0    3.2    0.2    7.0    5.5    6.3    7.9    8.7    -995    -995    -995
 KIN2   133   320     68    2.4    1.0    1.0   338    9.2    0.2    1.6    0.00   995.42     0    3.2    0.0   -995   -995   -995   -995   -995    -995    -995    -995
 KIN2   133   325     69    1.9    0.7    0.6   329   15.0    0.1    1.1    0.00   995.41     0    3.1    0.0   -995   -995   -995   -995   -995    -995    -995    -995
 KIN2   133   330     75    0.9    0.7    0.7   335   14.6    0.2    1.4    0.00   995.42     0    3.1    0.0    7.0    5.4    6.2    7.9    8.7    1.43    1.55    1.43
 KIN2   133   335     77    0.8    0.4    0.4   340   18.9    0.2    1.0    0.00   995.45     0    3.0    0.0   -995   -995   -995   -995   -995    -995    -995    -995
 KIN2   133   340     82    0.7    0.3    0.3   322    7.4    0.1    0.7    0.00   995.50     0    2.9    0.0   -995   -995   -995   -995   -995    -995    -995    -995
 KIN2   133   345     76    1.9    0.6    0.6   318    5.7    0.2    1.0    0.00   995.51     0    2.8    0.0    6.9    5.3    6.2    7.9    8.7    -995    -995    -995
 KIN2   133   350     73    1.8    0.8    0.8   332    9.5    0.1    1.1    0.00   995.54     0    2.9    0.0   -995   -995   -995   -995   -995    -995    -995    -995
 KIN2   133   355     73    1.3    0.5    0.5   337    7.2    0.1    0.7    0.00   995.52     0    2.7    0.0   -995   -995   -995   -995   -995    -995    -995    -995
 KIN2   133   360     74    1.1    0.5    0.5   354   10.9    0.2    1.0    0.00   995.53     0    2.6    0.0    6.9    5.2    6.1    7.9    8.7    1.42    1.54    1.43
 KIN2   133   365     78    0.5    1.0    1.0   356   11.2    0.3    1.7    0.00   995.50     0    2.6    0.0   -995   -995   -995   -995   -995    -995    -995    -995
 KIN2   133   370     82    0.6    1.4    1.4   349   16.6    0.3    2.0    0.00   995.47     0    2.7    0.0   -995   -995   -995   -995   -995    -995    -995    -995
 KIN2   133   375     75    1.2    1.4    1.4   347    8.2    0.3    2.2    0.00   995.46     0    2.8    0.0    6.9    5.1    6.1    7.9    8.7    -995    -995    -995
 KIN2   133   380     71    1.4    1.4    1.4   349    9.8    0.2    1.9    0.00   995.45     0    2.7    0.0   -995   -995   -995   -995   -995    -995    -995    -995
 KIN2   133   385     70    1.5    1.6    1.6   347    7.7    0.2    2.0    0.00   995.46     0    2.7    0.1   -995   -995   -995   -995   -995    -995    -995    -995
 KIN2   133   390     70    1.5    1.5    1.5   347    7.4    0.2    2.2    0.00   995.49     0    2.7    0.0    6.8    5.0    6.0    7.9    8.7    1.42    1.55    1.42
 KIN2   133   395     70    1.4    1.3    1.3   346    7.9    0.2    1.8    0.00   995.51     0    2.7    0.0   -995   -995   -995   -995   -995    -995    -995    -995
 KIN2   133   400     69    1.5    1.2    1.2   345    9.0    0.2    1.9    0.00   995.48     0    2.6    0.0   -995   -995   -995   -995   -995    -995    -995    -995
 KIN2   133   405     68    1.7    1.4    1.3   340   11.0    0.3    2.3    0.00   995.46     0    2.6    0.0    6.7    4.9    5.9    7.8    8.7    -995    -995    -995
 KIN2   133   410     67    1.7    1.0    1.0   341   10.7    0.4    2.5    0.00   995.46     0    2.7    0.1   -995   -995   -995   -995   -995    -995    -995    -995
 KIN2   133   415     66    1.6    0.9    0.9   345   11.2    0.3    1.9    0.00   995.49     0    2.5    0.1   -995   -995   -995   -995   -995    -995    -995    -995
 KIN2   133   420     67    1.2    0.4    0.4   329   15.4    0.2    0.8    0.00   995.57     0    2.3    0.0    6.7    4.8    5.8    7.8    8.7    1.43    1.54    1.43
 KIN2   133   425     70    0.9    0.7    0.6   321   21.9    0.3    1.5    0.00   995.59     0    2.2    0.0   -995   -995   -995   -995   -995    -995    -995    -995
 KIN2   133   430     71    1.0    0.8    0.8   320    9.9    0.2    1.1    0.00   995.57     0    2.3    0.0   -995   -995   -995   -995   -995    -995    -995    -995
 KIN2   133   435     73    0.4    0.9    0.9   315    5.1    0.1    1.3    0.00   995.58     0    2.2    0.0    6.6    4.8    5.8    7.8    8.7    -995    -995    -995
 KIN2   133   440     75   -0.1    0.8    0.7   308   12.5    0.2    1.2    0.00   995.61     0    2.2    0.1   -995   -995   -995   -995   -995    -995    -995    -995
 KIN2   133   445     81   -0.4    0.9    0.9   309    8.8    0.1    1.3    0.00   995.61     0    2.1    0.1   -995   -995   -995   -995   -995    -995    -995    -995
 KIN2   133   450     77    0.2    1.2    1.2   324    5.1    0.1    1.4    0.00   995.57     0    2.2    0.0    6.6    4.7    5.8    7.8    8.7    1.42    1.54    1.42
 KIN2   133   455     76    0.2    1.2    1.2   325    5.8    0.2    1.7    0.00   995.61     0    2.1    0.0   -995   -995   -995   -995   -995    -995    -995    -995
 KIN2   133   460     74    0.6    1.3    1.3   326    6.7    0.2    1.8    0.00   995.64     0    2.0    0.0   -995   -995   -995   -995   -995    -995    -995    -995
 KIN2   133   465     73    0.6    1.6    1.6   330    4.8    0.2    2.1    0.00   995.69     0    1.9    0.0    6.5    4.6    5.7    7.8    8.7    -995    -995    -995
 KIN2   133   470     72    0.4    1.4    1.4   330    7.7    0.2    1.8    0.00   995.70     0    1.9    0.0   -995   -995   -995   -995   -995    -995    -995    -995
 KIN2   133   475     77   -1.0    1.1    1.1   336   13.5    0.2    1.6    0.00   995.72     0    1.7    0.0   -995   -995   -995   -995   -995    -995    -995    -995
 KIN2   133   480     81   -0.3    0.7    0.7   344    6.7    0.1    1.0    0.00   995.74     0    1.4    0.0    6.5    4.6    5.6    7.7    8.7    1.42    1.55    1.42
 KIN2   133   485     79    0.2    0.6    0.6   330   11.2    0.1    0.9    0.00   995.75     0    1.2    0.0   -995   -995   -995   -995   -995    -995    -995    -995
 KIN2   133   490     77    0.2    0.6    0.6   301    9.8    0.1    0.8    0.00   995.82     0    1.2    0.0   -995   -995   -995   -995   -995    -995    -995    -995
 KIN2   133   495     78   -1.3    0.6    0.6   297    9.6    0.1    0.9    0.00   995.91     0    1.3    0.2    6.4    4.5    5.6    7.7    8.7    -995    -995    -995
 KIN2   133   500     83   -0.9    0.4    0.4   287    5.2    0.1    0.6    0.00   995.99     0    1.2    0.0   -995   -995   -995   -995   -995    -995    -995    -995
 KIN2   133   505     82   -1.0    0.7    0.7   267   15.1    0.2    1.1    0.00   996.04     0    1.0    0.7   -995   -995   -995   -995   -995    -995    -995    -995
 KIN2   133   510     84   -1.2    1.1    1.1   235    4.2    0.2    1.4    0.00   996.05     0    1.0    1.0    6.4    4.4    5.5    7.7    8.7    1.42    1.55    1.43
 KIN2   133   515     85   -1.3    1.2    1.2   244    4.0    0.2    1.4    0.00   996.07     0    1.0    0.7   -995   -995   -995   -995   -995    -995    -995    -995
 KIN2   133   520     87   -2.0    1.0    1.0   245    1.7    0.1    1.2    0.00   996.10     0    0.3    0.0   -995   -995   -995   -995   -995    -995    -995    -995
 KIN2   133   525     90   -1.9    1.0    1.0   247    4.0    0.1    1.2    0.00   996.11     0    0.4    0.0    6.3    4.4    5.5    7.7    8.7    -995    -995    -995
 KIN2   133   530     90   -1.5    1.1    1.1   268    6.2    0.1    1.3    0.00   996.08     0    0.7    0.0   -995   -995   -995   -995   -995    -995    -995    -995
 KIN2   133   535     89   -1.7    1.3    1.3   279    3.9    0.1    1.5    0.00   996.12     0    0.9    0.0   -995   -995   -995   -995   -995    -995    -995    -995
 KIN2   133   540     89   -1.6    1.2    1.1   278    4.6    0.2    1.5    0.00   996.08     0    0.4    0.0    6.3    4.3    5.4    7.7    8.7    1.42    1.54    1.42
 KIN2   133   545     89   -1.6    1.3    1.3   258    8.5    0.1    1.5    0.00   996.11     0    0.1    0.3   -995   -995   -995   -995   -995    -995    -995    -995
 KIN2   133   550     89   -2.3    1.0    1.0   247    3.0    0.1    1.3    0.00   996.13     0   -0.4    0.5   -995   -995   -995   -995   -995    -995    -995    -995
 KIN2   133   555     91   -2.4    1.2    1.2   249    5.7    0.1    1.5    0.00   996.11     0   -0.7    0.1    6.3    4.2    5.4    7.6    8.7    -995    -995    -995
 KIN2   133   560     93   -1.8    1.2    1.2   261    5.2    0.2    1.5    0.00   996.07     0   -1.0    0.0   -995   -995   -995   -995   -995    -995    -995    -995
 KIN2   133   565     92   -2.1    0.7    0.7   249    5.3    0.1    1.0    0.00   996.04     0   -1.2    0.0   -995   -995   -995   -995   -995    -995    -995    -995
 KIN2   133   570     92   -2.4    1.0    1.0   252    1.1    0.1    1.2    0.00   996.00     0   -1.2    0.0    6.2    4.2    5.3    7.6    8.7    1.42    1.54    1.43
 KIN2   133   575     93   -2.4    1.1    1.1   254    3.0    0.1    1.2    0.00   995.99     0   -1.1    0.0   -995   -995   -995   -995   -995    -995    -995    -995
 KIN2   133   580     94   -2.5    0.8    0.8   259    2.1    0.1    1.0    0.00   995.98     0   -1.0    0.0   -995   -995   -995   -995   -995    -995    -995    -995
 KIN2   133   585     94   -2.5    0.7    0.7   251    2.1    0.0    0.8    0.00   995.97     0   -0.9    0.1    6.2    4.1    5.2    7.6    8.7    -995    -995    -995
 KIN2   133   590     94   -2.4    0.7    0.7   247    4.5    0.0    0.8    0.00   995.94     0   -1.0    0.1   -995   -995   -995   -995   -995    -995    -995    -995
 KIN2   133   595     94   -2.2    0.7    0.7   240    0.7    0.1    0.8    0.00   995.92     0   -1.2    0.0   -995   -995   -995   -995   -995    -995    -995    -995
 KIN2   133   600     94   -2.3    0.6    0.6   242    0.4    0.2    0.8    0.00   995.85     0   -1.2    0.0    6.1    4.1    5.2    7.6    8.7    1.42    1.55    1.43
 KIN2   133   605     93   -2.6    0.3    0.3   238    0.5    0.2    0.6    0.00   995.81     0   -1.5    0.0   -995   -995   -995   -995   -995    -995    -995    -995
 KIN2   133   610     94   -2.5    0.4    0.4   238    0.1    0.1    0.7    0.00   995.78     0   -1.5    0.0   -995   -995   -995   -995   -995    -995    -995    -995
 KIN2   133   615     94   -2.5    0.6    0.6   238    0.5    0.1    0.7    0.00   995.71     0   -1.3    0.0    6.1    4.0    5.1    7.5    8.7    -995    -995    -995
 KIN2   133   620     94   -2.5    0.2    0.2   241    0.6    0.2    0.6    0.00   995.70     0   -1.1    0.0   -995   -995   -995   -995   -995    -995    -995    -995
 KIN2   133   625     95   -2.5    0.1    0.1     3    1.7    0.1    0.4    0.00   995.69     0   -1.3    0.0   -995   -995   -995   -995   -995    -995    -995    -995
 KIN2   133   630     95   -2.3    0.0    0.0     3   81.0    0.1    0.3    0.00   995.66     0   -1.4    0.0    6.0    4.0    5.1    7.5    8.7    1.42    1.54    1.42
 KIN2   133   635     95   -2.2    0.0    0.0     0    0.0    0.0    0.0    0.00   995.68     0   -1.6    0.0   -995   -995   -995   -995   -995    -995    -995    -995
 KIN2   133   640     95   -2.2    0.0    0.0     0    0.0    0.0    0.0    0.00   995.66     0   -1.5    0.0   -995   -995   -995   -995   -995    -995    -995    -995
 KIN2   133   645     95   -2.4    0.0    0.0     0    0.0    0.0    0.0    0.00   995.65     0   -1.6    0.0    6.0    3.9    5.0    7.5    8.6    -995    -995    -995
 KIN2   133   650     95   -2.5    0.1    0.1     3    0.1    0.1    0.3    0.00   995.69     0   -1.5    0.0   -995   -995   -995   -995   -995    -995    -995    -995
 KIN2   133   655     94   -2.9    0.6    0.6   201   13.6    0.2    1.0    0.00   995.75     0   -1.2    0.3   -995   -995   -995   -995   -995    -995    -995    -995
 KIN2   133   660     95   -2.9    1.2    1.2   212    7.3    0.1    1.3    0.00   995.69     0   -1.3    0.4    5.9    3.8    5.0    7.5    8.6    1.42    1.54    1.42
 KIN2   133   665     95   -2.9    1.1    1.1   232    2.6    0.1    1.3    0.00   995.64     0   -1.1    0.0   -995   -995   -995   -995   -995    -995    -995    -995
 KIN2   133   670     95   -2.9    0.8    0.8   235    6.8    0.1    0.9    0.00   995.63     0   -1.5    0.0   -995   -995   -995   -995   -995    -995    -995    -995
 KIN2   133   675     95   -2.9    0.8    0.8   256    4.0    0.2    0.9    0.00   995.53     0   -1.2    0.0    5.9    3.8    4.9    7.4    8.6    -995    -995    -995
 KIN2   133   680     95   -3.2    0.5    0.5   237   12.1    0.2    0.8    0.00   995.50     0   -1.4    0.0   -995   -995   -995   -995   -995    -995    -995    -995
 KIN2   133   685     95   -2.9    0.7    0.7   232    7.8    0.2    1.0    0.00   995.55     0   -1.3    0.0   -995   -995   -995   -995   -995    -995    -995    -995
 KIN2   133   690     95   -2.8    0.8    0.8   239    5.6    0.1    1.0    0.00   995.55     0   -1.2    0.0    5.9    3.7    4.9    7.4    8.6    1.42    1.55    1.43
 KIN2   133   695     95   -2.9    0.9    0.9   214   10.4    0.2    1.1    0.00   995.63     0   -1.4    0.3   -995   -995   -995   -995   -995    -995    -995    -995
 KIN2   133   700     94   -2.9    1.1    1.1   244    4.8    0.2    1.3    0.00   995.60     0   -1.3    0.6   -995   -995   -995   -995   -995    -995    -995    -995
 KIN2   133   705     94   -3.0    0.6    0.6   231    7.2    0.2    1.0    0.00   995.66     0   -1.6    0.0    5.8    3.7    4.8    7.4    8.6    -995    -995    -995
 KIN2   133   710     93   -3.5    0.7    0.7   206    3.0    0.2    1.0    0.00   995.66     0   -2.0    0.0   -995   -995   -995   -995   -995    -995    -995    -995
 KIN2   133   715     94   -3.4    1.2    1.2   214    6.2    0.1    1.4    0.00   995.73     0   -2.1    0.2   -995   -995   -995   -995   -995    -995    -995    -995
 KIN2   133   720     95   -3.1    1.5    1.5   227    3.1    0.2    1.9    0.00   995.76     0   -1.5    0.9    5.8    3.6    4.8    7.4    8.6    1.43    1.55    1.43
 KIN2   133   725     94   -3.1    1.9    1.9   231    3.1    0.1    2.0    0.00   995.72     0   -1.5    1.0   -995   -995   -995   -995   -995    -995    -995    -995
 KIN2   133   730     94   -3.5    1.8    1.8   226    1.7    0.2    2.1    0.00   995.76     0   -1.5    0.7   -995   -995   -995   -995   -995    -995    -995    -995
 KIN2   133   735     94   -3.3    1.4    1.4   225    2.5    0.1    1.6    0.00   995.83     0   -1.9    0.0    5.7    3.5    4.7    7.3    8.6    -995    -995    -995
 KIN2   133   740     94   -3.4    1.5    1.5   221    2.3    0.1    1.7    0.00   995.81     0   -2.1    0.5   -995   -995   -995   -995   -995    -995    -995    -995
 KIN2   133   745     94   -3.4    1.7    1.7   211    2.9    0.1    2.0    0.00   995.90     0   -2.3    0.7   -995   -995   -995   -995   -995    -995    -995    -995
 KIN2   133   750     94   -3.2    2.1    2.1   230    5.8    0.1    2.5    0.00   995.92     0   -2.0    1.0    5.7    3.5    4.7    7.3    8.6    1.42    1.54    1.43
 KIN2   133   755     94   -2.9    2.1    2.1   242    4.7    0.2    2.5    0.00   995.83     0   -2.0    1.0   -995   -995   -995   -995   -995    -995    -995    -995
 KIN2   133   760     93   -2.7    2.1    2.1   242    3.5    0.1    2.4    0.00   995.90     0   -2.0    1.0   -995   -995   -995   -995   -995    -995    -995    -995
 KIN2   133   765     92   -2.7    2.1    2.1   242    4.3    0.2    2.4    0.00   995.86     0   -2.0    1.0    5.6    3.4    4.6    7.3    8.6    -995    -995    -995
 KIN2   133   770     91   -3.0    2.2    2.2   235    5.8    0.2    2.6    0.00   995.93     0   -2.0    1.0   -995   -995   -995   -995   -995    -995    -995    -995
 KIN2   133   775     92   -3.3    1.7    1.7   226    4.7    0.2    2.0    0.00   996.05     0   -2.2    0.8   -995   -995   -995   -995   -995    -995    -995    -995
 KIN2   133   780     93   -3.2    1.8    1.8   239    3.3    0.2    2.2    0.00   996.07     0   -2.1    0.7    5.6    3.4    4.5    7.2    8.6    1.42    1.55    1.42
 KIN2   133   785     93   -3.1    1.7    1.7   236    2.9    0.1    2.1    0.00   996.18     0   -2.0    0.3   -995   -995   -995   -995   -995    -995    -995    -995
 KIN2   133   790     93   -3.0    1.1    1.1   242    5.0    0.2    1.5    0.00   996.27     0   -2.1    0.0   -995   -995   -995   -995   -995    -995    -995    -995
 KIN2   133   795     92   -3.2    1.0    1.0   246    2.9    0.1    1.3    0.00   996.27     0   -2.1    0.0    5.6    3.3    4.5    7.2    8.6    -995    -995    -995
 KIN2   133   800     93   -3.2    1.0    1.0   239    5.2    0.1    1.2    0.00   996.34     0   -1.9    0.0   -995   -995   -995   -995   -995    -995    -995    -995
 KIN2   133   805     93   -3.2    1.1    1.1   229    1.4    0.1    1.3    0.00   996.36     0   -1.9    0.2   -995   -995   -995   -995   -995    -995    -995    -995
 KIN2   133   810     93   -3.3    0.3    0.3   210    7.9    0.3    0.8    0.00   996.43     1   -2.2    0.0    5.5    3.3    4.5    7.2    8.6    1.42    1.54    1.43
 KIN2   133   815     93   -3.3    0.0    0.0     0    0.0    0.0    0.0    0.00   996.37     2   -2.5    0.0   -995   -995   -995   -995   -995    -995    -995    -995
 KIN2   133   820     93   -3.3    0.0    0.0     0    0.0    0.0    0.0    0.00   996.43     4   -2.5    0.0   -995   -995   -995   -995   -995    -995    -995    -995
 KIN2   133   825     94   -3.3    0.0    0.0     0    0.0    0.0    0.0    0.00   996.53     6   -2.6    0.0    5.5    3.2    4.5    7.2    8.6    -995    -995    -995
 KIN2   133   830     94   -3.1    0.1    0.1   264    2.8    0.2    0.5    0.00   996.49     8   -2.6    0.0   -995   -995   -995   -995   -995    -995    -995    -995
 KIN2   133   835     95   -3.0    0.2    0.2   265    0.1    0.3    0.7    0.00   996.50    15   -2.0    0.0   -995   -995   -995   -995   -995    -995    -995    -995
 KIN2   133   840     95   -3.1    0.0    0.0   265    0.0    0.1    0.3    0.00   996.56    22   -1.7    0.0    5.5    3.2    4.4    7.2    8.6    1.42    1.55    1.42
 KIN2   133   845     94   -2.8    0.2    0.2   275    9.3    0.2    0.6    0.00   996.54    32   -1.6    0.0   -995   -995   -995   -995   -995    -995    -995    -995
 KIN2   133   850     93   -3.0    0.4    0.4    83   18.4    0.1    0.6    0.00   996.63    46   -1.4    0.0   -995   -995   -995   -995   -995    -995    -995    -995
 KIN2   133   855     92   -2.6    0.1    0.1   228   29.7    0.2    0.6    0.00   996.62    61   -1.2    0.0    5.4    3.1    4.3    7.1    8.5    -995    -995    -995
 KIN2   133   860     92   -2.3    0.2    0.2   247   16.8    0.2    0.7    0.00   996.64    78   -1.1    0.0   -995   -995   -995   -995   -995    -995    -995    -995
 KIN2   133   865     91   -2.3    0.3    0.2   218   36.1    0.2    0.8    0.00   996.73    97   -0.9    0.1   -995   -995   -995   -995   -995    -995    -995    -995
 KIN2   133   870     90   -2.0    0.3    0.3   236    6.0    0.3    0.8    0.00   996.82   116   -0.7    0.1    5.3    3.0    4.2    7.0    8.4    1.43    1.55    1.42
 KIN2   133   875     90   -1.7    0.0    0.0   224   81.0    0.1    0.3    0.00   996.92   136    0.2    0.0   -995   -995   -995   -995   -995    -995    -995    -995
 KIN2   133   880     87   -1.3    0.1    0.1   137   27.9    0.1    0.4    0.00   996.99   156    0.4    0.0   -995   -995   -995   -995   -995    -995    -995    -995
 KIN2   133   885     85   -1.2    0.2    0.2    93    9.5    0.2    0.5    0.00   997.06   178    0.6    0.0    5.2    2.9    4.1    6.9    8.4    -995    -995    -995
 KIN2   133   890     81   -0.8    0.6    0.6    37   12.6    0.2    1.2    0.00   997.05   192    0.5    0.0   -995   -995   -995   -995   -995    -995    -995    -995
 KIN2   133   895     79   -0.3    1.0    1.0    15   14.2    0.2    1.4    0.00   997.16   206    0.2    0.6   -995   -995   -995   -995   -995    -995    -995    -995
 KIN2   133   900     79    0.2    0.7    0.7   345   12.3    0.2    1.1    0.00   997.14   225    0.4    0.2    5.2    2.8    4.1    6.9    8.4    1.43    1.55    1.42
 KIN2   133   905     78    0.8    0.5    0.5   348   15.5    0.3    1.2    0.00   997.26   222    0.9    0.2   -995   -995   -995   -995   -995    -995    -995    -995
 KIN2   133   910     76    0.9    0.7    0.7   328   15.6    0.3    1.2    0.00   997.27   232    1.1    0.3   -995   -995   -995   -995   -995    -995    -995    -995
 KIN2   133   915     75    1.3    0.4    0.3     6   25.8    0.2    0.8    0.00   997.39   246    1.6    0.0    5.1    2.8    4.1    6.8    8.3    -995    -995    -995
 KIN2   133   920     76    1.5    0.2    0.2   261   33.1    0.2    0.8    0.00   997.41   260    2.2    0.1   -995   -995   -995   -995   -995    -995    -995    -995
 KIN2   133   925     74    1.9    0.4    0.3    27   30.2    0.2    0.9    0.00   997.52   273    2.6    0.0   -995   -995   -995   -995   -995    -995    -995    -995
 KIN2   133   930     73    1.9    0.4    0.4   206    9.9    0.2    0.8    0.00   997.59   286    2.5    0.1    5.1    2.7    4.1    6.8    8.3    1.43    1.56    1.43
 KIN2   133   935     75    1.9    0.4    0.3   240   36.9    0.2    0.8    0.00   997.64   299    2.5    0.1   -995   -995   -995   -995   -995    -995    -995    -995
 KIN2   133   940     75    2.4    0.4    0.3   189   40.7    0.2    0.8    0.00   997.73   312    2.9    0.2   -995   -995   -995   -995   -995    -995    -995    -995
 KIN2   133   945     75    2.2    0.3    0.3   191   16.2    0.3    0.8    0.00   997.75   325    3.2    0.0    5.1    2.7    4.2    6.8    8.3    -995    -995    -995
 KIN2   133   950     72    3.0    0.6    0.5   334   30.5    0.4    1.5    0.00   997.76   337    3.6    0.2   -995   -995   -995   -995   -995    -995    -995    -995
 KIN2   133   955     67    3.0    1.1    1.0   343   16.9    0.4    1.7    0.00   997.77   346    3.5    0.8   -995   -995   -995   -995   -995    -995    -995    -995
 KIN2   133   960     66    3.4    1.0    0.9   310   18.2    0.2    1.5    0.00   997.82   359    3.6    0.7    5.0    2.6    4.4    6.8    8.4    1.44    1.55    1.42
 KIN2   133   965     66    3.5    1.3    1.3   298   10.7    0.3    2.2    0.00   997.86   371    3.8    1.0   -995   -995   -995   -995   -995    -995    -995    -995
 KIN2   133   970     64    3.5    1.5    1.5   298   10.9    0.2    2.0    0.00   997.92   383    3.8    1.2   -995   -995   -995   -995   -995    -995    -995    -995
 KIN2   133   975     65    4.0    1.2    1.2   317   14.4    0.3    1.9    0.00   997.90   395    4.0    0.9    5.1    2.6    4.6    6.8    8.4    -995    -995    -995
 KIN2   133   980     64    4.5    1.2    1.1   297   12.0    0.3    1.8    0.00   997.93   406    4.4    0.7   -995   -995   -995   -995   -995    -995    -995    -995
 KIN2   133   985     62    4.5    1.0    1.0   279   11.7    0.3    1.7    0.00   998.00   418    4.4    0.7   -995   -995   -995   -995   -995    -995    -995    -995
 KIN2   133   990     62    5.0    0.6    0.5   319   23.0    0.2    1.0    0.00   998.04   428    4.9    0.3    5.1    2.6    4.8    6.8    8.4    1.44    1.55    1.43
 KIN2   133   995     62    5.2    1.6    1.4    19   28.8    0.5    2.8    0.00   997.99   439    4.8    1.3   -995   -995   -995   -995   -995    -995    -995    -995
 KIN2   133  1000     61    5.1    1.6    1.5    35   13.1    0.6    2.9    0.00   997.90   449    4.7    1.2   -995   -995   -995   -995   -995    -995    -995    -995
 KIN2   133  1005     60    5.2    2.3    2.3    25   13.0    0.3    3.2    0.00   997.89   458    4.8    2.0    5.1    2.7    5.0    6.9    8.5    -995    -995    -995
 KIN2   133  1010     58    5.6    1.6    1.5    11   19.7    0.4    2.8    0.00   997.81   467    5.1    1.3   -995   -995   -995   -995   -995    -995    -995    -995
 KIN2   133  1015     59    5.8    1.9    1.8    23   13.4    0.3    2.5    0.00   997.74   476    5.3    1.7   -995   -995   -995   -995   -995    -995    -995    -995
 KIN2   133  1020     56    5.8    2.1    2.0    24   13.0    0.5    3.3    0.00   997.67   485    5.3    1.8    5.2    2.9    5.3    6.9    8.5    1.46    1.56    1.42
 KIN2   133  1025     52    5.9    1.9    1.8    22   14.9    0.5    2.7    0.00   997.62   493    5.6    1.5   -995   -995   -995   -995   -995    -995    -995    -995
 KIN2   133  1030     53    6.1    1.3    1.2     4   15.4    0.3    1.8    0.00   997.57   501    5.9    1.0   -995   -995   -995   -995   -995    -995    -995    -995
 KIN2   133  1035     54    6.5    1.1    1.1    32   16.0    0.4    1.9    0.00   997.47   508    6.1    0.8    5.3    3.2    5.5    6.9    8.5    -995    -995    -995
 KIN2   133  1040     49    6.5    1.1    1.1    12   16.3    0.3    1.9    0.00   997.36   516    6.4    1.0   -995   -995   -995   -995   -995    -995    -995    -995
 KIN2   133  1045     45    6.8    1.1    1.0    14   22.0    0.5    2.0    0.00   997.20   523    6.7    0.8   -995   -995   -995   -995   -995    -995    -995    -995
 KIN2   133  1050     38    6.9    1.2    1.2    31   11.7    0.3    2.0    0.00   997.15   529    6.7    0.9    5.4    3.5    5.8    6.9    8.5    1.46    1.55    1.42
 KIN2   133  1055     43    7.0    1.7    1.6    76   15.1    0.3    2.2    0.00   997.02   535    6.8    1.2   -995   -995   -995   -995   -995    -995    -995    -995
 KIN2   133  1060     43    7.0    1.4    1.4    89    8.7    0.3    1.9    0.00   996.91   540    6.7    1.2   -995   -995   -995   -995   -995    -995    -995    -995
 KIN2   133  1065     41    7.4    0.8    0.7   120   17.4    0.2    1.1    0.00   996.82   545    7.4    0.3    5.5    3.9    6.0    6.9    8.5    -995    -995    -995
 KIN2   133  1070     42    7.6    1.0    0.9   135   22.8    0.3    1.5    0.00   996.67   550    7.7    0.9   -995   -995   -995   -995   -995    -995    -995    -995
 KIN2   133  1075     38    7.7    0.9    0.8   139   15.5    0.3    1.4    0.00   996.51   554    7.9    0.8   -995   -995   -995   -995   -995    -995    -995    -995
 KIN2   133  1080     38    7.7    0.8    0.8   146   23.3    0.2    1.3    0.00   996.31   558    8.1    0.7    5.6    4.3    6.3    6.9    8.6    1.45    1.55    1.42
 KIN2   133  1085     39    8.0    0.6    0.5   181   40.7    0.3    1.2    0.00   996.11   561    8.5    0.5   -995   -995   -995   -995   -995    -995    -995    -995
 KIN2   133  1090     36    8.1    0.9    0.8   182   29.9    0.2    1.4    0.00   995.80   564    8.4    0.5   -995   -995   -995   -995   -995    -995    -995    -995
 KIN2   133  1095     36    8.4    0.8    0.5   173   45.6    0.3    1.6    0.00   995.64   566    8.5    0.6    5.7    4.7    6.6    6.9    8.6    -995    -995    -995
 KIN2   133  1100     36    8.3    0.5    0.4    67   24.1    0.3    1.1    0.00   995.47   568    8.7    0.1   -995   -995   -995   -995   -995    -995    -995    -995
 KIN2   133  1105     36    8.5    0.6    0.4    94   42.7    0.3    1.2    0.00   995.36   570    9.4    0.3   -995   -995   -995   -995   -995    -995    -995    -995
 KIN2   133  1110     37    8.6    1.1    1.0    82   20.1    0.3    1.7    0.00   995.21   569    8.6    0.9    5.9    5.1    6.8    6.9    8.6    1.45    1.55    1.43
 KIN2   133  1115     38    8.3    0.5    0.3    22   40.8    0.4    1.3    0.00   995.09   556    8.7    0.4   -995   -995   -995   -995   -995    -995    -995    -995
 KIN2   133  1120     37    8.6    0.4    0.3   330   38.1    0.3    1.5    0.00   995.06   570    9.3    0.3   -995   -995   -995   -995   -995    -995    -995    -995
 KIN2   133  1125     37    9.2    1.7    1.7   205   17.3    0.4    2.5    0.00   995.00   573    9.2    1.6    6.0    5.5    7.1    6.9    8.6    -995    -995    -995
 KIN2   133  1130     33    8.9    0.9    0.8   220   20.7    0.3    1.4    0.00   994.93   572    9.2    0.6   -995   -995   -995   -995   -995    -995    -995    -995
 KIN2   133  1135     33    9.0    0.8    0.7   175   34.1    0.5    2.1    0.00   994.78   569    9.4    0.6   -995   -995   -995   -995   -995    -995    -995    -995
 KIN2   133  1140     34    9.2    1.1    1.1   125   15.5    0.6    2.4    0.00   994.60   571    9.3    1.0    6.2    5.9    7.3    6.9    8.6    1.45    1.55    1.43
 KIN2   133  1145     37    9.5    1.6    1.5   198   23.0    0.6    2.7    0.00   994.46   567    9.2    1.4   -995   -995   -995   -995   -995    -995    -995    -995
 KIN2   133  1150     38    9.6    2.0    1.9   157   15.2    0.5    3.0    0.00   994.43   560    9.2    1.9   -995   -995   -995   -995   -995    -995    -995    -995
 KIN2   133  1155     35    9.5    1.4    1.3   175   19.8    0.4    2.9    0.00   994.30   558    9.4    1.1    6.4    6.3    7.6    7.0    8.6    -995    -995    -995
 KIN2   133  1160     34    9.7    2.2    2.1   196   19.0    0.4    3.1    0.00   994.22   555    9.4    1.9   -995   -995   -995   -995   -995    -995    -995    -995
 KIN2   133  1165     33    9.6    2.1    2.1   186   10.1    0.5    2.8    0.00   994.13   555    9.4    2.0   -995   -995   -995   -995   -995    -995    -995    -995
 KIN2   133  1170     35    9.7    1.6    1.5   168   16.0    0.4    2.4    0.00   994.11   552    9.5    1.4    6.5    6.7    7.8    7.0    8.7    1.45    1.55    1.43
 KIN2   133  1175     33    9.8    1.9    1.8   164   15.1    0.6    3.2    0.00   994.10   547    9.7    1.6   -995   -995   -995   -995   -995    -995    -995    -995
 KIN2   133  1180     34    9.8    1.6    1.5   187   12.0    0.8    3.3    0.00   994.02   521    9.6    1.2   -995   -995   -995   -995   -995    -995    -995    -995
 KIN2   133  1185     34   10.0    1.9    1.9   172   10.5    0.5    2.8    0.00   993.91   536    9.8    1.6    6.7    7.1    7.9    7.0    8.7    -995    -995    -995
 KIN2   133  1190     35   10.3    2.2    2.1   135   15.1    0.4    3.0    0.00   993.71   532    9.8    2.0   -995   -995   -995   -995   -995    -995    -995    -995
 KIN2   133  1195     34   10.2    1.9    1.9   137   15.0    0.5    3.1    0.00   993.64   497    9.7    1.7   -995   -995   -995   -995   -995    -995    -995    -995
 KIN2   133  1200     32   10.0    1.4    1.4   156   10.5    0.8    2.8    0.00   993.63   475    9.9    1.2    6.8    7.4    8.1    7.1    8.7    1.45    1.56    1.42
 KIN2   133  1205     33   10.2    1.7    1.5   158   22.8    0.7    3.3    0.00   993.58   480   10.2    1.5   -995   -995   -995   -995   -995    -995    -995    -995
 KIN2   133  1210     33   10.4    1.0    1.0   132   17.9    0.3    1.7    0.00   993.57   472   10.2    0.7   -995   -995   -995   -995   -995    -995    -995    -995
 KIN2   133  1215     33   10.5    1.4    1.3   167   24.2    0.5    2.3    0.00   993.56   461   10.4    1.2    7.0    7.6    8.1    7.1    8.7    -995    -995    -995
 KIN2   133  1220     31   10.1    0.5    0.1    71   66.6    0.3    1.1    0.00   993.47   470   10.6    0.3   -995   -995   -995   -995   -995    -995    -995    -995
 KIN2   133  1225     33   10.6    1.3    1.1   161   27.7    0.6    2.6    0.00   993.36   505   10.8    1.0   -995   -995   -995   -995   -995    -995    -995    -995
 KIN2   133  1230     31   10.8    1.6    1.5   166   17.4    0.4    2.4    0.00   993.32   488   10.7    1.3    7.1    7.8    8.2    7.1    8.7    1.44    1.55    1.43
 KIN2   133  1235     30   10.5    1.0    0.9   220   18.7    0.4    1.7    0.00   993.32   450   10.8    0.7   -995   -995   -995   -995   -995    -995    -995    -995
 KIN2   133  1240     32   10.7    1.8    1.8   182   11.8    0.8    2.9    0.00   993.34   418   10.8    1.5   -995   -995   -995   -995   -995    -995    -995    -995
 KIN2   133  1245     32   10.8    1.1    1.1   164   21.1    0.3    1.9    0.00   993.25   428   10.9    0.9    7.2    8.1    8.3    7.1    8.6    -995    -995    -995
 KIN2   133  1250     30   11.0    0.5    0.4   154   38.6    0.3    1.1    0.00   993.22   431   11.2    0.4   -995   -995   -995   -995   -995    -995    -995    -995
 KIN2   133  1255     28   10.9    0.5    0.2   353   63.9    0.3    1.1    0.00   993.15   414   11.6    0.2   -995   -995   -995   -995   -995    -995    -995    -995
 KIN2   133  1260     29   11.1    0.7    0.4   122   48.8    0.3    1.2    0.00   993.13   397   11.4    0.3    7.3    8.3    8.4    7.1    8.6    1.44    1.55    1.42
 KIN2   133  1265     29   11.3    1.6    1.6   186   16.2    0.5    2.5    0.00   993.10   403   11.3    1.2   -995   -995   -995   -995   -995    -995    -995    -995
 KIN2   133  1270     31   11.2    1.9    1.8   170   16.0    0.3    2.4    0.00   993.11   397   11.2    1.7   -995   -995   -995   -995   -995    -995    -995    -995
 KIN2   133  1275     30   11.1    1.7    1.7   170   13.5    0.4    2.9    0.00   993.00   378   11.1    1.6    7.4    8.4    8.4    7.1    8.6    -995    -995    -995
 KIN2   133  1280     29   11.0    1.3    1.3   180   13.9    0.3    2.0    0.00   993.00   312   11.2    1.0   -995   -995   -995   -995   -995    -995    -995    -995
 KIN2   133  1285     28   11.1    0.6    0.5   198   21.5    0.2    1.4    0.00   992.91   341   11.7    0.2   -995   -995   -995   -995   -995    -995    -995    -995
 KIN2   133  1290     30   11.2    1.3    1.2   176   17.0    0.3    2.4    0.00   992.87   340   11.6    1.0    7.5    8.6    8.5    7.2    8.7    1.45    1.55    1.42
 KIN2   133  1295     30   11.2    1.5    1.4   171   14.8    0.7    2.8    0.00   992.83   307   11.3    1.3   -995   -995   -995   -995   -995    -995    -995    -995
 KIN2   133  1300     30   11.4    0.7    0.7   142   16.7    0.4    1.7    0.00   992.69   322   11.6    0.4   -995   -995   -995   -995   -995    -995    -995    -995
 KIN2   133  1305     30   11.4    1.1    1.0   150   22.0    0.3    1.8    0.00   992.66   348   11.6    0.9    7.6    8.8    8.5    7.2    8.7    -995    -995    -995
 KIN2   133  1310     29   11.3    1.1    1.0   108   28.5    0.4    1.7    0.00   992.61   326   11.3    0.8   -995   -995   -995   -995   -995    -995    -995    -995
 KIN2   133  1315     30   11.4    1.4    1.4   159   11.7    0.5    2.7    0.00   992.50   307   11.7    1.2   -995   -995   -995   -995   -995    -995    -995    -995
 KIN2   133  1320     30   11.4    1.3    1.2   134   12.3    0.3    1.7    0.00   992.40   284   11.4    1.1    7.6    8.9    8.5    7.2    8.7    1.44    1.55    1.42
 KIN2   133  1325     30   11.5    1.2    1.2   131   12.0    0.4    2.1    0.00   992.30   262   11.5    0.8   -995   -995   -995   -995   -995    -995    -995    -995
 KIN2   133  1330     32   11.2    1.7    1.6   113   11.8    0.3    2.3    0.00   992.29   247   11.2    1.5   -995   -995   -995   -995   -995    -995    -995    -995
 KIN2   133  1335     33   11.1    1.7    1.7   119   12.6    0.4    2.5    0.00   992.25   185   11.1    1.4    7.7    8.9    8.5    7.3    8.7    -995    -995    -995
 KIN2   133  1340     35   11.1    2.3    2.2   145   11.3    0.5    3.1    0.00   992.24   156   11.2    1.8   -995   -995   -995   -995   -995    -995    -995    -995
 KIN2   133  1345     37   10.6    1.9    1.8   145   12.6    0.3    2.4    0.00   992.20    99   11.0    1.4   -995   -995   -995   -995   -995    -995    -995    -995
 KIN2   133  1350     38   10.7    1.8    1.8   144    5.9    0.2    2.3    0.00   992.10   169   11.1    1.3    7.8    9.0    8.5    7.4    8.8    1.45    1.56    1.43
 KIN2   133  1355     35   10.9    1.9    1.8   130    9.7    0.3    2.3    0.00   992.05   174   11.1    1.5   -995   -995   -995   -995   -995    -995    -995    -995
 KIN2   133  1360     35   10.7    2.5    2.5   108   12.4    0.4    3.6    0.00   991.96   169   11.0    1.9   -995   -995   -995   -995   -995    -995    -995    -995
 KIN2   133  1365     35   10.6    2.3    2.3   114   11.5    0.4    3.1    0.00   991.89   139   10.9    1.9    7.8    9.0    8.4    7.4    8.8    -995    -995    -995
 KIN2   133  1370     36   10.4    2.7    2.7    98    7.6    0.4    3.5    0.00   991.86   113   10.9    2.2   -995   -995   -995   -995   -995    -995    -995    -995
 KIN2   133  1375     36   10.3    2.2    2.2    90    7.4    0.3    2.9    0.00   991.82    90   10.7    1.5   -995   -995   -995   -995   -995    -995    -995    -995
 KIN2   133  1380     38   10.0    2.5    2.5   112    6.7    0.5    3.5    0.00   991.81    59   10.7    1.8    7.9    8.9    8.4    7.5    8.8    1.45    1.55    1.43
 KIN2   133  1385     38    9.9    2.5    2.5   111    5.7    0.3    3.3    0.00   991.85    68   10.6    1.9   -995   -995   -995   -995   -995    -995    -995    -995
 KIN2   133  1390     40    9.6    2.2    2.1    99    8.4    0.3    2.7    0.00   991.83    39   10.4    1.6   -995   -995   -995   -995   -995    -995    -995    -995
 KIN2   133  1395     41    9.4    2.0    1.9    89    7.2    0.2    2.5    0.00   991.77    26   10.3    1.1    7.9    8.8    8.3    7.6    8.9    -995    -995    -995
 KIN2   133  1400     42    9.1    2.2    2.2    90    4.6    0.3    2.9    0.00   991.71    19   10.2    1.1   -995   -995   -995   -995   -995    -995    -995    -995
 KIN2   133  1405     44    9.0    2.0    1.9    92    4.8    0.2    2.4    0.00   991.65    14   10.1    0.9   -995   -995   -995   -995   -995    -995    -995    -995
 KIN2   133  1410     46    8.6    1.7    1.7    99    7.4    0.2    2.1    0.00   991.73     9    9.9    0.7    7.9    8.7    8.3    7.7    8.9    1.45    1.55    1.42
 KIN2   133  1415     45    8.4    1.6    1.6   106    5.5    0.1    2.0    0.00   991.74     4    9.8    0.9   -995   -995   -995   -995   -995    -995    -995    -995
 KIN2   133  1420     44    8.5    1.5    1.5   113    4.9    0.1    1.8    0.00   991.75     2    9.6    0.8   -995   -995   -995   -995   -995    -995    -995    -995
 KIN2   133  1425     51    7.7    1.1    1.1   126    8.4    0.2    1.5    0.00   991.85     1    9.6    0.0    7.9    8.6    8.2    7.7    9.0    -995    -995    -995
 KIN2   133  1430     53    7.4    1.3    1.3   121    6.9    0.2    1.8    0.00   991.79     1    9.4    0.0   -995   -995   -995   -995   -995    -995    -995    -995
 KIN2   133  1435     63    6.3    1.6    1.6   121    4.0    0.1    1.8    0.00   991.69     0    9.2    0.0   -995   -995   -995   -995   -995    -995    -995    -995
</pre>