<pre>  101 ! (c) 2019 Oklahoma Climatological Survey and the Oklahoma Mesonet - all rights reserved
  21 2019 03 26 00 00 00
 STID  STNM  TIME   RELH   TAIR   WSPD   WVEC  WDIR   WDSD   WSSD   WMAX    RAIN     PRES  SRAD   TA9M   WS2M   TS10   TB10   TS05   TS25   TS60    TR05    TR25    TR60
 KIN2   133     0     67   12.3    2.2    2.1    22   10.4    0.5    3.4    0.00   986.97   149   12.4    1.8   12.8   13.7   13.2   11.9   11.2    1.46    1.56    1.84
 KIN2   133     5     67   12.5    2.2    2.2    28   15.2    1.0    4.7    0.00   986.97   135   12.6    1.9   -995   -995   -995   -995   -995    -995    -995    -995
 KIN2   133    10     66   12.6    3.5    3.4    44   12.9    0.5    4.5    0.00   986.95   101   12.7    3.0   -995   -995   -995   -995   -995    -995    -995    -995
 KIN2   133    15     67   12.5    2.9    2.8    33   14.1    0.6    4.3    0.00   986.96    68   12.6    2.4   12.8   13.6   13.1   11.8   11.2    -995    -995    -995
 KIN2   133    20     68   12.4    3.3    3.2    30   11.1    0.8    5.5    0.00   986.99    38   12.5    3.0   -995   -995   -995   -995   -995    -995    -995    -995
 KIN2   133    25     70   12.2    3.8    3.7    26    9.1    0.6    5.2    0.00   986.97    36   12.3    3.3   -995   -995   -995   -995   -995    -995    -995    -995
 KIN2   133    30     70   11.9    3.7    3.7    25    7.6    0.6    5.5    0.00   986.95    31   12.1    3.1   12.8   13.6   13.0   11.9   11.2    1.46    1.57    1.85
 KIN2   133    35     71   11.8    3.7    3.7    25    7.3    0.5    5.0    0.00   986.94    24   12.0    3.2   -995   -995   -995   -995   -995    -995    -995    -995
 KIN2   133    40     71   11.7    3.5    3.5    25    7.3    0.5    4.6    0.00   986.90    14   12.0    2.8   -995   -995   -995   -995   -995    -995    -995    -995
 KIN2   133    45     70   11.6    2.8    2.8    28    9.6    0.4    3.6    0.00   986.87     8   11.9    2.2   12.8   13.5   13.0   11.9   11.2    -995    -995    -995
 KIN2   133    50     71   11.5    2.7    2.7    32    9.2    0.3    3.6    0.00   986.89     4   11.9    2.1   -995   -995   -995   -995   -995    -995    -995    -995
 KIN2   133    55     72   11.4    2.3    2.3    37    8.9    0.3    3.1    0.00   986.92     2   11.8    1.8   -995   -995   -995   -995   -995    -995    -995    -995
 KIN2   133    60     72   11.3    2.3    2.3    37    7.6    0.4    3.3    0.00   986.95     1   11.7    1.8   12.8   13.4   12.9   11.9   11.2    1.47    1.56    1.85
 KIN2   133    65     73   11.3    2.7    2.6    39   10.7    0.8    4.8    0.00   987.00     0   11.7    2.1   -995   -995   -995   -995   -995    -995    -995    -995
 KIN2   133    70     71   11.4    2.7    2.7    43    9.1    0.4    3.7    0.00   987.04     0   11.8    2.1   -995   -995   -995   -995   -995    -995    -995    -995
 KIN2   133    75     72   11.2    2.4    2.3    37    9.1    0.4    3.2    0.00   987.07     0   11.7    1.8   12.7   13.3   12.9   12.0   11.3    -995    -995    -995
 KIN2   133    80     72   11.1    2.2    2.2    37   10.1    0.5    3.5    0.00   987.10     0   11.5    1.6   -995   -995   -995   -995   -995    -995    -995    -995
 KIN2   133    85     73   10.9    2.0    2.0    36    9.3    0.2    2.8    0.00   987.17     0   11.5    1.5   -995   -995   -995   -995   -995    -995    -995    -995
 KIN2   133    90     74   10.8    2.1    2.1    39    7.4    0.3    2.7    0.00   987.17     0   11.3    1.5   12.7   13.2   12.8   12.0   11.3    1.46    1.56    1.84
 KIN2   133    95     74   10.7    2.0    2.0    37    7.2    0.3    3.0    0.00   987.21     0   11.2    1.3   -995   -995   -995   -995   -995    -995    -995    -995
 KIN2   133   100     74   10.6    1.8    1.8    43    8.3    0.3    2.4    0.00   987.27     0   11.2    1.0   -995   -995   -995   -995   -995    -995    -995    -995
 KIN2   133   105     75   10.5    1.5    1.5    35    8.3    0.2    2.1    0.00   987.32     0   11.1    0.6   12.7   13.0   12.7   12.0   11.3    -995    -995    -995
 KIN2   133   110     75   10.3    1.0    1.0    13    7.4    0.1    1.3    0.00   987.40     0   11.0    0.1   -995   -995   -995   -995   -995    -995    -995    -995
 KIN2   133   115     77   10.1    1.2    1.2     7    5.6    0.1    1.5    0.00   987.50     0   10.8    0.5   -995   -995   -995   -995   -995    -995    -995    -995
 KIN2   133   120     78    9.9    1.2    1.2     1   11.2    0.2    1.5    0.00   987.58     0   10.5    0.1   12.6   12.9   12.6   12.0   11.3    1.46    1.56    1.85
 KIN2   133   125     79    9.5    1.2    1.2    12    5.0    0.2    1.6    0.00   987.66     0   10.3    0.0   -995   -995   -995   -995   -995    -995    -995    -995
 KIN2   133   130     81    9.1    1.0    1.0    23    7.4    0.1    1.2    0.00   987.76     0   10.2    0.0   -995   -995   -995   -995   -995    -995    -995    -995
 KIN2   133   135     83    8.7    0.9    0.9    35    6.2    0.1    1.2    0.00   987.85     0   10.1    0.0   12.6   12.7   12.5   12.0   11.2    -995    -995    -995
 KIN2   133   140     85    8.7    0.8    0.8    42    5.0    0.1    1.2    0.00   987.96     0    9.9    0.0   -995   -995   -995   -995   -995    -995    -995    -995
 KIN2   133   145     87    8.6    0.6    0.5    29   14.5    0.1    0.7    0.00   988.03     0    9.8    0.0   -995   -995   -995   -995   -995    -995    -995    -995
 KIN2   133   150     86    8.6    0.7    0.7   341   10.8    0.1    0.9    0.00   988.10     0    9.8    0.6   12.5   12.6   12.4   12.0   11.3    1.47    1.57    1.84
 KIN2   133   155     87    8.4    0.9    0.9   345    7.7    0.1    1.1    0.00   988.15     0   10.0    0.4   -995   -995   -995   -995   -995    -995    -995    -995
 KIN2   133   160     87    8.4    0.9    0.9   359    5.1    0.1    1.0    0.00   988.18     0    9.8    0.0   -995   -995   -995   -995   -995    -995    -995    -995
 KIN2   133   165     87    8.1    1.0    1.0   341   11.6    0.1    1.3    0.00   988.21     0    9.4    0.1   12.4   12.4   12.3   12.0   11.2    -995    -995    -995
 KIN2   133   170     88    8.1    1.3    1.3   335    8.8    0.1    1.5    0.00   988.32     0    9.2    0.2   -995   -995   -995   -995   -995    -995    -995    -995
 KIN2   133   175     88    7.6    1.1    1.0   359    4.7    0.1    1.3    0.00   988.40     0    9.1    0.0   -995   -995   -995   -995   -995    -995    -995    -995
 KIN2   133   180     90    7.6    1.2    1.2   351    5.3    0.2    1.5    0.00   988.49     0    9.0    0.0   12.4   12.3   12.1   12.0   11.2    1.47    1.56    1.85
 KIN2   133   185     91    7.7    1.2    1.2   345    4.5    0.1    1.5    0.00   988.47     0    9.0    0.0   -995   -995   -995   -995   -995    -995    -995    -995
 KIN2   133   190     90    7.5    1.0    1.0   346    4.9    0.2    1.4    0.00   988.50     0    8.9    0.0   -995   -995   -995   -995   -995    -995    -995    -995
 KIN2   133   195     91    6.7    0.8    0.8   316   13.5    0.2    1.1    0.00   988.59     0    8.6    0.3   12.3   12.1   12.0   11.9   11.2    -995    -995    -995
 KIN2   133   200     92    7.1    1.2    1.2   307    7.6    0.2    1.4    0.00   988.72     0    8.6    0.7   -995   -995   -995   -995   -995    -995    -995    -995
 KIN2   133   205     92    6.6    1.4    1.4   307    4.4    0.1    1.7    0.00   988.85     0    8.6    1.0   -995   -995   -995   -995   -995    -995    -995    -995
 KIN2   133   210     93    6.7    1.4    1.4   309    4.7    0.1    1.6    0.00   988.88     0    8.2    0.8   12.2   11.9   11.9   11.9   11.2    1.46    1.56    1.85
 KIN2   133   215     93    6.9    1.3    1.3   312    4.6    0.1    1.4    0.00   988.93     0    8.1    0.4   -995   -995   -995   -995   -995    -995    -995    -995
 KIN2   133   220     93    6.4    1.0    1.0   314    5.5    0.1    1.2    0.00   988.98     0    8.0    0.0   -995   -995   -995   -995   -995    -995    -995    -995
 KIN2   133   225     92    5.6    0.9    0.9   301    4.2    0.1    1.1    0.00   989.00     0    7.9    0.0   12.1   11.8   11.8   11.9   11.2    -995    -995    -995
 KIN2   133   230     94    5.8    0.5    0.5   262   17.5    0.2    0.9    0.00   988.95     0    7.6    0.4   -995   -995   -995   -995   -995    -995    -995    -995
 KIN2   133   235     95    5.7    0.6    0.6   248    1.7    0.2    1.0    0.00   988.98     0    7.5    0.0   -995   -995   -995   -995   -995    -995    -995    -995
 KIN2   133   240     95    5.5    0.8    0.8   241    7.3    0.1    1.0    0.00   989.00     0    7.2    0.0   12.1   11.6   11.7   11.9   11.2    1.47    1.56    1.86
 KIN2   133   245     96    5.6    0.9    0.9   247    9.1    0.1    1.1    0.00   988.97     0    7.3    0.0   -995   -995   -995   -995   -995    -995    -995    -995
 KIN2   133   250     96    5.3    1.0    1.0   247    4.7    0.1    1.2    0.00   988.96     0    7.0    0.0   -995   -995   -995   -995   -995    -995    -995    -995
 KIN2   133   255     97    5.7    1.1    1.1   251    4.7    0.1    1.3    0.00   988.94     0    6.9    0.0   12.0   11.5   11.6   11.9   11.2    -995    -995    -995
 KIN2   133   260     97    5.6    1.0    1.0   263    2.8    0.1    1.3    0.00   988.98     0    6.8    0.0   -995   -995   -995   -995   -995    -995    -995    -995
 KIN2   133   265     97    5.5    1.2    1.2   259    4.2    0.1    1.4    0.00   988.97     0    6.8    0.0   -995   -995   -995   -995   -995    -995    -995    -995
 KIN2   133   270     97    5.5    1.1    1.1   256    5.9    0.1    1.3    0.00   989.00     0    6.7    0.0   11.9   11.4   11.5   11.9   11.2    1.46    1.56    1.85
 KIN2   133   275     97    5.7    1.4    1.4   264    5.8    0.2    1.8    0.00   989.09     0    6.6    0.2   -995   -995   -995   -995   -995    -995    -995    -995
 KIN2   133   280     96    5.1    1.7    1.7   269    5.3    0.2    2.1    0.00   989.14     0    6.5    0.4   -995   -995   -995   -995   -995    -995    -995    -995
 KIN2   133   285     97    5.3    1.9    1.9   277    3.8    0.2    2.4    0.00   989.14     0    6.4    1.1   11.9   11.2   11.4   11.9   11.1    -995    -995    -995
 KIN2   133   290     97    5.5    1.7    1.7   275    3.2    0.1    1.9    0.00   989.12     0    6.4    1.1   -995   -995   -995   -995   -995    -995    -995    -995
 KIN2   133   295     97    5.4    1.3    1.3   274    4.1    0.1    1.7    0.00   989.15     0    6.3    0.0   -995   -995   -995   -995   -995    -995    -995    -995
 KIN2   133   300     97    5.4    1.2    1.2   278    3.2    0.1    1.4    0.00   989.19     0    6.2    0.0   11.8   11.1   11.3   11.8   11.1    1.46    1.56    1.84
 KIN2   133   305     97    5.4    1.1    1.1   284    4.3    0.1    1.3    0.00   989.19     0    6.2    0.5   -995   -995   -995   -995   -995    -995    -995    -995
 KIN2   133   310     97    5.4    1.1    1.1   284    4.2    0.1    1.5    0.00   989.25     0    6.3    0.0   -995   -995   -995   -995   -995    -995    -995    -995
 KIN2   133   315     97    5.3    0.9    0.9   288    4.9    0.2    1.3    0.00   989.23     0    6.3    0.0   11.7   10.9   11.2   11.8   11.1    -995    -995    -995
 KIN2   133   320     97    5.0    0.6    0.6   310   10.8    0.1    0.8    0.00   989.21     0    6.2    0.0   -995   -995   -995   -995   -995    -995    -995    -995
 KIN2   133   325     97    5.1    0.5    0.5   328    7.4    0.1    0.8    0.00   989.25     0    6.2    0.0   -995   -995   -995   -995   -995    -995    -995    -995
 KIN2   133   330     97    5.0    0.6    0.6   337    5.5    0.1    1.0    0.00   989.26     0    6.3    0.0   11.7   10.8   11.2   11.8   11.1    1.46    1.55    1.85
 KIN2   133   335     97    4.9    0.6    0.6   345    5.1    0.1    0.8    0.00   989.22     0    6.3    0.0   -995   -995   -995   -995   -995    -995    -995    -995
 KIN2   133   340     97    4.7    0.5    0.5   346    7.1    0.1    0.8    0.00   989.20     0    6.3    0.0   -995   -995   -995   -995   -995    -995    -995    -995
 KIN2   133   345     97    4.4    0.0    0.0     4    0.0    0.1    0.3    0.00   989.17     0    6.0    0.0   11.6   10.7   11.1   11.8   11.1    -995    -995    -995
 KIN2   133   350     98    4.6    0.0    0.0   284    0.8    0.0    0.2    0.00   989.18     0    5.8    0.1   -995   -995   -995   -995   -995    -995    -995    -995
 KIN2   133   355     98    4.7    0.1    0.1   277    0.1    0.1    0.4    0.00   989.12     0    5.8    0.0   -995   -995   -995   -995   -995    -995    -995    -995
 KIN2   133   360     97    4.3    0.3    0.3   305   11.8    0.2    0.7    0.00   989.07     0    6.0    0.0   11.5   10.6   11.0   11.8   11.1    1.46    1.56    1.85
 KIN2   133   365     98    4.4    0.4    0.4   318    8.1    0.1    0.7    0.00   989.07     0    6.2    0.0   -995   -995   -995   -995   -995    -995    -995    -995
 KIN2   133   370     98    4.1    0.0    0.0   312    0.0    0.1    0.2    0.00   989.05     0    6.0    0.0   -995   -995   -995   -995   -995    -995    -995    -995
 KIN2   133   375     98    4.2    0.0    0.0   204    0.0    0.0    0.1    0.00   989.00     0    5.8    0.0   11.5   10.4   10.9   11.7   11.1    -995    -995    -995
 KIN2   133   380     98    4.0    0.0    0.0     0    0.0    0.0    0.0    0.00   988.94     0    5.8    0.0   -995   -995   -995   -995   -995    -995    -995    -995
 KIN2   133   385     98    4.1    0.0    0.0     0    0.0    0.0    0.0    0.00   988.94     0    5.8    0.0   -995   -995   -995   -995   -995    -995    -995    -995
 KIN2   133   390     98    4.1    0.0    0.0     0    0.0    0.0    0.0    0.00   988.88     0    5.7    0.0   11.4   10.3   10.9   11.7   11.1    1.45    1.56    1.85
 KIN2   133   395     98    4.0    0.1    0.1   340    7.1    0.2    0.5    0.00   988.91     0    5.7    0.0   -995   -995   -995   -995   -995    -995    -995    -995
 KIN2   133   400     98    4.0    0.5    0.5   350   13.8    0.3    1.2    0.00   988.90     0    6.0    0.0   -995   -995   -995   -995   -995    -995    -995    -995
 KIN2   133   405     98    4.1    0.9    0.9    20   15.5    0.1    1.5    0.00   988.85     0    6.1    0.0   11.3   10.2   10.8   11.7   11.1    -995    -995    -995
 KIN2   133   410     99    4.4    1.0    1.0    31    5.2    0.1    1.2    0.00   988.81     0    5.9    0.0   -995   -995   -995   -995   -995    -995    -995    -995
 KIN2   133   415     99    4.7    1.0    1.0    22    4.4    0.1    1.3    0.00   988.82     0    6.0    0.0   -995   -995   -995   -995   -995    -995    -995    -995
 KIN2   133   420     99    4.5    0.9    0.9    18    8.6    0.1    1.0    0.00   988.79     0    6.0    0.0   11.3   10.1   10.7   11.7   11.1    1.45    1.56    1.84
 KIN2   133   425     99    4.7    0.7    0.7   349    4.5    0.1    0.9    0.00   988.78     0    6.2    0.1   -995   -995   -995   -995   -995    -995    -995    -995
 KIN2   133   430     99    4.6    0.7    0.7   355    7.6    0.2    1.3    0.00   988.72     0    6.2    0.1   -995   -995   -995   -995   -995    -995    -995    -995
 KIN2   133   435     99    4.4    0.2    0.2   355    2.7    0.2    0.6    0.00   988.66     0    6.0    0.0   11.2   10.0   10.7   11.6   11.1    -995    -995    -995
 KIN2   133   440     99    4.5    0.7    0.6   290    9.6    0.3    1.0    0.00   988.72     0    5.9    0.1   -995   -995   -995   -995   -995    -995    -995    -995
 KIN2   133   445     98    4.3    1.0    1.0   314    3.7    0.1    1.2    0.00   988.78     0    6.1    0.5   -995   -995   -995   -995   -995    -995    -995    -995
 KIN2   133   450     98    4.1    0.7    0.7   309    8.3    0.2    1.1    0.00   988.74     0    6.2    0.1   11.2    9.9   10.6   11.6   11.1    1.45    1.56    1.85
 KIN2   133   455     98    3.6    0.4    0.4   301   11.6    0.1    0.6    0.00   988.70     0    6.0    0.0   -995   -995   -995   -995   -995    -995    -995    -995
 KIN2   133   460     98    3.4    0.6    0.6   327    7.0    0.1    0.7    0.00   988.72     0    5.9    0.0   -995   -995   -995   -995   -995    -995    -995    -995
 KIN2   133   465     98    3.4    0.5    0.5   345    3.8    0.1    0.6    0.00   988.71     0    5.9    0.0   11.1    9.8   10.5   11.6   11.1    -995    -995    -995
 KIN2   133   470     99    3.5    0.2    0.2    20    8.0    0.2    0.5    0.00   988.63     0    5.7    0.0   -995   -995   -995   -995   -995    -995    -995    -995
 KIN2   133   475     99    3.6    0.0    0.0     0    0.0    0.0    0.0    0.00   988.60     0    5.2    0.0   -995   -995   -995   -995   -995    -995    -995    -995
 KIN2   133   480     99    3.8    0.4    0.4   119    2.3    0.3    0.7    0.00   988.55     0    5.2    0.0   11.1    9.7   10.5   11.6   11.1    1.45    1.56    1.85
 KIN2   133   485     99    3.4    0.9    0.9   136    3.4    0.1    1.1    0.00   988.47     0    5.3    0.3   -995   -995   -995   -995   -995    -995    -995    -995
 KIN2   133   490     99    3.6    1.1    1.1   136    3.6    0.1    1.3    0.00   988.41     0    5.8    0.4   -995   -995   -995   -995   -995    -995    -995    -995
 KIN2   133   495     99    3.7    1.2    1.2   137    3.8    0.0    1.3    0.00   988.38     0    5.8    0.0   11.0    9.6   10.4   11.6   11.1    -995    -995    -995
 KIN2   133   500     99    4.0    1.2    1.2   144    1.3    0.1    1.3    0.00   988.35     0    5.7    0.0   -995   -995   -995   -995   -995    -995    -995    -995
 KIN2   133   505     99    4.1    0.6    0.6   128   10.8    0.2    1.0    0.00   988.39     0    5.5    0.0   -995   -995   -995   -995   -995    -995    -995    -995
 KIN2   133   510     99    4.0    0.4    0.4   109    0.0    0.0    0.5    0.00   988.40     0    5.2    0.0   10.9    9.5   10.4   11.5   11.1    1.45    1.55    1.85
 KIN2   133   515     99    4.0    0.0    0.0   109    0.0    0.0    0.3    0.00   988.41     0    5.0    0.0   -995   -995   -995   -995   -995    -995    -995    -995
 KIN2   133   520     98    3.5    0.4    0.4   235    2.0    0.3    1.1    0.00   988.40     0    5.0    0.8   -995   -995   -995   -995   -995    -995    -995    -995
 KIN2   133   525     99    3.2    1.5    1.5   240    6.6    0.3    2.0    0.00   988.42     0    4.9    1.0   10.9    9.4   10.3   11.5   11.1    -995    -995    -995
 KIN2   133   530     99    3.3    2.3    2.3   248    4.1    0.2    2.7    0.00   988.49     0    4.2    1.1   -995   -995   -995   -995   -995    -995    -995    -995
 KIN2   133   535     99    3.6    2.4    2.4   242    3.5    0.2    2.6    0.00   988.47     0    4.2    1.2   -995   -995   -995   -995   -995    -995    -995    -995
 KIN2   133   540     99    3.6    2.1    2.1   242    4.3    0.1    2.4    0.00   988.48     0    4.1    1.0   10.9    9.3   10.2   11.5   11.1    1.45    1.56    1.85
 KIN2   133   545     99    3.4    1.9    1.9   248    4.9    0.2    2.3    0.00   988.49     0    4.0    0.3   -995   -995   -995   -995   -995    -995    -995    -995
 KIN2   133   550     99    3.4    1.7    1.6   250    6.6    0.2    2.1    0.00   988.47     0    3.9    0.2   -995   -995   -995   -995   -995    -995    -995    -995
 KIN2   133   555     99    3.3    1.0    1.0   260    6.6    0.2    1.7    0.00   988.45     0    3.8    0.0   10.8    9.2   10.2   11.4   11.1    -995    -995    -995
 KIN2   133   560     99    2.9    0.7    0.7   245    7.5    0.1    1.0    0.00   988.45     0    3.7    0.0   -995   -995   -995   -995   -995    -995    -995    -995
 KIN2   133   565     99    2.9    1.0    1.0   246    4.2    0.2    1.3    0.00   988.44     0    3.7    0.0   -995   -995   -995   -995   -995    -995    -995    -995
 KIN2   133   570     99    2.9    0.7    0.7   250    5.7    0.2    1.2    0.00   988.44     0    3.7    0.0   10.8    9.1   10.2   11.5   11.1    1.46    1.56    1.85
 KIN2   133   575     99    2.7    0.4    0.4   258    0.3    0.1    0.7    0.00   988.48     0    3.7    0.0   -995   -995   -995   -995   -995    -995    -995    -995
 KIN2   133   580     99    2.6    0.2    0.2   248    4.6    0.1    0.4    0.00   988.45     0    3.4    0.0   -995   -995   -995   -995   -995    -995    -995    -995
 KIN2   133   585     99    2.6    0.0    0.0     0    0.0    0.0    0.0    0.00   988.50     0    3.2    0.0   10.7    9.1   10.2   11.5   11.1    -995    -995    -995
 KIN2   133   590     99    2.6    0.0    0.0   211    0.3    0.0    0.3    0.00   988.52     0    3.1    0.0   -995   -995   -995   -995   -995    -995    -995    -995
 KIN2   133   595     99    2.5    0.4    0.3   215   12.5    0.1    0.5    0.00   988.53     0    3.1    0.0   -995   -995   -995   -995   -995    -995    -995    -995
 KIN2   133   600     99    2.5    0.2    0.2   253    3.5    0.1    0.4    0.00   988.56     0    3.3    0.0   10.7    9.0   10.1   11.4   11.1    1.45    1.56    1.84
 KIN2   133   605     99    2.4    0.2    0.2   224    0.7    0.2    0.6    0.00   988.56     0    3.2    0.0   -995   -995   -995   -995   -995    -995    -995    -995
 KIN2   133   610     99    2.6    0.5    0.5   256    8.0    0.1    0.8    0.00   988.60     0    3.4    0.0   -995   -995   -995   -995   -995    -995    -995    -995
 KIN2   133   615     99    2.7    0.6    0.6   253    6.0    0.1    0.9    0.25   988.66     0    3.5    0.0   10.6    8.9   10.1   11.4   11.1    -995    -995    -995
 KIN2   133   620     99    2.6    0.3    0.3   266    1.6    0.2    0.7    0.25   988.75     0    3.4    0.0   -995   -995   -995   -995   -995    -995    -995    -995
 KIN2   133   625     99    2.3    0.2    0.2   254    1.2    0.2    0.6    0.25   988.78     0    3.3    0.0   -995   -995   -995   -995   -995    -995    -995    -995
 KIN2   133   630     99    2.1    0.1    0.1   252    0.0    0.1    0.4    0.25   988.83     0    3.3    0.0   10.6    8.8   10.0   11.4   11.1    1.45    1.56    1.85
 KIN2   133   635     99    2.2    0.0    0.0     0    0.0    0.0    0.0    0.25   988.82     0    3.2    0.0   -995   -995   -995   -995   -995    -995    -995    -995
 KIN2   133   640     99    2.3    0.0    0.0     0    0.0    0.0    0.0    0.25   988.89     0    3.3    0.0   -995   -995   -995   -995   -995    -995    -995    -995
 KIN2   133   645     99    2.1    0.0    0.0     0    0.0    0.0    0.0    0.25   988.94     0    3.3    0.0   10.6    8.7   10.0   11.4   11.1    -995    -995    -995
 KIN2   133   650     99    2.3    0.0    0.0     0    0.0    0.0    0.0    0.25   988.95     0    3.3    0.0   -995   -995   -995   -995   -995    -995    -995    -995
 KIN2   133   655    100    2.5    0.0    0.0   231    0.0    0.1    0.5    0.25   989.02     0    3.2    0.0   -995   -995   -995   -995   -995    -995    -995    -995
 KIN2   133   660    100    2.4    0.5    0.5   231    0.1    0.1    0.6    0.25   989.12     0    3.3    0.0   10.5    8.6    9.9   11.3   11.1    1.45    1.56    1.85
 KIN2   133   665     99    2.3    0.1    0.1   231    0.0    0.1    0.3    0.25   989.13     0    3.4    0.0   -995   -995   -995   -995   -995    -995    -995    -995
 KIN2   133   670     99    2.2    0.0    0.0     0    0.0    0.0    0.0    0.25   989.15     0    3.3    0.0   -995   -995   -995   -995   -995    -995    -995    -995
 KIN2   133   675     99    2.0    0.3    0.3   260   13.5    0.1    0.5    0.25   989.17     0    3.2    0.0   10.4    8.5    9.9   11.3   11.1    -995    -995    -995
 KIN2   133   680    100    2.1    0.1    0.1   274    0.0    0.2    0.5    0.25   989.17     0    3.1    0.0   -995   -995   -995   -995   -995    -995    -995    -995
 KIN2   133   685     99    1.9    0.2    0.2   277    1.6    0.3    0.6    0.25   989.24     0    2.9    0.0   -995   -995   -995   -995   -995    -995    -995    -995
 KIN2   133   690    100    2.2    0.8    0.8   279    3.9    0.2    1.0    0.25   989.36     0    2.9    0.0   10.4    8.4    9.8   11.3   11.1    1.45    1.55    1.85
 KIN2   133   695    100    2.1    0.8    0.8   270    0.8    0.1    1.0    0.25   989.41     0    3.0    0.0   -995   -995   -995   -995   -995    -995    -995    -995
 KIN2   133   700     99    1.8    0.6    0.6   269    4.2    0.1    0.8    0.25   989.47     0    2.9    0.0   -995   -995   -995   -995   -995    -995    -995    -995
 KIN2   133   705     99    1.4    0.6    0.6   274    3.4    0.1    0.7    0.25   989.47     0    2.7    0.0   10.4    8.4    9.8   11.2   11.1    -995    -995    -995
 KIN2   133   710     99    1.4    0.0    0.0   269    0.0    0.1    0.4    0.25   989.40     0    2.6    0.0   -995   -995   -995   -995   -995    -995    -995    -995
 KIN2   133   715     99    1.5    0.1    0.1   221    0.3    0.2    0.6    0.25   989.36     0    2.4    0.0   -995   -995   -995   -995   -995    -995    -995    -995
 KIN2   133   720     99    1.3    0.7    0.7   214    5.6    0.1    0.9    0.25   989.39     0    2.5    0.0   10.3    8.3    9.7   11.2   11.1    1.45    1.55    1.84
 KIN2   133   725     99    1.1    0.9    0.9   204    6.2    0.0    1.0    0.25   989.33     0    2.6    0.0   -995   -995   -995   -995   -995    -995    -995    -995
 KIN2   133   730    100    1.5    1.0    1.0   229    6.6    0.1    1.1    0.25   989.47     0    2.6    0.0   -995   -995   -995   -995   -995    -995    -995    -995
 KIN2   133   735    100    1.7    1.1    1.1   238   10.5    0.2    1.8    0.25   989.58     1    2.4    0.3   10.3    8.2    9.7   11.2   11.1    -995    -995    -995
 KIN2   133   740    100    1.6    1.8    1.8   238    5.3    0.1    2.0    0.25   989.70     1    2.8    0.4   -995   -995   -995   -995   -995    -995    -995    -995
 KIN2   133   745    100    1.5    1.9    1.9   231    2.4    0.1    2.1    0.25   989.74     3    2.3    0.7   -995   -995   -995   -995   -995    -995    -995    -995
 KIN2   133   750    100    1.7    2.0    1.9   231    4.0    0.1    2.2    0.25   989.82     5    2.0    0.6   10.2    8.1    9.6   11.1   11.1    1.45    1.55    1.85
 KIN2   133   755    100    1.7    1.9    1.9   230    4.0    0.2    2.3    0.25   989.81     9    2.1    0.7   -995   -995   -995   -995   -995    -995    -995    -995
 KIN2   133   760    100    1.8    2.2    2.2   237    3.5    0.2    2.6    0.25   989.83    14    2.0    1.0   -995   -995   -995   -995   -995    -995    -995    -995
 KIN2   133   765    100    1.7    1.3    1.3   247    7.2    0.3    1.9    0.25   989.84    20    2.0    0.1   10.2    8.0    9.6   11.1   11.1    -995    -995    -995
 KIN2   133   770    100    1.8    1.2    1.2   250    3.4    0.1    1.5    0.25   989.87    24    2.1    0.2   -995   -995   -995   -995   -995    -995    -995    -995
 KIN2   133   775    100    2.0    0.9    0.9   263    7.3    0.2    1.2    0.25   990.01    31    2.1    0.0   -995   -995   -995   -995   -995    -995    -995    -995
 KIN2   133   780    100    2.1    0.9    0.9   262    4.3    0.3    1.4    0.25   990.07    43    2.3    0.0   10.1    7.9    9.5   11.1   11.1    1.45    1.56    1.85
 KIN2   133   785    100    2.2    0.1    0.1   243    7.4    0.1    0.4    0.25   990.01    60    2.4    0.0   -995   -995   -995   -995   -995    -995    -995    -995
 KIN2   133   790    100    2.2    0.0    0.0   176    8.0    0.1    0.2    0.25   990.08    80    2.6    0.0   -995   -995   -995   -995   -995    -995    -995    -995
 KIN2   133   795    100    2.4    0.3    0.3   163    1.1    0.1    0.4    0.25   990.14    99    2.7    0.0   10.1    7.8    9.5   11.0   11.0    -995    -995    -995
 KIN2   133   800    100    2.6    0.2    0.2   160    9.0    0.1    0.4    0.25   990.17   116    2.9    0.0   -995   -995   -995   -995   -995    -995    -995    -995
 KIN2   133   805    100    2.8    0.3    0.3   123   10.1    0.2    0.6    0.25   990.16   134    3.3    0.0   -995   -995   -995   -995   -995    -995    -995    -995
 KIN2   133   810     99    3.1    0.4    0.3    98    5.0    0.1    0.6    0.25   990.21   149    3.5    0.0   10.0    7.7    9.4   10.9   11.0    1.45    1.56    1.85
 KIN2   133   815    100    3.4    0.3    0.3    93    2.4    0.1    0.5    0.25   990.25   167    4.0    0.0   -995   -995   -995   -995   -995    -995    -995    -995
 KIN2   133   820     99    3.7    0.2    0.2   111   21.1    0.1    0.4    0.25   990.32   185    4.5    0.0   -995   -995   -995   -995   -995    -995    -995    -995
 KIN2   133   825     99    4.0    0.6    0.6   196    8.5    0.2    0.8    0.25   990.46   182    4.6    0.1    9.9    7.6    9.3   10.9   10.9    -995    -995    -995
 KIN2   133   830     99    4.3    0.9    0.9   212    8.1    0.1    1.2    0.25   990.58   218    4.6    0.4   -995   -995   -995   -995   -995    -995    -995    -995
 KIN2   133   835     99    4.7    1.0    1.0   219    7.0    0.1    1.3    0.25   990.65   233    4.9    0.5   -995   -995   -995   -995   -995    -995    -995    -995
 KIN2   133   840     99    5.1    0.4    0.3   210    9.6    0.2    0.8    0.25   990.62   251    5.4    0.1    9.8    7.6    9.3   10.8   10.9    1.46    1.56    1.84
 KIN2   133   845     99    5.4    0.2    0.2   145    8.4    0.2    0.6    0.25   990.58   271    6.3    0.0   -995   -995   -995   -995   -995    -995    -995    -995
 KIN2   133   850     99    5.7    0.1    0.1   115   13.5    0.1    0.4    0.25   990.61   289    7.2    0.0   -995   -995   -995   -995   -995    -995    -995    -995
 KIN2   133   855     98    5.8    0.1    0.1    86    6.9    0.2    0.5    0.25   990.71   308    7.5    0.0    9.8    7.6    9.3   10.8   10.8    -995    -995    -995
 KIN2   133   860     98    6.5    0.1    0.1   132    7.3    0.1    0.6    0.25   990.78   329    8.1    0.0   -995   -995   -995   -995   -995    -995    -995    -995
 KIN2   133   865     96    6.7    0.3    0.3   168   20.2    0.2    0.6    0.25   990.80   349    8.0    0.0   -995   -995   -995   -995   -995    -995    -995    -995
 KIN2   133   870     95    7.0    0.5    0.5   182   18.7    0.2    1.0    0.25   990.83   364    7.8    0.1    9.7    7.6    9.4   10.7   10.8    1.47    1.55    1.85
 KIN2   133   875     94    7.4    0.6    0.6   153   16.5    0.1    0.8    0.25   990.82   384    8.1    0.2   -995   -995   -995   -995   -995    -995    -995    -995
 KIN2   133   880     93    7.5    0.3    0.2   161   10.3    0.2    0.8    0.25   990.83   399    8.6    0.0   -995   -995   -995   -995   -995    -995    -995    -995
 KIN2   133   885     91    7.9    0.7    0.6   166   20.1    0.2    1.2    0.25   990.81   416    8.7    0.2    9.7    7.8    9.4   10.7   10.8    -995    -995    -995
 KIN2   133   890     89    8.1    0.2    0.2   150   24.2    0.3    0.8    0.25   990.82   436    9.1    0.1   -995   -995   -995   -995   -995    -995    -995    -995
 KIN2   133   895     88    8.5    0.5    0.5   113   21.6    0.3    1.1    0.25   990.80   453    9.6    0.1   -995   -995   -995   -995   -995    -995    -995    -995
 KIN2   133   900     86    9.0    0.9    0.9   145   15.3    0.2    1.4    0.25   990.80   473    9.5    0.7    9.7    7.9    9.6   10.7   10.8    1.47    1.56    1.85
 KIN2   133   905     84    9.1    1.2    1.2   124   13.3    0.4    2.0    0.25   990.76   494    9.6    0.9   -995   -995   -995   -995   -995    -995    -995    -995
 KIN2   133   910     83    9.4    1.0    1.0   146   14.0    0.3    1.6    0.25   990.78   512    9.7    0.5   -995   -995   -995   -995   -995    -995    -995    -995
 KIN2   133   915     81   10.0    1.0    1.0   153   10.8    0.3    1.7    0.25   990.85   530   10.3    0.7    9.8    8.2    9.7   10.7   10.9    -995    -995    -995
 KIN2   133   920     80   10.3    1.5    1.5   154   11.6    0.2    2.0    0.25   990.81   547   10.5    1.4   -995   -995   -995   -995   -995    -995    -995    -995
 KIN2   133   925     80   10.5    1.1    1.0   153   13.6    0.3    1.9    0.25   990.81   564   10.8    0.7   -995   -995   -995   -995   -995    -995    -995    -995
 KIN2   133   930     78   11.0    1.3    1.3   146   11.8    0.3    2.0    0.25   990.80   580   11.1    1.0    9.8    8.5    9.9   10.7   10.9    1.49    1.56    1.85
 KIN2   133   935     78   11.0    1.5    1.4   149   13.6    0.3    2.1    0.25   990.84   590   11.1    1.2   -995   -995   -995   -995   -995    -995    -995    -995
 KIN2   133   940     78   11.4    1.6    1.5   151   15.6    0.5    2.9    0.25   990.89   606   11.4    1.3   -995   -995   -995   -995   -995    -995    -995    -995
 KIN2   133   945     76   11.5    1.9    1.8   155   14.7    0.6    3.1    0.25   990.95   621   11.4    1.7    9.9    8.8   10.1   10.8   10.9    -995    -995    -995
 KIN2   133   950     76   11.7    2.4    2.4   146   12.9    0.6    4.3    0.25   990.96   635   11.4    2.0   -995   -995   -995   -995   -995    -995    -995    -995
 KIN2   133   955     76   11.9    2.5    2.5   167   10.7    0.6    3.5    0.25   990.96   649   11.5    2.1   -995   -995   -995   -995   -995    -995    -995    -995
 KIN2   133   960     75   12.0    2.7    2.5   170   18.7    0.6    4.1    0.25   990.92   663   11.5    2.4   10.0    9.2   10.3   10.8   11.0    1.48    1.56    1.85
 KIN2   133   965     75   12.0    2.6    2.6   169    9.0    0.7    3.9    0.25   990.95   671   11.6    2.3   -995   -995   -995   -995   -995    -995    -995    -995
 KIN2   133   970     76   12.3    2.9    2.8   192   15.0    0.8    4.7    0.25   990.98   686   11.9    2.6   -995   -995   -995   -995   -995    -995    -995    -995
 KIN2   133   975     74   12.3    3.2    3.1   198   11.6    0.9    4.8    0.25   991.01   692   11.8    2.8   10.1    9.6   10.6   10.8   11.0    -995    -995    -995
 KIN2   133   980     74   12.5    3.1    3.0   204   11.9    0.5    4.1    0.25   991.07   718   11.9    2.7   -995   -995   -995   -995   -995    -995    -995    -995
 KIN2   133   985     72   12.6    3.5    3.5   200    8.4    0.5    4.5    0.25   991.09   731   12.0    3.0   -995   -995   -995   -995   -995    -995    -995    -995
 KIN2   133   990     71   12.9    3.3    3.2   199    6.0    0.5    4.2    0.25   991.14   736   12.1    2.7   10.3   10.0   10.9   10.8   11.1    1.48    1.56    1.85
 KIN2   133   995     71   13.2    2.5    2.5   201   11.3    0.5    4.1    0.25   991.10   756   12.6    2.3   -995   -995   -995   -995   -995    -995    -995    -995
 KIN2   133  1000     67   13.1    3.1    3.0   189   17.2    0.9    5.0    0.25   991.09   765   12.7    2.7   -995   -995   -995   -995   -995    -995    -995    -995
 KIN2   133  1005     67   13.5    2.9    2.9   184   13.7    0.6    4.5    0.25   991.11   771   12.8    2.4   10.4   10.4   11.1   10.8   11.1    -995    -995    -995
 KIN2   133  1010     66   13.6    2.6    2.4   181   19.2    0.6    4.1    0.25   991.09   783   13.1    2.3   -995   -995   -995   -995   -995    -995    -995    -995
 KIN2   133  1015     65   13.6    2.9    2.8   179   14.6    0.9    4.4    0.25   991.09   793   13.1    2.6   -995   -995   -995   -995   -995    -995    -995    -995
 KIN2   133  1020     64   13.7    2.0    2.0   188   13.0    0.4    2.9    0.25   991.09   800   13.4    1.8   10.6   10.8   11.4   10.8   11.1    1.47    1.56    1.85
 KIN2   133  1025     63   13.8    2.4    2.4   190   10.1    0.5    3.9    0.25   991.08   808   13.4    2.2   -995   -995   -995   -995   -995    -995    -995    -995
 KIN2   133  1030     61   13.8    2.2    2.1   195   12.7    0.8    4.0    0.25   991.03   815   13.3    1.8   -995   -995   -995   -995   -995    -995    -995    -995
 KIN2   133  1035     63   14.2    2.4    2.3   184   13.6    0.5    3.5    0.25   990.95   824   13.6    2.2   10.7   11.2   11.7   10.8   11.1    -995    -995    -995
 KIN2   133  1040     63   14.3    2.0    1.8   181   23.0    0.9    4.1    0.25   990.86   834   13.9    1.7   -995   -995   -995   -995   -995    -995    -995    -995
 KIN2   133  1045     61   14.4    2.7    2.6   173   16.4    0.6    4.1    0.25   990.80   844   13.9    2.6   -995   -995   -995   -995   -995    -995    -995    -995
 KIN2   133  1050     61   14.3    2.4    2.4   208   14.0    0.9    4.7    0.25   990.72   844   13.9    2.2   10.8   11.6   12.1   10.9   11.1    1.47    1.56    1.85
 KIN2   133  1055     61   14.7    3.1    3.0   185   14.9    0.8    4.4    0.25   990.63   852   14.2    2.8   -995   -995   -995   -995   -995    -995    -995    -995
 KIN2   133  1060     58   14.8    2.8    2.7   150   18.0    0.8    4.4    0.25   990.58   857   14.0    2.4   -995   -995   -995   -995   -995    -995    -995    -995
 KIN2   133  1065     60   14.9    3.3    3.2   200   11.6    0.8    5.2    0.25   990.45   862   14.4    3.0   11.0   12.0   12.4   10.9   11.1    -995    -995    -995
 KIN2   133  1070     59   14.9    2.9    2.8   183   14.1    0.6    4.8    0.25   990.37   864   14.5    2.4   -995   -995   -995   -995   -995    -995    -995    -995
 KIN2   133  1075     59   15.2    3.5    3.4   176    9.0    0.7    4.8    0.25   990.26   875   14.5    3.1   -995   -995   -995   -995   -995    -995    -995    -995
 KIN2   133  1080     57   15.1    2.3    2.2   177   14.5    0.8    3.8    0.25   990.20   874   14.6    2.1   11.2   12.4   12.7   10.9   11.1    1.47    1.56    1.86
 KIN2   133  1085     59   15.3    3.0    2.9   181   12.9    1.2    4.7    0.25   990.11   868   14.8    2.6   -995   -995   -995   -995   -995    -995    -995    -995
 KIN2   133  1090     60   15.5    2.7    2.7   186   12.4    1.5    5.4    0.25   990.06   879   15.1    2.4   -995   -995   -995   -995   -995    -995    -995    -995
 KIN2   133  1095     57   15.5    2.8    2.6   187   19.7    0.6    4.3    0.25   990.06   882   15.0    2.6   11.4   12.8   13.0   10.9   11.1    -995    -995    -995
 KIN2   133  1100     57   15.9    2.3    2.2   142   11.2    0.7    3.3    0.25   989.98   899   15.1    2.1   -995   -995   -995   -995   -995    -995    -995    -995
 KIN2   133  1105     56   16.0    2.9    2.8   179   11.4    0.6    4.1    0.25   989.85   890   15.4    2.6   -995   -995   -995   -995   -995    -995    -995    -995
 KIN2   133  1110     56   15.8    2.8    2.6   168   21.1    0.8    4.2    0.25   989.73   892   15.3    2.4   11.6   13.1   13.3   10.9   11.1    1.47    1.56    1.86
 KIN2   133  1115     55   16.0    2.4    1.8   192   40.0    0.5    3.8    0.25   989.64   888   15.5    2.2   -995   -995   -995   -995   -995    -995    -995    -995
 KIN2   133  1120     53   15.8    2.0    1.8   184   26.7    0.7    4.1    0.25   989.56   890   15.5    1.8   -995   -995   -995   -995   -995    -995    -995    -995
 KIN2   133  1125     54   16.0    3.1    2.9   184   16.8    0.7    4.1    0.25   989.49   895   15.6    2.6   11.7   13.5   13.6   10.9   11.1    -995    -995    -995
 KIN2   133  1130     55   16.3    3.6    3.5   202   10.4    0.6    4.9    0.25   989.40   892   15.6    3.2   -995   -995   -995   -995   -995    -995    -995    -995
 KIN2   133  1135     54   16.2    3.1    3.1   203   12.7    0.8    4.6    0.25   989.36   889   15.5    2.8   -995   -995   -995   -995   -995    -995    -995    -995
 KIN2   133  1140     54   16.2    3.2    3.1   219   10.8    0.5    3.9    0.25   989.27   882   15.6    2.7   11.9   13.9   13.9   10.9   11.1    1.48    1.57    1.86
 KIN2   133  1145     50   16.1    2.0    2.0   244   15.0    0.8    3.6    0.25   989.14   875   15.9    1.6   -995   -995   -995   -995   -995    -995    -995    -995
 KIN2   133  1150     52   16.6    2.3    2.2   184   15.7    1.0    4.0    0.25   989.04   883   16.2    2.0   -995   -995   -995   -995   -995    -995    -995    -995
 KIN2   133  1155     53   17.0    2.4    2.3   165   14.8    0.6    3.9    0.25   988.97   869   16.4    2.2   12.1   14.2   14.2   11.0   11.1    -995    -995    -995
 KIN2   133  1160     51   16.8    2.3    2.2   165   17.4    0.7    3.8    0.25   988.93   871   16.4    2.1   -995   -995   -995   -995   -995    -995    -995    -995
 KIN2   133  1165     53   17.1    3.0    2.6   185   27.3    0.7    4.7    0.25   988.80   875   16.5    2.7   -995   -995   -995   -995   -995    -995    -995    -995
 KIN2   133  1170     51   16.9    3.0    2.9   168   12.1    0.7    4.5    0.25   988.71   871   16.3    2.7   12.3   14.6   14.4   11.0   11.1    1.48    1.56    1.85
 KIN2   133  1175     52   17.1    2.9    2.8   175   14.9    0.7    4.9    0.25   988.60   853   16.4    2.5   -995   -995   -995   -995   -995    -995    -995    -995
 KIN2   133  1180     51   16.9    3.0    2.7   146   21.7    0.6    4.3    0.25   988.54   776   16.3    2.5   -995   -995   -995   -995   -995    -995    -995    -995
 KIN2   133  1185     51   16.9    3.0    2.9   157   13.8    0.6    4.7    0.25   988.47   794   16.4    2.6   12.5   14.9   14.6   11.0   11.1    -995    -995    -995
 KIN2   133  1190     52   17.2    2.8    2.6   168   24.0    0.4    3.7    0.25   988.41   847   16.7    2.5   -995   -995   -995   -995   -995    -995    -995    -995
 KIN2   133  1195     52   17.2    2.1    1.8   158   29.7    0.6    3.5    0.25   988.36   836   16.8    1.9   -995   -995   -995   -995   -995    -995    -995    -995
 KIN2   133  1200     50   17.5    2.2    2.1   177   18.9    0.8    4.3    0.25   988.27   835   17.0    1.9   12.6   15.3   14.8   11.1   11.1    1.46    1.57    1.86
 KIN2   133  1205     51   17.5    3.0    2.9   191   16.7    0.8    5.1    0.25   988.14   827   16.9    2.7   -995   -995   -995   -995   -995    -995    -995    -995
 KIN2   133  1210     50   17.5    2.5    2.3   168   20.0    0.8    4.2    0.25   988.02   808   17.0    2.2   -995   -995   -995   -995   -995    -995    -995    -995
 KIN2   133  1215     50   17.5    2.9    2.8   165   12.7    1.0    5.1    0.25   987.90   809   16.9    2.7   12.8   15.6   14.9   11.1   11.1    -995    -995    -995
 KIN2   133  1220     49   18.0    1.0    0.7   178   39.8    0.9    3.1    0.25   987.83   761   17.5    0.7   -995   -995   -995   -995   -995    -995    -995    -995
 KIN2   133  1225     50   17.8    3.2    3.0   186   20.8    0.7    4.8    0.25   987.73   750   17.2    2.9   -995   -995   -995   -995   -995    -995    -995    -995
 KIN2   133  1230     51   17.7    3.6    3.5   186   13.7    0.6    5.0    0.25   987.60   598   17.1    3.0   13.0   15.9   15.1   11.1   11.1    1.47    1.56    1.86
 KIN2   133  1235     50   17.6    3.2    3.2   190   11.9    0.5    4.8    0.25   987.45   778   17.0    2.9   -995   -995   -995   -995   -995    -995    -995    -995
 KIN2   133  1240     50   18.1    3.4    3.2   148   18.7    0.8    5.2    0.25   987.35   749   17.4    3.1   -995   -995   -995   -995   -995    -995    -995    -995
 KIN2   133  1245     45   18.0    2.6    2.5   131   17.3    0.7    4.7    0.25   987.26   747   17.4    2.4   13.1   16.3   15.2   11.2   11.1    -995    -995    -995
 KIN2   133  1250     46   18.4    2.6    2.6   152   12.9    0.4    3.8    0.25   987.21   752   17.8    2.4   -995   -995   -995   -995   -995    -995    -995    -995
 KIN2   133  1255     46   18.2    2.4    2.2   155   25.3    0.6    3.7    0.25   987.15   670   17.8    2.1   -995   -995   -995   -995   -995    -995    -995    -995
 KIN2   133  1260     46   18.2    2.7    2.4   152   26.7    1.8    7.0    0.25   987.04   665   17.8    2.3   13.3   16.5   15.2   11.2   11.1    1.46    1.56    1.87
 KIN2   133  1265     49   18.2    3.0    3.0   194    9.7    0.8    4.9    0.25   986.98   683   17.6    2.6   -995   -995   -995   -995   -995    -995    -995    -995
 KIN2   133  1270     48   18.2    2.5    2.4   208   15.7    0.9    5.2    0.25   986.91   676   17.8    2.2   -995   -995   -995   -995   -995    -995    -995    -995
 KIN2   133  1275     46   18.0    2.8    2.5   189   28.2    0.7    5.1    0.25   986.86   676   17.8    2.4   13.4   16.8   15.2   11.3   11.1    -995    -995    -995
 KIN2   133  1280     47   18.7    3.8    3.5   162   19.9    0.8    6.0    0.25   986.83   672   18.0    3.3   -995   -995   -995   -995   -995    -995    -995    -995
 KIN2   133  1285     45   18.3    2.9    2.8   184    9.4    1.1    5.0    0.25   986.73   654   17.9    2.5   -995   -995   -995   -995   -995    -995    -995    -995
 KIN2   133  1290     45   18.7    2.2    2.1   156   20.9    0.6    3.8    0.25   986.64   632   18.3    2.0   13.5   16.9   15.3   11.3   11.1    1.47    1.56    1.86
 KIN2   133  1295     47   18.8    3.0    2.8   159   21.0    0.8    4.6    0.25   986.56   610   18.4    2.6   -995   -995   -995   -995   -995    -995    -995    -995
 KIN2   133  1300     46   18.7    4.2    4.1   159   11.8    1.1    8.1    0.25   986.50   579   18.2    3.6   -995   -995   -995   -995   -995    -995    -995    -995
 KIN2   133  1305     45   18.6    2.8    2.7   147   21.2    0.6    5.0    0.25   986.44   569   18.1    2.4   13.6   17.0   15.3   11.4   11.1    -995    -995    -995
 KIN2   133  1310     46   18.9    2.9    2.8   168   11.5    1.5    5.4    0.25   986.32   566   18.5    2.5   -995   -995   -995   -995   -995    -995    -995    -995
 KIN2   133  1315     45   18.7    3.1    3.0   172   10.5    0.7    4.5    0.25   986.23   551   18.3    2.6   -995   -995   -995   -995   -995    -995    -995    -995
 KIN2   133  1320     46   19.0    2.8    2.5   144   26.6    0.8    5.3    0.25   986.13   538   18.5    2.3   13.7   17.1   15.3   11.4   11.2    1.46    1.56    1.87
 KIN2   133  1325     45   18.9    3.6    3.4   138   15.9    0.7    4.6    0.25   986.15   518   18.5    3.2   -995   -995   -995   -995   -995    -995    -995    -995
 KIN2   133  1330     45   18.9    2.3    2.2   132   18.6    0.7    4.1    0.25   986.14   502   18.5    2.0   -995   -995   -995   -995   -995    -995    -995    -995
 KIN2   133  1335     44   19.0    2.1    2.0   126   18.9    1.2    4.8    0.25   986.03   483   18.8    1.9   13.8   17.2   15.2   11.5   11.2    -995    -995    -995
 KIN2   133  1340     44   18.9    3.3    3.3   138    9.8    0.7    5.0    0.25   985.98   468   18.5    2.8   -995   -995   -995   -995   -995    -995    -995    -995
 KIN2   133  1345     44   19.0    3.7    3.4   151   21.2    0.8    5.0    0.25   985.93   446   18.6    3.1   -995   -995   -995   -995   -995    -995    -995    -995
 KIN2   133  1350     44   19.0    3.1    3.0   152   14.2    0.8    4.6    0.25   985.88   429   18.7    2.8   13.8   17.3   15.1   11.6   11.2    1.46    1.56    1.87
 KIN2   133  1355     43   19.0    4.1    4.1   136   10.6    0.6    5.3    0.25   985.83   408   18.7    3.4   -995   -995   -995   -995   -995    -995    -995    -995
 KIN2   133  1360     42   18.9    3.6    3.5   146   11.8    0.9    5.6    0.25   985.72   396   18.7    3.0   -995   -995   -995   -995   -995    -995    -995    -995
 KIN2   133  1365     41   18.9    4.7    4.6   138    7.6    0.6    5.9    0.25   985.59   378   18.7    3.8   13.9   17.4   15.1   11.6   11.2    -995    -995    -995
 KIN2   133  1370     42   18.8    3.2    3.2   130    8.8    0.7    5.0    0.25   985.55   359   18.6    2.8   -995   -995   -995   -995   -995    -995    -995    -995
 KIN2   133  1375     42   19.0    3.0    3.0   138    7.5    1.0    5.0    0.25   985.50   342   18.8    2.5   -995   -995   -995   -995   -995    -995    -995    -995
 KIN2   133  1380     41   18.9    3.5    3.4   133    7.6    0.6    4.8    0.25   985.47   326   18.7    2.9   13.9   17.5   15.0   11.7   11.2    1.46    1.56    1.87
 KIN2   133  1385     41   19.0    3.5    3.5   151    8.0    0.5    4.4    0.25   985.39   308   18.8    2.8   -995   -995   -995   -995   -995    -995    -995    -995
 KIN2   133  1390     41   18.9    3.9    3.8   141   11.6    0.6    5.0    0.25   985.35   289   18.8    3.1   -995   -995   -995   -995   -995    -995    -995    -995
 KIN2   133  1395     40   18.8    4.4    4.3   139    8.1    0.7    6.2    0.25   985.37   257   18.8    3.6   13.9   17.5   14.9   11.7   11.2    -995    -995    -995
 KIN2   133  1400     42   18.7    3.6    3.6   155   10.1    0.5    4.9    0.25   985.34   241   18.8    2.9   -995   -995   -995   -995   -995    -995    -995    -995
 KIN2   133  1405     41   18.8    4.2    4.2   144    8.0    0.5    5.6    0.25   985.35   229   18.9    3.4   -995   -995   -995   -995   -995    -995    -995    -995
 KIN2   133  1410     42   18.7    3.2    3.2   152    8.2    0.6    4.6    0.25   985.42   211   18.8    2.6   13.9   17.5   14.9   11.8   11.2    1.46    1.56    1.87
 KIN2   133  1415     42   18.6    3.5    3.5   154    7.5    0.5    4.5    0.25   985.44   202   18.8    2.6   -995   -995   -995   -995   -995    -995    -995    -995
 KIN2   133  1420     42   18.5    3.6    3.6   157    8.1    0.7    4.9    0.25   985.41   185   18.8    2.8   -995   -995   -995   -995   -995    -995    -995    -995
 KIN2   133  1425     42   18.5    3.6    3.5   140   10.2    0.5    4.9    0.25   985.35   169   18.8    2.7   13.9   17.5   14.8   11.9   11.2    -995    -995    -995
 KIN2   133  1430     41   18.4    4.4    4.4   138    6.1    0.4    5.2    0.25   985.29   137   18.8    3.4   -995   -995   -995   -995   -995    -995    -995    -995
 KIN2   133  1435     43   18.0    3.5    3.5   141    9.1    0.4    4.7    0.25   985.27    57   18.6    2.7   -995   -995   -995   -995   -995    -995    -995    -995
</pre>