<pre>  101 ! (c) 2019 Oklahoma Climatological Survey and the Oklahoma Mesonet - all rights reserved
  21 2019 03 16 00 00 00
 STID  STNM  TIME   RELH   TAIR   WSPD   WVEC  WDIR   WDSD   WSSD   WMAX    RAIN     PRES  SRAD   TA9M   WS2M   TS10   TB10   TS05   TS25   TS60    TR05    TR25    TR60
 KIN2   133     0     31   10.0    4.1    4.0    10   12.6    0.9    6.2    0.00   990.26   111   10.5    3.2    9.9   12.3    9.8    8.9    8.9    1.47    1.55    1.83
 KIN2   133     5     33    9.6    3.5    3.4     9    9.6    0.6    4.8    0.00   990.24    78   10.3    2.5   -995   -995   -995   -995   -995    -995    -995    -995
 KIN2   133    10     34    9.4    3.6    3.5    12   12.0    0.6    5.2    0.00   990.21    21   10.2    2.8   -995   -995   -995   -995   -995    -995    -995    -995
 KIN2   133    15     35    9.2    3.1    3.1     6    8.0    0.6    4.4    0.00   990.23    19   10.0    2.3    9.9   12.2    9.8    9.0    8.9    -995    -995    -995
 KIN2   133    20     37    8.9    2.8    2.6     4   22.7    0.4    3.9    0.00   990.24    16    9.8    2.0   -995   -995   -995   -995   -995    -995    -995    -995
 KIN2   133    25     38    8.7    2.5    2.3     3   16.8    0.4    3.4    0.00   990.26    15    9.6    1.7   -995   -995   -995   -995   -995    -995    -995    -995
 KIN2   133    30     39    8.4    2.5    2.5     4   14.4    0.4    3.3    0.00   990.25    16    9.5    1.7    9.9   12.1    9.8    9.1    9.0    1.47    1.55    1.83
 KIN2   133    35     40    8.2    2.4    2.3     3   13.0    0.3    3.1    0.00   990.21     9    9.2    1.5   -995   -995   -995   -995   -995    -995    -995    -995
 KIN2   133    40     39    8.1    2.4    2.2     2   19.2    0.4    3.1    0.00   990.25     6    9.1    1.3   -995   -995   -995   -995   -995    -995    -995    -995
 KIN2   133    45     41    7.7    2.1    2.1    17    9.2    0.3    3.0    0.00   990.33     4    8.9    1.3    9.8   11.9    9.7    9.1    9.0    -995    -995    -995
 KIN2   133    50     41    7.7    2.3    2.2    15    6.0    0.3    2.9    0.00   990.43     2    8.8    1.4   -995   -995   -995   -995   -995    -995    -995    -995
 KIN2   133    55     43    7.5    1.9    1.9    19    6.4    0.2    2.5    0.00   990.52     1    8.6    1.3   -995   -995   -995   -995   -995    -995    -995    -995
 KIN2   133    60     43    7.7    1.9    1.9    34    7.0    0.2    2.3    0.00   990.50     0    8.5    1.0    9.8   11.7    9.6    9.1    9.0    1.47    1.55    1.83
 KIN2   133    65     43    7.7    1.7    1.7    30    6.1    0.2    2.3    0.00   990.54     0    8.6    0.8   -995   -995   -995   -995   -995    -995    -995    -995
 KIN2   133    70     45    7.3    1.6    1.6    24    6.6    0.2    2.1    0.00   990.56     0    8.4    0.9   -995   -995   -995   -995   -995    -995    -995    -995
 KIN2   133    75     47    7.0    1.6    1.6    31    4.7    0.2    1.9    0.00   990.59     0    8.1    0.7    9.7   11.4    9.4    9.1    9.0    -995    -995    -995
 KIN2   133    80     48    6.6    1.5    1.5    40    4.8    0.2    1.9    0.00   990.60     0    8.0    0.1   -995   -995   -995   -995   -995    -995    -995    -995
 KIN2   133    85     51    6.2    0.8    0.8    54    5.4    0.1    1.2    0.00   990.69     0    7.7    0.0   -995   -995   -995   -995   -995    -995    -995    -995
 KIN2   133    90     54    6.4    1.1    1.1    57    3.1    0.3    1.7    0.00   990.70     0    7.7    0.0    9.6   11.2    9.2    9.1    9.0    1.47    1.55    1.83
 KIN2   133    95     55    6.3    1.7    1.7    55    5.1    0.2    2.2    0.00   990.72     0    7.9    0.0   -995   -995   -995   -995   -995    -995    -995    -995
 KIN2   133   100     53    6.1    1.6    1.6    61    4.4    0.1    2.0    0.00   990.82     0    7.8    0.0   -995   -995   -995   -995   -995    -995    -995    -995
 KIN2   133   105     56    6.0    1.7    1.7    60    2.7    0.1    1.9    0.00   990.85     0    7.6    0.0    9.5   10.9    9.1    9.1    9.0    -995    -995    -995
 KIN2   133   110     56    6.0    1.6    1.6    58    4.8    0.2    2.0    0.00   990.91     0    7.6    0.0   -995   -995   -995   -995   -995    -995    -995    -995
 KIN2   133   115     55    6.0    1.6    1.6    63    3.2    0.1    1.8    0.00   990.92     0    7.5    0.0   -995   -995   -995   -995   -995    -995    -995    -995
 KIN2   133   120     60    5.3    1.3    1.3    72    4.7    0.1    1.7    0.00   990.99     0    7.4    0.0    9.4   10.7    8.9    9.1    8.9    1.47    1.55    1.83
 KIN2   133   125     63    5.4    1.1    1.1    83    3.6    0.2    1.6    0.00   991.07     0    7.4    0.0   -995   -995   -995   -995   -995    -995    -995    -995
 KIN2   133   130     62    5.5    1.2    1.2    81    3.6    0.1    1.5    0.00   991.13     0    7.3    0.0   -995   -995   -995   -995   -995    -995    -995    -995
 KIN2   133   135     56    5.8    1.2    1.2    87    3.7    0.1    1.4    0.00   991.14     0    7.2    0.0    9.3   10.4    8.8    9.0    8.9    -995    -995    -995
 KIN2   133   140     54    5.9    1.0    1.0    87    4.5    0.1    1.5    0.00   991.19     0    7.1    0.0   -995   -995   -995   -995   -995    -995    -995    -995
 KIN2   133   145     53    5.5    1.2    1.1    79    6.2    0.2    1.5    0.00   991.24     0    6.9    0.0   -995   -995   -995   -995   -995    -995    -995    -995
 KIN2   133   150     52    5.6    1.2    1.2    79    2.4    0.1    1.3    0.00   991.22     0    6.7    0.0    9.2   10.2    8.7    9.0    8.9    1.47    1.55    1.83
 KIN2   133   155     53    5.3    1.2    1.2    76    2.5    0.1    1.4    0.00   991.20     0    6.6    0.0   -995   -995   -995   -995   -995    -995    -995    -995
 KIN2   133   160     56    5.0    1.3    1.3    74    3.2    0.1    1.6    0.00   991.19     0    6.7    0.2   -995   -995   -995   -995   -995    -995    -995    -995
 KIN2   133   165     56    5.0    1.2    1.2    76    3.1    0.1    1.5    0.00   991.22     0    6.6    0.0    9.1   10.0    8.5    9.0    8.8    -995    -995    -995
 KIN2   133   170     56    4.5    1.1    1.1    77    0.8    0.1    1.2    0.00   991.22     0    6.2    0.0   -995   -995   -995   -995   -995    -995    -995    -995
 KIN2   133   175     59    4.1    1.1    1.1    78    0.2    0.1    1.2    0.00   991.24     0    6.2    0.0   -995   -995   -995   -995   -995    -995    -995    -995
 KIN2   133   180     57    4.3    1.0    1.0    78    0.1    0.1    1.2    0.00   991.29     0    6.2    0.0    9.0    9.7    8.4    8.9    8.8    1.47    1.55    1.83
 KIN2   133   185     59    4.0    1.0    1.0    75    2.2    0.2    1.4    0.00   991.31     0    5.9    0.0   -995   -995   -995   -995   -995    -995    -995    -995
 KIN2   133   190     62    3.7    1.3    1.3    76    2.1    0.1    1.5    0.00   991.34     0    6.0    0.0   -995   -995   -995   -995   -995    -995    -995    -995
 KIN2   133   195     63    3.4    1.3    1.3    88    2.7    0.1    1.5    0.00   991.45     0    5.9    0.0    9.0    9.5    8.3    8.9    8.8    -995    -995    -995
 KIN2   133   200     67    3.0    1.5    1.5    77    4.6    0.1    1.7    0.00   991.48     0    5.9    0.1   -995   -995   -995   -995   -995    -995    -995    -995
 KIN2   133   205     66    3.8    1.6    1.6    66    4.3    0.1    1.9    0.00   991.46     0    5.8    0.6   -995   -995   -995   -995   -995    -995    -995    -995
 KIN2   133   210     62    4.0    1.7    1.7    66    3.2    0.1    2.1    0.00   991.48     0    5.4    0.5    8.9    9.3    8.2    8.9    8.8    1.46    1.55    1.83
 KIN2   133   215     64    3.7    1.7    1.7    65    4.2    0.1    2.0    0.00   991.46     0    5.3    0.4   -995   -995   -995   -995   -995    -995    -995    -995
 KIN2   133   220     63    3.7    1.7    1.7    70    5.0    0.1    2.0    0.00   991.51     0    5.3    0.2   -995   -995   -995   -995   -995    -995    -995    -995
 KIN2   133   225     62    3.8    1.8    1.8    79    3.0    0.1    2.1    0.00   991.60     0    5.3    0.0    8.8    9.1    8.1    8.9    8.8    -995    -995    -995
 KIN2   133   230     61    4.1    1.7    1.7    80    3.2    0.1    2.0    0.00   991.63     0    5.6    0.0   -995   -995   -995   -995   -995    -995    -995    -995
 KIN2   133   235     58    4.3    1.5    1.5    71    5.6    0.1    1.8    0.00   991.62     0    5.5    0.0   -995   -995   -995   -995   -995    -995    -995    -995
 KIN2   133   240     59    3.1    1.3    1.2    63    3.9    0.1    1.5    0.00   991.67     0    5.2    0.0    8.7    8.9    8.0    8.9    8.8    1.46    1.56    1.83
 KIN2   133   245     63    3.1    1.0    0.9    73    4.5    0.1    1.3    0.00   991.69     0    5.0    0.0   -995   -995   -995   -995   -995    -995    -995    -995
 KIN2   133   250     63    3.1    0.6    0.6   106   12.7    0.1    0.8    0.00   991.78     0    4.8    0.0   -995   -995   -995   -995   -995    -995    -995    -995
 KIN2   133   255     63    2.7    0.2    0.2   127    0.0    0.2    0.6    0.00   991.85     0    4.6    0.5    8.6    8.8    7.9    8.9    8.8    -995    -995    -995
 KIN2   133   260     73    1.3    0.0    0.0     0    0.0    0.0    0.0    0.00   991.91     0    4.3    0.8   -995   -995   -995   -995   -995    -995    -995    -995
 KIN2   133   265     78    1.1    0.5    0.5   212    3.8    0.4    1.1    0.00   991.94     0    4.4    0.9   -995   -995   -995   -995   -995    -995    -995    -995
 KIN2   133   270     81    0.9    0.9    0.9   210    4.3    0.1    1.1    0.00   991.95     0    4.5    1.0    8.6    8.6    7.8    8.9    8.8    1.47    1.55    1.83
 KIN2   133   275     84    0.4    1.1    1.1   216    3.2    0.1    1.2    0.00   991.97     0    4.2    0.9   -995   -995   -995   -995   -995    -995    -995    -995
 KIN2   133   280     86    0.2    1.2    1.2   212    5.4    0.1    1.4    0.00   991.96     0    3.8    0.7   -995   -995   -995   -995   -995    -995    -995    -995
 KIN2   133   285     82    0.9    1.2    1.2   204    4.3    0.1    1.4    0.00   991.94     0    4.0    0.9    8.5    8.4    7.8    8.9    8.8    -995    -995    -995
 KIN2   133   290     83    0.2    1.6    1.5   215    6.6    0.3    2.1    0.00   991.98     0    3.3    0.4   -995   -995   -995   -995   -995    -995    -995    -995
 KIN2   133   295     82    0.8    2.2    2.2   207    6.6    0.1    2.4    0.00   992.03     0    2.8    1.0   -995   -995   -995   -995   -995    -995    -995    -995
 KIN2   133   300     73    2.0    1.8    1.8   195    4.4    0.1    2.2    0.00   991.99     0    3.7    1.0    8.4    8.3    7.7    8.9    8.8    1.46    1.55    1.83
 KIN2   133   305     72    0.8    1.6    1.6   214    7.0    0.3    2.2    0.00   991.93     0    3.3    0.4   -995   -995   -995   -995   -995    -995    -995    -995
 KIN2   133   310     80    0.0    1.2    1.2   208    5.5    0.2    1.6    0.00   991.91     0    3.2    0.6   -995   -995   -995   -995   -995    -995    -995    -995
 KIN2   133   315     82   -0.1    1.1    1.1   203    3.1    0.1    1.3    0.00   991.86     0    2.9    0.0    8.4    8.1    7.6    8.8    8.8    -995    -995    -995
 KIN2   133   320     85   -0.6    1.0    1.0   208    2.0    0.1    1.2    0.00   991.84     0    2.4    0.0   -995   -995   -995   -995   -995    -995    -995    -995
 KIN2   133   325     87    0.1    1.0    1.0   200    3.9    0.1    1.1    0.00   991.83     0    2.4    0.2   -995   -995   -995   -995   -995    -995    -995    -995
 KIN2   133   330     85    0.2    0.7    0.7   205    2.7    0.1    1.0    0.00   991.80     0    2.7    0.8    8.3    7.9    7.5    8.8    8.8    1.46    1.54    1.82
 KIN2   133   335     82    0.2    0.6    0.6   204    2.3    0.1    0.7    0.00   991.73     0    2.8    0.7   -995   -995   -995   -995   -995    -995    -995    -995
 KIN2   133   340     83   -0.1    0.2    0.2   208    0.0    0.2    0.5    0.00   991.69     0    2.6    0.1   -995   -995   -995   -995   -995    -995    -995    -995
 KIN2   133   345     83   -0.6    0.1    0.1   208    0.0    0.1    0.4    0.00   991.61     0    2.3    0.0    8.2    7.8    7.5    8.8    8.7    -995    -995    -995
 KIN2   133   350     84   -0.3    0.4    0.4   211    2.3    0.2    0.7    0.00   991.59     0    1.7    0.0   -995   -995   -995   -995   -995    -995    -995    -995
 KIN2   133   355     87   -0.5    0.6    0.6   221    4.1    0.3    1.1    0.00   991.58     0    1.3    0.0   -995   -995   -995   -995   -995    -995    -995    -995
 KIN2   133   360     89   -0.6    1.4    1.4   223    2.5    0.2    1.7    0.00   991.53     0    1.3    0.2    8.1    7.6    7.4    8.8    8.7    1.46    1.55    1.82
 KIN2   133   365     88   -0.6    1.4    1.4   219    3.1    0.1    1.7    0.00   991.49     0    2.0    0.8   -995   -995   -995   -995   -995    -995    -995    -995
 KIN2   133   370     88   -1.8    1.3    1.3   230    6.6    0.1    1.5    0.00   991.49     0    2.3    0.5   -995   -995   -995   -995   -995    -995    -995    -995
 KIN2   133   375     90   -1.4    1.1    1.1   234    4.0    0.2    1.4    0.00   991.49     0    1.5    0.0    8.1    7.5    7.3    8.8    8.7    -995    -995    -995
 KIN2   133   380     92   -1.0    1.2    1.2   236    2.4    0.2    1.6    0.00   991.49     0    1.3    0.2   -995   -995   -995   -995   -995    -995    -995    -995
 KIN2   133   385     92   -1.1    2.0    1.9   240    4.1    0.2    2.3    0.00   991.49     0    1.6    0.9   -995   -995   -995   -995   -995    -995    -995    -995
 KIN2   133   390     91   -0.5    1.9    1.9   246    3.3    0.3    2.3    0.00   991.50     0    1.9    0.6    8.0    7.3    7.2    8.7    8.7    1.45    1.55    1.82
 KIN2   133   395     89   -1.1    0.9    0.9   245    3.5    0.2    1.3    0.00   991.47     0    1.2    0.0   -995   -995   -995   -995   -995    -995    -995    -995
 KIN2   133   400     90   -1.5    0.6    0.6   254    2.5    0.2    1.0    0.00   991.48     0    0.8    0.0   -995   -995   -995   -995   -995    -995    -995    -995
 KIN2   133   405     92   -1.5    0.8    0.8   242    2.6    0.2    1.1    0.00   991.47     0    0.8    0.0    7.9    7.1    7.2    8.7    8.7    -995    -995    -995
 KIN2   133   410     93   -1.5    1.0    1.0   241    1.4    0.2    1.3    0.00   991.41     0    0.9    0.0   -995   -995   -995   -995   -995    -995    -995    -995
 KIN2   133   415     93   -1.5    0.9    0.9   239    1.2    0.1    1.2    0.00   991.42     0    0.6    0.0   -995   -995   -995   -995   -995    -995    -995    -995
 KIN2   133   420     94   -1.4    1.4    1.4   240    1.7    0.2    1.8    0.00   991.40     0    0.6    0.5    7.9    7.0    7.1    8.7    8.7    1.45    1.54    1.82
 KIN2   133   425     94   -1.5    1.7    1.7   237    5.0    0.1    1.9    0.00   991.41     0    0.6    0.6   -995   -995   -995   -995   -995    -995    -995    -995
 KIN2   133   430     94   -1.6    1.9    1.9   224    3.1    0.2    2.2    0.00   991.47     0    0.4    1.0   -995   -995   -995   -995   -995    -995    -995    -995
 KIN2   133   435     94   -1.0    2.1    2.1   237    4.6    0.2    2.5    0.00   991.49     0    0.6    0.8    7.8    6.8    7.0    8.6    8.7    -995    -995    -995
 KIN2   133   440     92   -1.4    1.1    1.1   238    3.9    0.4    2.1    0.00   991.47     0    0.5    0.0   -995   -995   -995   -995   -995    -995    -995    -995
 KIN2   133   445     92   -1.6    1.3    1.2   239    4.0    0.3    1.7    0.00   991.53     0    0.3    0.0   -995   -995   -995   -995   -995    -995    -995    -995
 KIN2   133   450     93   -1.4    1.3    1.3   245    3.8    0.2    1.8    0.00   991.55     0    0.3    0.0    7.8    6.7    6.9    8.6    8.7    1.45    1.55    1.83
 KIN2   133   455     93   -1.5    1.0    1.0   244    3.2    0.2    1.4    0.00   991.60     0    0.3    0.0   -995   -995   -995   -995   -995    -995    -995    -995
 KIN2   133   460     94   -1.4    1.2    1.2   244    4.4    0.1    1.5    0.00   991.63     0    0.4    0.0   -995   -995   -995   -995   -995    -995    -995    -995
 KIN2   133   465     93   -1.8    1.3    1.3   237    2.3    0.1    1.5    0.00   991.62     0    0.3    0.2    7.7    6.6    6.9    8.6    8.7    -995    -995    -995
 KIN2   133   470     94   -2.0    0.9    0.9   244    0.9    0.1    1.1    0.00   991.61     0    0.1    0.0   -995   -995   -995   -995   -995    -995    -995    -995
 KIN2   133   475     94   -2.0    1.2    1.2   240    3.1    0.2    1.6    0.00   991.63     0   -0.1    0.3   -995   -995   -995   -995   -995    -995    -995    -995
 KIN2   133   480     94   -1.8    1.4    1.4   247    4.2    0.2    1.8    0.00   991.61     0   -0.1    0.0    7.6    6.4    6.8    8.6    8.7    1.45    1.55    1.82
 KIN2   133   485     94   -1.3    1.8    1.8   252    3.5    0.1    2.1    0.00   991.60     0   -0.2    0.1   -995   -995   -995   -995   -995    -995    -995    -995
 KIN2   133   490     93   -1.4    1.7    1.7   246    3.5    0.2    2.0    0.00   991.65     0   -0.1    0.2   -995   -995   -995   -995   -995    -995    -995    -995
 KIN2   133   495     92   -1.6    1.2    1.1   244    4.5    0.2    1.8    0.00   991.65     0   -0.3    0.0    7.6    6.3    6.7    8.5    8.7    -995    -995    -995
 KIN2   133   500     92   -2.2    1.2    1.2   234    2.7    0.1    1.5    0.00   991.68     0   -0.6    0.2   -995   -995   -995   -995   -995    -995    -995    -995
 KIN2   133   505     93   -2.4    1.1    1.1   221    3.3    0.1    1.3    0.00   991.68     0   -0.8    0.3   -995   -995   -995   -995   -995    -995    -995    -995
 KIN2   133   510     93   -2.4    1.1    1.1   222    3.6    0.1    1.3    0.00   991.63     0   -0.7    0.0    7.5    6.2    6.7    8.5    8.7    1.46    1.55    1.82
 KIN2   133   515     94   -2.4    1.0    1.0   237    3.2    0.1    1.3    0.00   991.65     0   -0.6    0.0   -995   -995   -995   -995   -995    -995    -995    -995
 KIN2   133   520     95   -2.0    1.4    1.4   240    2.5    0.3    1.8    0.00   991.64     0   -0.8    0.3   -995   -995   -995   -995   -995    -995    -995    -995
 KIN2   133   525     94   -2.0    1.3    1.3   243    4.7    0.3    2.0    0.00   991.61     0   -0.6    0.0    7.5    6.1    6.6    8.5    8.7    -995    -995    -995
 KIN2   133   530     94   -2.0    1.6    1.6   253    4.4    0.4    2.5    0.00   991.68     0   -0.8    0.1   -995   -995   -995   -995   -995    -995    -995    -995
 KIN2   133   535     94   -2.1    1.3    1.3   247    8.9    0.4    2.2    0.00   991.67     0   -1.0    0.0   -995   -995   -995   -995   -995    -995    -995    -995
 KIN2   133   540     93   -2.4    0.9    0.9   245    3.1    0.2    1.2    0.00   991.61     0   -1.0    0.0    7.4    6.0    6.6    8.5    8.7    1.46    1.55    1.82
 KIN2   133   545     94   -2.4    1.4    1.4   248    4.5    0.2    1.9    0.00   991.59     0   -0.7    0.2   -995   -995   -995   -995   -995    -995    -995    -995
 KIN2   133   550     94   -2.8    1.4    1.4   225    6.3    0.1    1.7    0.00   991.61     0   -0.8    0.8   -995   -995   -995   -995   -995    -995    -995    -995
 KIN2   133   555     94   -2.6    1.5    1.5   222    4.4    0.0    1.6    0.00   991.62     0   -0.9    0.1    7.3    5.9    6.5    8.4    8.7    -995    -995    -995
 KIN2   133   560     94   -2.5    1.5    1.5   223    4.1    0.1    1.7    0.00   991.59     0   -0.6    0.3   -995   -995   -995   -995   -995    -995    -995    -995
 KIN2   133   565     94   -2.5    1.7    1.7   224    6.6    0.2    2.1    0.00   991.58     0   -0.5    0.6   -995   -995   -995   -995   -995    -995    -995    -995
 KIN2   133   570     94   -2.8    1.9    1.9   237    4.0    0.1    2.2    0.00   991.63     0   -0.5    0.0    7.3    5.8    6.4    8.4    8.7    1.45    1.55    1.82
 KIN2   133   575     95   -1.8    2.2    2.2   250    7.4    0.3    2.7    0.00   991.65     0   -0.5    0.7   -995   -995   -995   -995   -995    -995    -995    -995
 KIN2   133   580     92   -1.7    1.3    1.3   248    7.7    0.4    2.2    0.00   991.64     0   -0.7    0.1   -995   -995   -995   -995   -995    -995    -995    -995
 KIN2   133   585     91   -2.2    1.0    1.0   237    6.5    0.2    1.6    0.00   991.64     0   -1.1    0.0    7.2    5.7    6.4    8.4    8.6    -995    -995    -995
 KIN2   133   590     91   -2.6    1.5    1.5   243    5.1    0.2    1.9    0.00   991.65     0   -1.0    0.6   -995   -995   -995   -995   -995    -995    -995    -995
 KIN2   133   595     92   -2.8    1.6    1.6   242    6.3    0.2    2.0    0.00   991.68     0   -0.8    0.6   -995   -995   -995   -995   -995    -995    -995    -995
 KIN2   133   600     93   -2.8    1.5    1.5   242    5.8    0.2    1.8    0.00   991.70     0   -0.9    0.2    7.2    5.6    6.3    8.3    8.6    1.46    1.55    1.82
 KIN2   133   605     93   -3.0    1.5    1.5   242    6.2    0.2    2.0    0.00   991.73     0   -1.0    0.2   -995   -995   -995   -995   -995    -995    -995    -995
 KIN2   133   610     94   -2.9    1.4    1.4   232    4.2    0.2    1.7    0.00   991.79     0   -1.2    0.6   -995   -995   -995   -995   -995    -995    -995    -995
 KIN2   133   615     93   -2.9    1.3    1.3   232    4.8    0.2    1.9    0.00   991.82     0   -1.3    0.1    7.1    5.5    6.3    8.3    8.7    -995    -995    -995
 KIN2   133   620     94   -2.8    1.1    1.1   232    5.6    0.2    1.5    0.00   991.87     0   -1.4    0.0   -995   -995   -995   -995   -995    -995    -995    -995
 KIN2   133   625     94   -2.8    1.2    1.2   232    5.7    0.2    1.5    0.00   991.88     0   -1.5    0.0   -995   -995   -995   -995   -995    -995    -995    -995
 KIN2   133   630     93   -3.0    1.0    1.0   237    7.2    0.2    1.3    0.00   991.89     0   -1.4    0.0    7.1    5.4    6.2    8.3    8.7    1.45    1.55    1.82
 KIN2   133   635     94   -3.0    0.7    0.7   218    5.8    0.1    0.8    0.00   991.93     0   -1.7    0.0   -995   -995   -995   -995   -995    -995    -995    -995
 KIN2   133   640     94   -2.9    0.8    0.8   221    0.1    0.1    0.9    0.00   991.91     0   -1.6    0.0   -995   -995   -995   -995   -995    -995    -995    -995
 KIN2   133   645     94   -2.9    0.8    0.7   203   10.7    0.1    0.9    0.00   991.96     0   -1.8    0.0    7.0    5.3    6.2    8.3    8.7    -995    -995    -995
 KIN2   133   650     94   -3.0    0.7    0.7   222    5.8    0.1    0.9    0.00   992.00     0   -1.5    0.0   -995   -995   -995   -995   -995    -995    -995    -995
 KIN2   133   655     93   -3.1    0.7    0.7   203    9.4    0.1    0.8    0.00   991.99     0   -1.5    0.0   -995   -995   -995   -995   -995    -995    -995    -995
 KIN2   133   660     94   -3.0    1.0    1.0   217    0.7    0.1    1.2    0.00   991.95     0   -1.2    0.4    7.0    5.2    6.1    8.2    8.7    1.45    1.55    1.82
 KIN2   133   665     93   -3.0    0.9    0.9   202   12.9    0.0    1.0    0.00   992.00     0   -1.2    0.1   -995   -995   -995   -995   -995    -995    -995    -995
 KIN2   133   670     93   -2.9    1.0    1.0   195    4.5    0.1    1.2    0.00   992.06     0   -1.3    0.0   -995   -995   -995   -995   -995    -995    -995    -995
 KIN2   133   675     94   -2.7    1.4    1.4   222    4.1    0.1    1.6    0.00   992.10     0   -1.0    0.9    6.9    5.1    6.1    8.2    8.6    -995    -995    -995
 KIN2   133   680     93   -2.9    1.3    1.3   207   10.6    0.1    1.5    0.00   992.18     0   -1.0    0.1   -995   -995   -995   -995   -995    -995    -995    -995
 KIN2   133   685     93   -2.8    1.3    1.3   174    7.5    0.1    1.4    0.00   992.23     0   -1.2    0.0   -995   -995   -995   -995   -995    -995    -995    -995
 KIN2   133   690     93   -2.4    1.4    1.4   211   10.0    0.1    1.6    0.00   992.18     0   -0.8    0.7    6.9    5.0    6.0    8.2    8.6    1.46    1.55    1.82
 KIN2   133   695     92   -2.1    1.6    1.6   224    3.6    0.1    1.7    0.00   992.18     0   -0.6    0.7   -995   -995   -995   -995   -995    -995    -995    -995
 KIN2   133   700     90   -2.6    1.2    1.2   178   17.0    0.2    1.6    0.00   992.28     0   -1.2    0.2   -995   -995   -995   -995   -995    -995    -995    -995
 KIN2   133   705     91   -2.6    1.4    1.4   197   12.5    0.1    1.7    0.00   992.34     0   -0.9    0.4    6.8    4.9    5.9    8.1    8.6    -995    -995    -995
 KIN2   133   710     91   -2.2    1.6    1.6   215    1.4    0.2    1.8    0.00   992.37     0   -0.6    0.5   -995   -995   -995   -995   -995    -995    -995    -995
 KIN2   133   715     90   -2.6    1.1    1.1   186   10.2    0.0    1.2    0.00   992.38     0   -0.9    0.0   -995   -995   -995   -995   -995    -995    -995    -995
 KIN2   133   720     91   -2.7    1.1    1.1   187    1.7    0.1    1.2    0.00   992.43     0   -0.9    0.2    6.8    4.9    5.9    8.1    8.6    1.45    1.55    1.80
 KIN2   133   725     91   -2.4    1.0    1.0   201    9.2    0.0    1.1    0.00   992.46     0   -0.8    0.6   -995   -995   -995   -995   -995    -995    -995    -995
 KIN2   133   730     89   -2.3    0.9    0.9   224   14.2    0.1    1.2    0.00   992.50     0   -0.8    0.2   -995   -995   -995   -995   -995    -995    -995    -995
 KIN2   133   735     89   -2.3    1.1    1.1   208    6.6    0.1    1.2    0.00   992.54     0   -0.7    0.1    6.7    4.8    5.8    8.1    8.6    -995    -995    -995
 KIN2   133   740     89   -3.0    1.2    1.2   207    6.0    0.0    1.3    0.00   992.49     0   -0.7    0.2   -995   -995   -995   -995   -995    -995    -995    -995
 KIN2   133   745     91   -2.2    1.4    1.4   217    0.3    0.0    1.4    0.00   992.50     0   -0.7    0.6   -995   -995   -995   -995   -995    -995    -995    -995
 KIN2   133   750     90   -2.6    1.3    1.3   224    4.2    0.1    1.4    0.00   992.54     1   -1.0    0.0    6.7    4.7    5.8    8.1    8.6    1.45    1.55    1.80
 KIN2   133   755     90   -3.0    1.4    1.4   209    2.7    0.1    1.6    0.00   992.57     2   -1.1    0.1   -995   -995   -995   -995   -995    -995    -995    -995
 KIN2   133   760     90   -3.3    1.6    1.6   212    3.5    0.1    1.9    0.00   992.59     4   -1.1    0.8   -995   -995   -995   -995   -995    -995    -995    -995
 KIN2   133   765     92   -2.9    1.8    1.8   218    1.8    0.1    1.9    0.00   992.61     6   -1.0    0.3    6.7    4.7    5.8    8.1    8.6    -995    -995    -995
 KIN2   133   770     92   -3.0    1.5    1.5   208    3.3    0.1    1.6    0.00   992.63    11   -1.5    0.1   -995   -995   -995   -995   -995    -995    -995    -995
 KIN2   133   775     91   -3.2    1.7    1.7   206    1.5    0.1    1.8    0.00   992.61    22   -1.2    0.5   -995   -995   -995   -995   -995    -995    -995    -995
 KIN2   133   780     92   -3.2    1.8    1.8   208    1.1    0.0    1.9    0.00   992.60    36   -0.7    0.1    6.6    4.6    5.7    8.0    8.6    1.46    1.55    1.80
 KIN2   133   785     92   -2.9    1.9    1.8   205    3.7    0.1    1.9    0.00   992.60    53   -0.8    0.5   -995   -995   -995   -995   -995    -995    -995    -995
 KIN2   133   790     92   -2.6    1.8    1.8   198    1.4    0.0    1.9    0.00   992.58    72   -0.7    0.1   -995   -995   -995   -995   -995    -995    -995    -995
 KIN2   133   795     92   -2.4    1.8    1.8   199    1.8    0.1    1.9    0.00   992.62    94   -0.8    0.1    6.5    4.5    5.6    7.9    8.6    -995    -995    -995
 KIN2   133   800     92   -1.8    1.9    1.9   206    2.2    0.0    2.0    0.00   992.62   119   -0.6    0.2   -995   -995   -995   -995   -995    -995    -995    -995
 KIN2   133   805     91   -1.2    1.8    1.8   218    5.1    0.1    2.0    0.00   992.67   142   -0.4    0.8   -995   -995   -995   -995   -995    -995    -995    -995
 KIN2   133   810     89   -1.0    1.4    1.4   219    4.7    0.1    1.8    0.00   992.75   142   -0.4    0.7    6.4    4.3    5.5    7.8    8.5    1.46    1.55    1.82
 KIN2   133   815     88   -0.9    1.5    1.5   209    3.5    0.1    1.7    0.00   992.73   146   -0.5    0.9   -995   -995   -995   -995   -995    -995    -995    -995
 KIN2   133   820     87   -0.7    1.3    1.3   205    5.0    0.1    1.5    0.00   992.71   197   -0.4    0.8   -995   -995   -995   -995   -995    -995    -995    -995
 KIN2   133   825     87   -0.4    1.3    1.3   192    5.9    0.1    1.5    0.00   992.79   203   -0.2    1.0    6.3    4.2    5.5    7.8    8.4    -995    -995    -995
 KIN2   133   830     86   -0.2    1.3    1.3   195    6.9    0.1    1.5    0.00   992.87   227   -0.1    1.1   -995   -995   -995   -995   -995    -995    -995    -995
 KIN2   133   835     85    0.0    1.3    1.3   200    4.7    0.1    1.6    0.00   992.88   240    0.1    1.2   -995   -995   -995   -995   -995    -995    -995    -995
 KIN2   133   840     85    0.4    1.4    1.4   196    7.8    0.1    1.7    0.00   992.93   264    0.5    1.2    6.3    4.2    5.4    7.7    8.4    1.46    1.56    1.82
 KIN2   133   845     84    0.7    1.4    1.4   196    8.0    0.2    1.7    0.00   992.96   276    0.8    1.4   -995   -995   -995   -995   -995    -995    -995    -995
 KIN2   133   850     83    1.3    1.2    1.2   205    5.8    0.2    1.6    0.00   993.04   291    1.3    1.1   -995   -995   -995   -995   -995    -995    -995    -995
 KIN2   133   855     81    1.8    1.2    1.2   209   11.3    0.1    1.5    0.00   993.14   307    1.7    1.1    6.2    4.1    5.4    7.7    8.4    -995    -995    -995
 KIN2   133   860     77    2.1    1.8    1.8   219    5.4    0.3    2.3    0.00   993.21   324    2.1    1.6   -995   -995   -995   -995   -995    -995    -995    -995
 KIN2   133   865     74    2.5    2.3    2.2   221    6.3    0.3    2.7    0.00   993.23   342    2.3    1.9   -995   -995   -995   -995   -995    -995    -995    -995
 KIN2   133   870     73    2.6    2.4    2.4   212    7.1    0.3    3.0    0.00   993.26   358    2.5    2.1    6.2    4.0    5.4    7.7    8.4    1.46    1.55    1.80
 KIN2   133   875     73    3.0    1.9    1.9   215    9.2    0.3    2.5    0.00   993.28   371    2.9    1.6   -995   -995   -995   -995   -995    -995    -995    -995
 KIN2   133   880     74    3.6    1.8    1.8   208   10.8    0.3    2.5    0.00   993.31   390    3.4    1.6   -995   -995   -995   -995   -995    -995    -995    -995
 KIN2   133   885     72    3.9    2.1    2.0   210    6.5    0.3    2.5    0.00   993.29   406    3.7    1.8    6.1    4.1    5.5    7.7    8.4    -995    -995    -995
 KIN2   133   890     71    4.0    1.7    1.7   207    9.1    0.3    2.4    0.00   993.29   400    4.0    1.6   -995   -995   -995   -995   -995    -995    -995    -995
 KIN2   133   895     69    4.5    1.9    1.9   213    9.4    0.4    2.8    0.00   993.30   444    4.5    1.7   -995   -995   -995   -995   -995    -995    -995    -995
 KIN2   133   900     66    5.2    2.3    2.3   213    9.2    0.2    2.9    0.00   993.31   465    5.0    2.0    6.1    4.1    5.6    7.6    8.4    1.47    1.55    1.82
 KIN2   133   905     64    5.5    2.1    2.1   208    8.6    0.3    2.7    0.00   993.37   483    5.4    1.8   -995   -995   -995   -995   -995    -995    -995    -995
 KIN2   133   910     63    6.1    1.7    1.7   223   12.6    0.4    2.5    0.00   993.39   501    6.0    1.5   -995   -995   -995   -995   -995    -995    -995    -995
 KIN2   133   915     61    6.7    1.9    1.8   220   10.2    0.3    2.4    0.00   993.38   517    6.5    1.5    6.1    4.3    5.7    7.6    8.4    -995    -995    -995
 KIN2   133   920     60    7.1    2.0    2.0   223    6.7    0.3    2.7    0.00   993.32   533    6.8    1.8   -995   -995   -995   -995   -995    -995    -995    -995
 KIN2   133   925     59    7.8    2.2    2.1   221   11.0    0.4    2.9    0.00   993.31   552    7.3    1.8   -995   -995   -995   -995   -995    -995    -995    -995
 KIN2   133   930     56    8.2    2.2    2.2   219   16.0    0.4    3.3    0.00   993.30   572    7.9    1.9    6.1    4.5    5.9    7.6    8.4    1.48    1.56    1.80
 KIN2   133   935     53    8.5    2.6    2.5   217   14.0    0.6    3.7    0.00   993.25   587    8.2    2.3   -995   -995   -995   -995   -995    -995    -995    -995
 KIN2   133   940     50    9.0    3.2    3.1   221   12.2    0.5    4.7    0.00   993.17   597    8.6    2.7   -995   -995   -995   -995   -995    -995    -995    -995
 KIN2   133   945     47    9.6    3.4    3.3   226    7.5    0.6    4.9    0.00   993.17   615    9.0    2.7    6.2    4.7    6.1    7.6    8.4    -995    -995    -995
 KIN2   133   950     47    9.8    3.0    2.9   226   13.0    0.5    4.0    0.00   993.15   631    9.3    2.4   -995   -995   -995   -995   -995    -995    -995    -995
 KIN2   133   955     45   10.0    3.7    3.6   223    9.8    0.5    5.2    0.00   993.16   644    9.5    3.0   -995   -995   -995   -995   -995    -995    -995    -995
 KIN2   133   960     43   10.2    4.0    3.9   207   11.1    0.8    6.1    0.00   993.15   655    9.7    3.3    6.3    5.1    6.4    7.7    8.5    1.48    1.56    1.82
 KIN2   133   965     42   10.4    4.0    4.0   204   10.3    0.6    5.3    0.00   993.19   670    9.9    3.5   -995   -995   -995   -995   -995    -995    -995    -995
 KIN2   133   970     41   10.7    3.6    3.6   222    9.9    0.6    5.3    0.00   993.22   683    9.9    2.9   -995   -995   -995   -995   -995    -995    -995    -995
 KIN2   133   975     42   10.7    3.6    3.5   217   11.9    0.6    5.4    0.00   993.22   692   10.1    3.0    6.4    5.5    6.7    7.7    8.5    -995    -995    -995
 KIN2   133   980     42   10.8    3.2    3.1   210   13.9    0.6    4.2    0.00   993.22   702   10.3    2.9   -995   -995   -995   -995   -995    -995    -995    -995
 KIN2   133   985     42   11.1    3.6    3.5   213   13.7    0.8    5.4    0.00   993.19   717   10.5    3.2   -995   -995   -995   -995   -995    -995    -995    -995
 KIN2   133   990     39   11.1    3.6    3.6   214   11.9    0.7    5.2    0.00   993.18   730   10.5    3.1    6.5    5.8    6.9    7.7    8.6    1.49    1.56    1.82
 KIN2   133   995     38   11.2    3.8    3.7   229   13.2    0.8    5.8    0.00   993.19   728   10.7    3.1   -995   -995   -995   -995   -995    -995    -995    -995
 KIN2   133  1000     37   11.4    4.4    4.4   220   10.2    0.7    5.7    0.00   993.14   753   10.7    3.7   -995   -995   -995   -995   -995    -995    -995    -995
 KIN2   133  1005     38   11.6    4.2    4.1   221   13.4    0.8    6.2    0.00   993.07   760   10.8    3.3    6.7    6.2    7.2    7.7    8.6    -995    -995    -995
 KIN2   133  1010     37   11.4    4.7    4.7   222    8.2    0.7    6.1    0.00   993.02   775   10.6    4.0   -995   -995   -995   -995   -995    -995    -995    -995
 KIN2   133  1015     37   11.6    4.1    4.0   229   12.0    0.7    5.4    0.00   992.95   784   10.9    3.2   -995   -995   -995   -995   -995    -995    -995    -995
 KIN2   133  1020     37   11.6    3.7    3.6   209   13.2    0.8    5.4    0.00   992.88   795   11.1    3.1    6.8    6.7    7.5    7.8    8.7    1.49    1.57    1.80
 KIN2   133  1025     38   11.9    3.9    3.8   216   13.8    0.6    5.5    0.00   992.80   803   11.3    3.2   -995   -995   -995   -995   -995    -995    -995    -995
 KIN2   133  1030     37   11.9    3.9    3.7   213   19.3    0.8    5.8    0.00   992.70   811   11.2    3.3   -995   -995   -995   -995   -995    -995    -995    -995
 KIN2   133  1035     36   12.0    3.5    3.4   210   14.1    0.9    6.2    0.00   992.61   819   11.4    3.0    7.0    7.1    7.8    7.8    8.7    -995    -995    -995
 KIN2   133  1040     36   12.4    4.0    3.9   215   12.0    1.0    6.2    0.00   992.51   828   11.6    3.4   -995   -995   -995   -995   -995    -995    -995    -995
 KIN2   133  1045     36   12.5    2.9    2.7   223   15.6    0.9    5.2    0.00   992.47   835   11.9    2.5   -995   -995   -995   -995   -995    -995    -995    -995
 KIN2   133  1050     36   12.5    2.7    2.6   214   13.6    1.0    5.3    0.00   992.41   842   12.0    2.3    7.1    7.6    8.1    7.8    8.7    1.49    1.56    1.82
 KIN2   133  1055     35   12.6    3.1    2.9   229   17.7    0.7    5.7    0.00   992.31   848   12.1    2.6   -995   -995   -995   -995   -995    -995    -995    -995
 KIN2   133  1060     36   12.8    3.5    3.4   217    9.7    0.9    6.3    0.00   992.23   854   12.1    3.1   -995   -995   -995   -995   -995    -995    -995    -995
 KIN2   133  1065     37   13.2    4.2    4.2   212    7.0    0.9    6.0    0.00   992.14   859   12.3    3.6    7.2    8.0    8.4    7.8    8.7    -995    -995    -995
 KIN2   133  1070     34   12.7    3.3    3.2   231   17.9    1.1    5.9    0.00   992.06   864   12.2    2.6   -995   -995   -995   -995   -995    -995    -995    -995
 KIN2   133  1075     35   13.1    3.3    3.3   219   11.6    0.9    5.5    0.00   991.97   868   12.4    2.8   -995   -995   -995   -995   -995    -995    -995    -995
 KIN2   133  1080     35   13.0    2.6    2.6   229   11.1    1.3    5.0    0.00   991.88   872   12.5    2.2    7.4    8.5    8.6    7.8    8.7    1.48    1.56    1.82
 KIN2   133  1085     36   13.6    3.9    3.8   203   12.3    1.3    5.9    0.00   991.78   876   12.7    3.4   -995   -995   -995   -995   -995    -995    -995    -995
 KIN2   133  1090     36   13.6    3.8    3.7   205   14.4    1.5    6.6    0.00   991.69   880   12.9    3.2   -995   -995   -995   -995   -995    -995    -995    -995
 KIN2   133  1095     34   13.7    2.9    2.6   248   27.5    1.0    4.6    0.00   991.66   882   13.0    2.4    7.6    8.9    8.9    7.8    8.7    -995    -995    -995
 KIN2   133  1100     35   14.0    3.0    2.5   240   33.6    1.0    5.2    0.00   991.54   886   13.5    2.5   -995   -995   -995   -995   -995    -995    -995    -995
 KIN2   133  1105     34   13.8    3.3    2.9   226   26.0    1.2    5.5    0.00   991.44   887   13.2    2.8   -995   -995   -995   -995   -995    -995    -995    -995
 KIN2   133  1110     34   14.0    2.6    2.5   206   20.7    0.6    4.2    0.00   991.38   889   13.4    2.2    7.7    9.4    9.2    7.8    8.7    1.48    1.56    1.82
 KIN2   133  1115     35   14.3    3.9    3.8   197    9.1    1.0    5.4    0.00   991.23   889   13.6    3.4   -995   -995   -995   -995   -995    -995    -995    -995
 KIN2   133  1120     33   14.0    3.1    3.1   201    9.4    0.5    4.1    0.00   991.14   888   13.5    2.8   -995   -995   -995   -995   -995    -995    -995    -995
 KIN2   133  1125     33   14.3    3.2    3.1   222   16.7    1.0    4.9    0.00   991.03   889   13.9    2.8    7.9    9.9    9.5    7.8    8.7    -995    -995    -995
 KIN2   133  1130     32   14.4    2.8    2.7   226   17.2    1.3    6.0    0.00   990.95   890   14.0    2.5   -995   -995   -995   -995   -995    -995    -995    -995
 KIN2   133  1135     32   14.6    3.4    3.3   225   13.8    1.0    5.9    0.00   990.86   888   14.0    2.8   -995   -995   -995   -995   -995    -995    -995    -995
 KIN2   133  1140     31   14.6    3.1    2.9   218   19.4    0.8    4.2    0.00   990.77   888   14.2    2.5    8.1   10.3    9.7    7.8    8.7    1.49    1.56    1.82
 KIN2   133  1145     32   14.8    2.1    2.0   202   23.1    0.8    4.6    0.00   990.65   886   14.5    1.8   -995   -995   -995   -995   -995    -995    -995    -995
 KIN2   133  1150     30   15.1    3.2    3.0   210   16.9    0.9    5.4    0.00   990.51   881   14.5    2.8   -995   -995   -995   -995   -995    -995    -995    -995
 KIN2   133  1155     31   15.1    4.1    4.1   188   10.5    0.8    5.7    0.00   990.34   877   14.5    3.8    8.3   10.8   10.0    7.8    8.7    -995    -995    -995
 KIN2   133  1160     30   15.1    2.7    2.6   199   16.5    0.6    4.3    0.00   990.27   874   14.8    2.5   -995   -995   -995   -995   -995    -995    -995    -995
 KIN2   133  1165     31   15.5    4.6    4.4   208   17.7    1.0    6.7    0.00   990.14   869   14.9    4.0   -995   -995   -995   -995   -995    -995    -995    -995
 KIN2   133  1170     30   15.5    4.2    4.0   199   17.0    1.1    6.8    0.00   990.03   864   14.7    3.6    8.5   11.2   10.2    7.9    8.7    1.49    1.56    1.82
 KIN2   133  1175     29   15.3    2.8    2.6   208   18.0    0.6    4.1    0.00   989.97   861   14.8    2.5   -995   -995   -995   -995   -995    -995    -995    -995
 KIN2   133  1180     29   15.3    3.8    3.7   191   11.8    0.9    5.6    0.00   989.85   855   14.7    3.3   -995   -995   -995   -995   -995    -995    -995    -995
 KIN2   133  1185     29   15.5    4.0    3.9   206   15.5    1.0    5.8    0.00   989.73   850   14.9    3.5    8.7   11.7   10.4    7.9    8.7    -995    -995    -995
 KIN2   133  1190     28   15.8    2.2    2.0   264   21.4    0.9    4.3    0.00   989.62   845   15.2    1.7   -995   -995   -995   -995   -995    -995    -995    -995
 KIN2   133  1195     28   15.9    3.8    3.5   225   20.1    1.4    7.0    0.00   989.46   838   15.3    3.3   -995   -995   -995   -995   -995    -995    -995    -995
 KIN2   133  1200     28   15.5    3.5    3.3   201   20.5    1.5    5.7    0.00   989.35   831   14.9    3.0    8.8   12.1   10.6    7.9    8.7    1.48    1.56    1.82
 KIN2   133  1205     29   15.8    3.6    3.3   198   20.7    0.8    5.4    0.00   989.23   822   15.2    3.0   -995   -995   -995   -995   -995    -995    -995    -995
 KIN2   133  1210     28   16.0    3.1    3.0   228   16.0    0.9    4.7    0.00   989.15   816   15.5    2.6   -995   -995   -995   -995   -995    -995    -995    -995
 KIN2   133  1215     28   15.7    3.5    3.3   218   15.5    0.8    4.7    0.00   989.10   810   15.1    2.8    9.0   12.4   10.7    8.0    8.7    -995    -995    -995
 KIN2   133  1220     27   15.4    3.2    3.1   211   13.1    0.6    4.6    0.00   989.04   799   15.1    2.7   -995   -995   -995   -995   -995    -995    -995    -995
 KIN2   133  1225     27   15.6    2.5    2.5   215   14.2    1.5    5.5    0.00   988.96   791   15.2    2.1   -995   -995   -995   -995   -995    -995    -995    -995
 KIN2   133  1230     29   16.0    2.9    2.9   202   13.3    0.7    5.2    0.00   988.86   783   15.5    2.5    9.2   12.8   10.8    8.0    8.7    1.49    1.56    1.82
 KIN2   133  1235     27   15.8    2.2    2.1   235   14.4    1.0    4.9    0.00   988.74   775   15.4    1.7   -995   -995   -995   -995   -995    -995    -995    -995
 KIN2   133  1240     28   15.8    3.7    3.5   205   13.9    1.0    5.5    0.00   988.68   765   15.5    3.1   -995   -995   -995   -995   -995    -995    -995    -995
 KIN2   133  1245     28   15.9    3.0    2.9   208   17.4    1.1    5.0    0.00   988.63   752   15.6    2.6    9.3   13.1   10.9    8.0    8.7    -995    -995    -995
 KIN2   133  1250     27   15.8    2.1    1.9   195   28.1    1.0    4.6    0.00   988.57   740   15.5    1.8   -995   -995   -995   -995   -995    -995    -995    -995
 KIN2   133  1255     27   16.1    1.4    1.2   192   28.4    1.1    3.8    0.00   988.51   728   16.1    1.2   -995   -995   -995   -995   -995    -995    -995    -995
 KIN2   133  1260     28   16.2    3.6    3.5   207   12.9    1.1    5.7    0.00   988.47   716   15.7    3.3    9.5   13.5   11.0    8.1    8.7    1.48    1.55    1.82
 KIN2   133  1265     29   16.3    3.2    3.1   192   13.4    0.7    5.1    0.00   988.43   705   15.8    2.9   -995   -995   -995   -995   -995    -995    -995    -995
 KIN2   133  1270     27   16.0    2.3    2.2   207   16.6    1.2    4.9    0.00   988.37   686   15.8    1.8   -995   -995   -995   -995   -995    -995    -995    -995
 KIN2   133  1275     28   16.1    2.7    2.6   192   19.9    1.2    5.2    0.00   988.27   673   15.7    2.5    9.6   13.8   11.1    8.1    8.7    -995    -995    -995
 KIN2   133  1280     29   16.4    2.7    2.6   195   16.3    1.0    4.5    0.00   988.22   665   16.0    2.4   -995   -995   -995   -995   -995    -995    -995    -995
 KIN2   133  1285     28   16.1    3.1    3.0   192   12.1    0.6    4.4    0.00   988.20   653   15.8    2.7   -995   -995   -995   -995   -995    -995    -995    -995
 KIN2   133  1290     27   16.1    2.8    2.6   206   23.5    0.6    4.4    0.00   988.20   640   15.8    2.4    9.8   13.9   11.2    8.2    8.7    1.48    1.56    1.82
 KIN2   133  1295     26   15.9    2.4    2.4   217    7.4    1.1    4.2    0.00   988.17   626   15.7    2.0   -995   -995   -995   -995   -995    -995    -995    -995
 KIN2   133  1300     27   16.3    2.2    2.1   226   17.5    0.9    3.7    0.00   988.06   611   16.1    1.8   -995   -995   -995   -995   -995    -995    -995    -995
 KIN2   133  1305     28   16.4    2.5    2.4   166    9.4    0.3    3.2    0.00   988.00   595   16.0    2.3    9.9   14.0   11.2    8.2    8.7    -995    -995    -995
 KIN2   133  1310     26   16.2    2.1    2.0   166   16.9    0.5    3.7    0.00   987.97   580   15.9    1.8   -995   -995   -995   -995   -995    -995    -995    -995
 KIN2   133  1315     27   16.2    2.4    2.3   169   17.3    0.6    3.7    0.00   987.92   559   16.0    2.2   -995   -995   -995   -995   -995    -995    -995    -995
 KIN2   133  1320     27   16.1    2.6    2.5   174   13.4    0.4    3.4    0.00   987.91   516   16.0    2.3   10.0   14.0   11.2    8.3    8.7    1.48    1.55    1.82
 KIN2   133  1325     27   16.1    2.4    2.3   213   19.7    0.5    3.4    0.00   987.95   456   16.0    2.0   -995   -995   -995   -995   -995    -995    -995    -995
 KIN2   133  1330     27   16.2    2.3    2.2   222   18.0    0.9    3.6    0.00   987.93   533   16.1    2.1   -995   -995   -995   -995   -995    -995    -995    -995
 KIN2   133  1335     25   16.0    2.1    2.0   232   16.2    0.7    3.6    0.00   987.89   470   16.0    1.9   10.1   14.1   11.3    8.4    8.8    -995    -995    -995
 KIN2   133  1340     25   15.8    1.5    1.4   162   14.2    0.9    2.9    0.00   987.84   372   16.0    1.2   -995   -995   -995   -995   -995    -995    -995    -995
 KIN2   133  1345     26   16.0    1.8    1.8   169   14.4    0.5    3.0    0.00   987.82   417   16.0    1.6   -995   -995   -995   -995   -995    -995    -995    -995
 KIN2   133  1350     26   16.0    1.8    1.6   225   27.0    0.4    2.6    0.00   987.80   435   16.1    1.5   10.2   14.2   11.2    8.4    8.8    1.48    1.56    1.82
 KIN2   133  1355     25   16.1    1.3    1.3   182   15.1    0.5    2.0    0.00   987.77   418   16.3    1.0   -995   -995   -995   -995   -995    -995    -995    -995
 KIN2   133  1360     26   16.2    1.5    1.5   169   12.6    0.4    2.4    0.00   987.74   399   16.2    1.2   -995   -995   -995   -995   -995    -995    -995    -995
 KIN2   133  1365     28   16.2    2.8    2.7   219   17.0    0.7    3.9    0.00   987.74   388   16.1    2.2   10.3   14.3   11.2    8.5    8.8    -995    -995    -995
 KIN2   133  1370     27   16.0    1.8    1.8   218   11.4    0.5    2.9    0.00   987.74   370   16.1    1.5   -995   -995   -995   -995   -995    -995    -995    -995
 KIN2   133  1375     28   16.1    2.6    2.6   221    9.8    0.8    3.9    0.00   987.72   354   16.1    2.1   -995   -995   -995   -995   -995    -995    -995    -995
 KIN2   133  1380     28   15.9    2.5    2.4   200   12.1    0.6    3.5    0.00   987.75   317   15.9    2.1   10.3   14.4   11.1    8.5    8.8    1.47    1.56    1.82
 KIN2   133  1385     27   15.9    1.6    1.6   167   11.6    0.6    2.8    0.00   987.73   292   15.9    1.3   -995   -995   -995   -995   -995    -995    -995    -995
 KIN2   133  1390     27   16.0    1.6    1.5   136   12.6    0.4    2.2    0.00   987.69   282   16.0    1.5   -995   -995   -995   -995   -995    -995    -995    -995
 KIN2   133  1395     26   16.0    0.8    0.8   131   11.1    0.2    1.2    0.00   987.68   244   16.1    0.4   10.4   14.4   11.0    8.6    8.8    -995    -995    -995
 KIN2   133  1400     28   16.0    0.8    0.7   193   34.3    0.3    1.7    0.00   987.64   254   16.4    0.3   -995   -995   -995   -995   -995    -995    -995    -995
 KIN2   133  1405     29   16.0    1.4    1.4   153    6.6    0.3    2.0    0.00   987.60   203   16.1    1.1   -995   -995   -995   -995   -995    -995    -995    -995
 KIN2   133  1410     25   15.9    0.4    0.4   146    9.8    0.3    0.9    0.00   987.57   158   16.1    0.2   10.4   14.4   10.9    8.6    8.8    1.48    1.56    1.82
 KIN2   133  1415     25   15.5    0.5    0.5   200   16.5    0.3    1.1    0.00   987.58   144   16.3    0.2   -995   -995   -995   -995   -995    -995    -995    -995
 KIN2   133  1420     28   15.4    1.0    1.0   182   10.9    0.2    1.5    0.00   987.61   120   15.9    0.5   -995   -995   -995   -995   -995    -995    -995    -995
 KIN2   133  1425     35   14.8    2.1    2.0   195    8.1    0.2    2.5    0.00   987.62   112   15.6    1.4   10.4   14.4   10.9    8.7    8.8    -995    -995    -995
 KIN2   133  1430     40   14.3    2.9    2.9   176    3.2    0.3    3.4    0.00   987.58   102   15.3    1.7   -995   -995   -995   -995   -995    -995    -995    -995
 KIN2   133  1435     42   14.1    2.7    2.7   169    3.6    0.3    3.2    0.00   987.59   107   15.3    1.5   -995   -995   -995   -995   -995    -995    -995    -995
</pre>