<pre>  101 ! (c) 2019 Oklahoma Climatological Survey and the Oklahoma Mesonet - all rights reserved
  21 2019 04 25 00 00 00
 STID  STNM  TIME   RELH   TAIR   WSPD   WVEC  WDIR   WDSD   WSSD   WMAX    RAIN     PRES  SRAD   TA9M   WS2M   TS10   TB10   TS05   TS25   TS60    TR05    TR25    TR60
 KIN2   133     0     62   18.8    0.7    0.6   146   19.1    0.2    1.3    0.00   972.05   128   19.0    0.2   18.0   21.8   18.5   16.7   15.7    1.42    1.53    2.86
 KIN2   133     5     67   18.6    1.8    1.8   146    4.7    0.5    2.4    0.00   972.08   112   18.8    1.1   -995   -995   -995   -995   -995    -995    -995    -995
 KIN2   133    10     69   18.2    1.6    1.6   167   12.8    0.3    2.2    0.00   972.14   102   18.7    1.0   -995   -995   -995   -995   -995    -995    -995    -995
 KIN2   133    15     68   18.2    0.8    0.8   175    6.3    0.1    1.1    0.00   972.07    92   18.7    0.1   18.1   21.8   18.5   16.8   15.8    -995    -995    -995
 KIN2   133    20     74   18.0    1.3    1.3   168   10.9    0.4    2.5    0.00   972.05    81   18.6    0.3   -995   -995   -995   -995   -995    -995    -995    -995
 KIN2   133    25     73   17.9    2.6    2.5   135   12.0    0.3    3.4    0.00   972.02    82   18.3    2.0   -995   -995   -995   -995   -995    -995    -995    -995
 KIN2   133    30     73   17.8    2.7    2.7   120    9.0    0.4    3.6    0.00   972.06    60   18.2    1.9   18.1   21.7   18.5   16.9   15.8    1.42    1.52    2.86
 KIN2   133    35     73   17.7    2.5    2.5   115    8.1    0.5    3.3    0.00   971.95    55   18.2    1.8   -995   -995   -995   -995   -995    -995    -995    -995
 KIN2   133    40     74   17.6    2.2    2.2   126    8.4    0.6    3.4    0.00   971.96    48   18.1    1.6   -995   -995   -995   -995   -995    -995    -995    -995
 KIN2   133    45     74   17.6    2.9    2.9   122    8.6    0.4    3.8    0.00   972.00    43   18.1    2.0   18.1   21.6   18.4   16.9   15.8    -995    -995    -995
 KIN2   133    50     74   17.4    2.6    2.6   113    7.0    0.3    3.5    0.00   972.08    33   18.0    1.8   -995   -995   -995   -995   -995    -995    -995    -995
 KIN2   133    55     76   17.2    2.3    2.2   116    7.9    0.3    3.1    0.00   972.10    23   17.9    1.4   -995   -995   -995   -995   -995    -995    -995    -995
 KIN2   133    60     78   16.9    1.7    1.7   119   11.0    0.3    2.3    0.00   972.15    17   17.8    0.6   18.0   21.4   18.3   16.9   15.8    1.42    1.53    2.85
 KIN2   133    65     78   16.9    2.7    2.7   119    8.5    0.4    3.5    0.00   972.15    12   17.7    1.8   -995   -995   -995   -995   -995    -995    -995    -995
 KIN2   133    70     79   16.8    2.7    2.7   140    8.4    0.3    3.3    0.00   972.23     9   17.5    1.8   -995   -995   -995   -995   -995    -995    -995    -995
 KIN2   133    75     80   16.5    2.8    2.7   142    5.8    0.5    3.9    0.00   972.26     7   17.3    1.8   18.0   21.2   18.2   16.9   15.8    -995    -995    -995
 KIN2   133    80     82   16.3    2.5    2.5   148    6.8    0.4    3.8    0.00   972.33     5   17.1    1.6   -995   -995   -995   -995   -995    -995    -995    -995
 KIN2   133    85     83   16.2    2.3    2.3   147    8.1    0.4    3.4    0.00   972.26     2   17.0    1.3   -995   -995   -995   -995   -995    -995    -995    -995
 KIN2   133    90     83   16.0    2.6    2.5   145    7.1    0.3    3.5    0.00   972.25     1   16.8    1.6   18.0   20.9   18.1   16.9   15.7    1.42    1.52    2.85
 KIN2   133    95     83   16.0    2.5    2.5   141    5.3    0.4    3.5    0.00   972.16     0   16.7    1.6   -995   -995   -995   -995   -995    -995    -995    -995
 KIN2   133   100     84   15.8    2.4    2.4   143    5.6    0.2    3.2    0.00   972.10     0   16.6    1.4   -995   -995   -995   -995   -995    -995    -995    -995
 KIN2   133   105     85   15.6    2.2    2.1   148    6.3    0.3    2.8    0.00   972.09     0   16.5    0.9   17.9   20.7   18.0   16.9   15.7    -995    -995    -995
 KIN2   133   110     86   15.4    1.8    1.8   150    3.7    0.2    2.4    0.00   972.07     0   16.4    0.6   -995   -995   -995   -995   -995    -995    -995    -995
 KIN2   133   115     88   15.2    1.9    1.9   151    3.7    0.2    2.3    0.00   972.04     0   16.4    0.4   -995   -995   -995   -995   -995    -995    -995    -995
 KIN2   133   120     88   15.2    1.5    1.5   148    4.8    0.1    1.8    0.00   971.95     0   16.3    0.0   17.9   20.5   17.9   16.9   15.7    1.42    1.53    2.85
 KIN2   133   125     89   14.9    1.6    1.6   159    4.0    0.1    1.8    0.00   972.01     0   16.4    0.4   -995   -995   -995   -995   -995    -995    -995    -995
 KIN2   133   130     90   14.6    1.8    1.8   168    1.7    0.2    2.2    0.00   971.97     0   16.3    0.8   -995   -995   -995   -995   -995    -995    -995    -995
 KIN2   133   135     91   14.2    2.0    2.0   167    2.9    0.3    2.5    0.00   972.07     0   15.9    0.3   17.8   20.2   17.8   16.9   15.7    -995    -995    -995
 KIN2   133   140     93   14.2    1.7    1.7   170    4.1    0.1    2.0    0.00   972.12     0   15.3    0.0   -995   -995   -995   -995   -995    -995    -995    -995
 KIN2   133   145     93   14.4    2.2    2.2   157    3.6    0.3    2.7    0.00   972.16     0   15.5    0.6   -995   -995   -995   -995   -995    -995    -995    -995
 KIN2   133   150     94   15.0    2.6    2.6   159    3.2    0.2    3.0    0.00   972.19     0   15.8    1.3   17.7   20.0   17.7   16.9   15.6    1.42    1.52    2.85
 KIN2   133   155     92   15.3    2.8    2.8   157    5.1    0.2    3.5    0.00   972.27     0   15.9    1.5   -995   -995   -995   -995   -995    -995    -995    -995
 KIN2   133   160     90   15.4    3.0    3.0   166    7.4    0.3    3.6    0.00   972.22     0   15.9    1.8   -995   -995   -995   -995   -995    -995    -995    -995
 KIN2   133   165     88   15.1    2.7    2.7   183    8.2    0.3    3.7    0.00   972.12     0   15.8    1.6   17.6   19.8   17.6   16.9   15.6    -995    -995    -995
 KIN2   133   170     89   14.9    2.1    2.0   217   18.1    0.3    2.6    0.00   971.83     0   15.5    1.1   -995   -995   -995   -995   -995    -995    -995    -995
 KIN2   133   175     89   14.9    1.5    1.5   248    8.3    0.2    1.9    0.00   971.61     0   15.4    0.6   -995   -995   -995   -995   -995    -995    -995    -995
 KIN2   133   180     89   14.9    1.5    1.5   253    8.5    0.2    1.8    0.00   971.53     0   15.4    0.3   17.6   19.6   17.5   16.9   15.6    1.42    1.53    2.86
 KIN2   133   185     89   14.8    1.1    1.1   242    7.0    0.3    1.7    0.00   971.55     0   15.1    0.1   -995   -995   -995   -995   -995    -995    -995    -995
 KIN2   133   190     90   14.6    0.8    0.8   260    3.8    0.1    1.1    0.00   971.56     0   15.0    0.0   -995   -995   -995   -995   -995    -995    -995    -995
 KIN2   133   195     91   14.2    0.3    0.3   255    2.7    0.3    0.8    0.00   971.54     0   15.0    0.0   17.6   19.5   17.4   16.9   15.6    -995    -995    -995
 KIN2   133   200     92   13.6    0.6    0.3    91   50.8    0.4    1.1    0.00   971.60     0   14.8    0.0   -995   -995   -995   -995   -995    -995    -995    -995
 KIN2   133   205     94   13.6    1.3    1.3    94    4.1    0.1    1.6    0.00   971.71     0   14.9    0.2   -995   -995   -995   -995   -995    -995    -995    -995
 KIN2   133   210     95   13.4    1.4    1.3   104    3.8    0.1    1.5    0.00   971.86     0   15.2    0.0   17.5   19.3   17.4   16.9   15.6    1.42    1.53    2.86
 KIN2   133   215     95   13.3    1.4    1.4   120    3.7    0.1    1.6    0.00   972.03     0   15.1    0.0   -995   -995   -995   -995   -995    -995    -995    -995
 KIN2   133   220     96   13.6    1.0    1.0   142    8.1    0.2    1.4    0.00   972.17     0   15.1    0.1   -995   -995   -995   -995   -995    -995    -995    -995
 KIN2   133   225     95   13.3    1.5    1.5   143    3.0    0.2    1.9    0.00   972.29     0   15.0    0.3   17.5   19.1   17.3   16.9   15.6    -995    -995    -995
 KIN2   133   230     95   13.0    1.9    1.9   136    3.1    0.2    2.2    0.00   972.41     0   14.8    0.1   -995   -995   -995   -995   -995    -995    -995    -995
 KIN2   133   235     96   13.4    0.8    0.8   125    8.0    0.3    1.5    0.00   972.29     0   14.7    0.0   -995   -995   -995   -995   -995    -995    -995    -995
 KIN2   133   240     96   13.5    0.9    0.9   108    9.7    0.3    1.3    0.00   972.36     0   14.6    0.0   17.4   19.0   17.2   16.9   15.6    1.42    1.53    2.85
 KIN2   133   245     96   13.4    1.1    1.0    64   14.4    0.1    1.3    0.00   972.30     0   14.4    0.2   -995   -995   -995   -995   -995    -995    -995    -995
 KIN2   133   250     95   13.3    1.2    1.2    55    6.2    0.1    1.5    0.00   972.18     0   14.3    0.4   -995   -995   -995   -995   -995    -995    -995    -995
 KIN2   133   255     96   13.6    0.9    0.9    40   11.6    0.1    1.2    0.00   972.07     0   14.2    0.1   17.4   18.8   17.2   16.9   15.6    -995    -995    -995
 KIN2   133   260     95   13.6    0.6    0.6    44    7.1    0.1    0.8    0.00   971.94     0   14.1    0.0   -995   -995   -995   -995   -995    -995    -995    -995
 KIN2   133   265     95   13.5    0.7    0.7    61    9.5    0.1    0.8    0.00   971.84     0   14.1    0.0   -995   -995   -995   -995   -995    -995    -995    -995
 KIN2   133   270     95   13.0    0.9    0.9    93   10.0    0.1    1.1    0.00   971.90     0   14.1    0.0   17.3   18.6   17.1   16.9   15.6    1.42    1.52    2.86
 KIN2   133   275     95   12.7    0.9    0.9    94    1.3    0.2    1.2    0.00   971.77     0   13.9    0.0   -995   -995   -995   -995   -995    -995    -995    -995
 KIN2   133   280     96   13.1    0.9    0.9   116    7.6    0.1    1.1    0.00   971.74     0   14.0    0.0   -995   -995   -995   -995   -995    -995    -995    -995
 KIN2   133   285     96   13.3    0.7    0.7   119    5.4    0.3    1.3    0.00   971.74     0   13.9    0.0   17.3   18.4   17.0   16.9   15.6    -995    -995    -995
 KIN2   133   290     96   13.1    0.2    0.2   112    1.1    0.1    0.4    0.00   971.72     0   13.9    0.0   -995   -995   -995   -995   -995    -995    -995    -995
 KIN2   133   295     96   13.3    0.2    0.2   150    3.5    0.3    0.8    0.00   971.76     0   13.7    0.0   -995   -995   -995   -995   -995    -995    -995    -995
 KIN2   133   300     96   13.0    0.9    0.9   162    3.5    0.1    1.2    0.00   971.79     0   13.7    0.0   17.2   18.3   16.9   16.9   15.6    1.42    1.53    2.85
 KIN2   133   305     96   12.6    1.7    1.7   160    1.4    0.4    2.4    0.00   971.84     0   13.9    0.7   -995   -995   -995   -995   -995    -995    -995    -995
 KIN2   133   310     96   12.1    2.2    2.2   160    2.0    0.1    2.5    0.00   971.79     0   13.9    0.7   -995   -995   -995   -995   -995    -995    -995    -995
 KIN2   133   315     97   12.3    1.9    1.9   172    5.0    0.1    2.0    0.00   971.62     0   13.7    0.6   17.1   18.1   16.8   16.9   15.6    -995    -995    -995
 KIN2   133   320     97   12.3    1.4    1.4   169    8.3    0.3    1.8    0.00   971.57     0   13.6    0.0   -995   -995   -995   -995   -995    -995    -995    -995
 KIN2   133   325     97   12.1    1.0    1.0   118    9.7    0.1    1.4    0.00   971.55     0   13.3    0.0   -995   -995   -995   -995   -995    -995    -995    -995
 KIN2   133   330     97   12.5    0.9    0.9    98    8.3    0.1    1.1    0.00   971.56     0   13.5    0.0   17.1   18.0   16.8   16.9   15.6    1.42    1.53    2.85
 KIN2   133   335     97   12.8    0.7    0.7   118    7.2    0.1    0.9    0.00   971.42     0   13.6    0.0   -995   -995   -995   -995   -995    -995    -995    -995
 KIN2   133   340     97   12.5    1.0    1.0   144   13.7    0.1    1.4    0.00   971.40     0   13.6    0.2   -995   -995   -995   -995   -995    -995    -995    -995
 KIN2   133   345     98   12.6    0.4    0.4   171   10.9    0.3    0.9    0.00   971.24     0   13.5    0.0   17.0   17.8   16.7   16.9   15.6    -995    -995    -995
 KIN2   133   350     98   12.7    0.4    0.4    66   11.1    0.2    0.8    0.00   971.05     0   13.4    0.2   -995   -995   -995   -995   -995    -995    -995    -995
 KIN2   133   355     98   12.9    0.3    0.3   209    6.8    0.3    1.0    0.00   971.08     0   13.3    0.0   -995   -995   -995   -995   -995    -995    -995    -995
 KIN2   133   360     97   12.7    1.1    1.0   182   11.4    0.1    1.3    0.00   971.13     0   13.2    0.0   17.0   17.7   16.6   16.8   15.6    1.42    1.52    2.85
 KIN2   133   365     97   12.2    0.8    0.8   171    0.4    0.1    0.9    0.00   971.03     0   13.1    0.0   -995   -995   -995   -995   -995    -995    -995    -995
 KIN2   133   370     97   12.5    0.9    0.8   216   18.8    0.1    1.0    0.00   970.88     0   13.1    0.4   -995   -995   -995   -995   -995    -995    -995    -995
 KIN2   133   375     97   12.2    0.9    0.9   269   15.1    0.1    1.0    0.00   970.70     0   13.1    0.5   16.9   17.5   16.6   16.8   15.6    -995    -995    -995
 KIN2   133   380     98   12.4    0.3    0.2   263   38.9    0.3    0.8    0.00   970.73     0   12.9    0.0   -995   -995   -995   -995   -995    -995    -995    -995
 KIN2   133   385     97   11.9    1.3    1.3   174    3.7    0.2    1.6    0.00   970.81     0   12.9    1.0   -995   -995   -995   -995   -995    -995    -995    -995
 KIN2   133   390     97   11.8    1.4    1.4   176    6.8    0.3    1.8    0.00   970.81     0   12.8    0.1   16.9   17.4   16.5   16.8   15.6    1.43    1.53    2.85
 KIN2   133   395     98   12.0    0.9    0.9   188    3.2    0.1    1.0    0.00   970.81     0   12.8    0.0   -995   -995   -995   -995   -995    -995    -995    -995
 KIN2   133   400     97   11.6    1.4    1.4   189    5.3    0.1    1.6    0.00   970.92     0   12.7    0.6   -995   -995   -995   -995   -995    -995    -995    -995
 KIN2   133   405     98   12.0    1.2    1.2   198    3.4    0.1    1.5    0.00   970.96     0   12.8    0.1   16.8   17.3   16.5   16.8   15.6    -995    -995    -995
 KIN2   133   410     98   11.9    1.9    1.9   174    9.0    0.6    3.2    0.00   971.16     0   12.7    0.7   -995   -995   -995   -995   -995    -995    -995    -995
 KIN2   133   415     98   11.8    3.5    3.5   155    4.7    0.3    4.3    0.00   971.46     0   12.7    1.9   -995   -995   -995   -995   -995    -995    -995    -995
 KIN2   133   420     99   12.6    3.7    3.7   153    6.2    0.5    4.6    0.25   971.49     0   13.0    2.7   16.8   17.2   16.5   16.8   15.6    1.42    1.52    2.84
 KIN2   133   425     98   12.7    2.6    2.6   159    8.0    0.6    3.8    0.25   971.38     0   13.1    1.6   -995   -995   -995   -995   -995    -995    -995    -995
 KIN2   133   430     98   12.6    1.5    1.4   164    7.9    0.3    2.1    0.25   971.18     0   13.0    0.3   -995   -995   -995   -995   -995    -995    -995    -995
 KIN2   133   435     98   12.4    1.5    1.5   158    3.2    0.4    2.6    0.25   971.13     0   12.9    0.4   16.7   17.0   16.4   16.7   15.5    -995    -995    -995
 KIN2   133   440     98   12.2    2.8    2.8   161    7.0    0.4    3.6    0.25   971.10     0   12.7    1.5   -995   -995   -995   -995   -995    -995    -995    -995
 KIN2   133   445     98   12.2    1.5    1.4   192   22.2    0.4    2.3    0.25   970.87     0   12.7    0.6   -995   -995   -995   -995   -995    -995    -995    -995
 KIN2   133   450     98   12.1    1.2    1.1   263   12.7    0.2    1.5    0.25   970.72     0   12.6    0.8   16.7   17.0   16.4   16.7   15.5    1.42    1.52    2.84
 KIN2   133   455     98   12.1    0.9    0.9   281    7.8    0.2    1.3    0.25   970.63     0   12.5    0.0   -995   -995   -995   -995   -995    -995    -995    -995
 KIN2   133   460     98   12.0    0.2    0.1   162   40.4    0.2    0.5    0.25   970.76     0   12.4    0.1   -995   -995   -995   -995   -995    -995    -995    -995
 KIN2   133   465     98   11.6    0.7    0.7   136   15.4    0.2    1.1    0.25   970.85     0   12.3    0.9   16.7   16.9   16.4   16.7   15.6    -995    -995    -995
 KIN2   133   470     98   11.7    1.9    1.8   132    7.8    0.3    2.4    0.25   970.80     0   12.4    1.1   -995   -995   -995   -995   -995    -995    -995    -995
 KIN2   133   475     98   11.9    1.3    1.3   160   10.8    0.3    2.0    0.25   970.68     0   12.5    0.2   -995   -995   -995   -995   -995    -995    -995    -995
 KIN2   133   480     98   11.9    1.2    1.2   154    9.3    0.3    1.7    0.25   970.64     0   12.4    0.1   16.6   16.8   16.3   16.7   15.6    1.43    1.52    2.84
 KIN2   133   485     98   11.7    1.2    1.2   143    6.1    0.1    1.5    0.25   970.57     0   12.3    0.1   -995   -995   -995   -995   -995    -995    -995    -995
 KIN2   133   490     98   11.7    1.3    1.3   148    9.8    0.2    1.7    0.25   970.62     0   12.3    0.0   -995   -995   -995   -995   -995    -995    -995    -995
 KIN2   133   495     98   11.8    0.8    0.7   168   13.6    0.2    1.4    0.25   970.59     0   12.2    0.0   16.6   16.7   16.3   16.7   15.6    -995    -995    -995
 KIN2   133   500     98   11.9    0.9    0.9   188   12.4    0.2    1.4    0.25   970.60     0   12.1    0.0   -995   -995   -995   -995   -995    -995    -995    -995
 KIN2   133   505     98   11.5    1.4    1.4   161    3.6    0.2    1.8    0.25   970.69     0   12.0    0.2   -995   -995   -995   -995   -995    -995    -995    -995
 KIN2   133   510     98   11.3    1.7    1.7   169    3.7    0.2    2.0    0.25   970.72     0   12.0    0.1   16.6   16.6   16.2   16.7   15.6    1.42    1.52    2.84
 KIN2   133   515     98   11.4    1.7    1.7   193   12.7    0.2    2.1    0.25   970.68     0   12.2    0.8   -995   -995   -995   -995   -995    -995    -995    -995
 KIN2   133   520     98   11.5    1.2    1.2   232   14.2    0.1    1.4    0.25   970.61     0   12.2    0.3   -995   -995   -995   -995   -995    -995    -995    -995
 KIN2   133   525     98   11.6    0.7    0.7   272    9.5    0.3    1.1    0.25   970.61     0   12.0    0.1   16.5   16.5   16.2   16.7   15.6    -995    -995    -995
 KIN2   133   530     98   11.6    0.3    0.3   262   18.6    0.1    0.6    0.25   970.59     0   11.9    0.0   -995   -995   -995   -995   -995    -995    -995    -995
 KIN2   133   535     98   11.6    1.1    1.1   269   10.1    0.2    1.4    0.25   970.54     0   12.0    0.4   -995   -995   -995   -995   -995    -995    -995    -995
 KIN2   133   540     98   11.4    1.0    1.0   274    7.1    0.1    1.3    0.25   970.53     0   11.9    0.0   16.5   16.4   16.2   16.7   15.6    1.43    1.53    2.84
 KIN2   133   545     99   11.4    0.8    0.8   245    4.9    0.2    1.1    0.25   970.55     0   11.9    0.0   -995   -995   -995   -995   -995    -995    -995    -995
 KIN2   133   550     98   11.0    0.3    0.2   176   34.2    0.2    0.6    0.25   970.59     0   11.6    0.0   -995   -995   -995   -995   -995    -995    -995    -995
 KIN2   133   555     98   11.0    0.5    0.5   159   12.0    0.2    0.9    0.25   970.62     0   11.6    0.0   16.5   16.3   16.1   16.7   15.6    -995    -995    -995
 KIN2   133   560     98   10.7    1.5    1.5   182    3.1    0.3    1.9    0.25   970.65     0   11.8    0.9   -995   -995   -995   -995   -995    -995    -995    -995
 KIN2   133   565     98   10.6    1.9    1.9   179    3.5    0.2    2.2    0.25   970.70     0   11.8    0.6   -995   -995   -995   -995   -995    -995    -995    -995
 KIN2   133   570     99   10.8    1.4    1.3   208   15.5    0.1    1.6    0.25   970.66     0   11.8    0.1   16.4   16.2   16.1   16.7   15.6    1.43    1.53    2.83
 KIN2   133   575     99   11.3    1.6    1.6   232    4.0    0.2    2.0    0.25   970.64     0   12.0    0.1   -995   -995   -995   -995   -995    -995    -995    -995
 KIN2   133   580     99   11.3    1.6    1.6   230    9.1    0.1    1.8    0.25   970.69     0   12.0    0.2   -995   -995   -995   -995   -995    -995    -995    -995
 KIN2   133   585     98   10.6    1.8    1.7   181   13.2    0.3    2.4    0.25   970.77     0   11.7    0.8   16.4   16.1   16.1   16.6   15.6    -995    -995    -995
 KIN2   133   590     99   10.6    2.4    2.3   167    7.0    0.3    3.0    0.25   970.84     0   11.6    0.9   -995   -995   -995   -995   -995    -995    -995    -995
 KIN2   133   595     99   10.9    1.5    1.5   196   13.2    0.2    2.1    0.25   970.80     0   11.9    0.1   -995   -995   -995   -995   -995    -995    -995    -995
 KIN2   133   600     99   10.9    1.2    1.1   224   10.5    0.2    1.7    0.25   970.82     0   11.9    0.1   16.3   16.0   16.0   16.6   15.6    1.42    1.53    2.83
 KIN2   133   605     99   10.8    0.7    0.6   193   23.8    0.2    1.0    0.25   970.86     0   11.6    0.1   -995   -995   -995   -995   -995    -995    -995    -995
 KIN2   133   610     99   10.6    0.6    0.6   161   13.6    0.1    0.9    0.25   970.84     0   11.3    0.0   -995   -995   -995   -995   -995    -995    -995    -995
 KIN2   133   615     99   10.8    0.6    0.6   271   11.4    0.4    1.3    0.25   970.77     0   11.5    0.5   16.3   15.9   16.0   16.6   15.6    -995    -995    -995
 KIN2   133   620     99   11.1    1.2    1.2   273    5.0    0.1    1.4    0.25   970.75     0   11.6    0.5   -995   -995   -995   -995   -995    -995    -995    -995
 KIN2   133   625     99   11.0    0.8    0.8   267   14.0    0.3    1.4    0.25   970.82     0   11.5    0.1   -995   -995   -995   -995   -995    -995    -995    -995
 KIN2   133   630     98   10.4    0.7    0.6   194   20.1    0.2    1.0    0.25   970.90     0   11.3    0.7   16.3   15.8   16.0   16.6   15.6    1.42    1.52    2.83
 KIN2   133   635     99   10.4    1.0    1.0   148    9.0    0.1    1.2    0.25   970.95     0   11.3    0.2   -995   -995   -995   -995   -995    -995    -995    -995
 KIN2   133   640     99   10.5    0.6    0.6   149    5.4    0.2    1.0    0.25   970.93     0   11.5    0.0   -995   -995   -995   -995   -995    -995    -995    -995
 KIN2   133   645     99   10.8    0.3    0.3   192   11.9    0.2    0.5    0.25   970.89     0   11.4    0.0   16.2   15.8   15.9   16.6   15.6    -995    -995    -995
 KIN2   133   650     99   10.7    0.6    0.6   204    8.2    0.1    0.7    0.25   970.92     0   11.4    0.0   -995   -995   -995   -995   -995    -995    -995    -995
 KIN2   133   655     99   10.6    0.7    0.7   168    3.6    0.1    0.8    0.25   970.96     0   11.4    0.0   -995   -995   -995   -995   -995    -995    -995    -995
 KIN2   133   660     99   10.4    0.7    0.6   170    7.0    0.1    0.8    0.25   971.00     0   11.5    0.0   16.2   15.7   15.9   16.6   15.6    1.43    1.53    2.84
 KIN2   133   665     99   10.8    0.2    0.2   182    0.0    0.2    0.5    0.25   971.03     0   11.4    0.0   -995   -995   -995   -995   -995    -995    -995    -995
 KIN2   133   670     99   10.6    0.0    0.0     0    0.0    0.0    0.0    0.25   971.05     0   11.4    0.0   -995   -995   -995   -995   -995    -995    -995    -995
 KIN2   133   675     99   10.6    0.0    0.0     0    0.0    0.0    0.0    0.25   971.09     0   11.2    0.0   16.2   15.6   15.9   16.5   15.6    -995    -995    -995
 KIN2   133   680     99   10.1    0.8    0.8   166    2.1    0.4    1.2    0.25   971.11     0   11.2    0.3   -995   -995   -995   -995   -995    -995    -995    -995
 KIN2   133   685     99    9.7    1.4    1.4   177    4.5    0.1    1.5    0.25   971.13     0   11.5    0.5   -995   -995   -995   -995   -995    -995    -995    -995
 KIN2   133   690     99   10.1    1.5    1.5   181    1.7    0.1    1.7    0.25   971.11     0   11.5    0.5   16.1   15.5   15.8   16.5   15.6    1.42    1.52    2.83
 KIN2   133   695     99   10.3    0.9    0.8   221   24.7    0.2    1.2    0.25   971.14     0   11.3    0.7   -995   -995   -995   -995   -995    -995    -995    -995
 KIN2   133   700     99   10.1    1.3    1.3   244    5.8    0.1    1.4    0.25   971.19     1   11.2    0.6   -995   -995   -995   -995   -995    -995    -995    -995
 KIN2   133   705     99   10.5    0.9    0.9   252   10.4    0.1    1.2    0.25   971.25     1   11.2    0.0   16.1   15.4   15.8   16.5   15.6    -995    -995    -995
 KIN2   133   710     99    9.6    0.6    0.6   161   23.6    0.3    1.1    0.25   971.29     2   10.7    0.1   -995   -995   -995   -995   -995    -995    -995    -995
 KIN2   133   715     99    9.5    0.4    0.4   195   10.4    0.0    0.5    0.25   971.29     4   10.5    0.0   -995   -995   -995   -995   -995    -995    -995    -995
 KIN2   133   720     99    9.8    0.7    0.7   240   15.0    0.2    0.9    0.25   971.29     7   10.6    0.0   16.1   15.3   15.7   16.5   15.6    1.42    1.53    2.83
 KIN2   133   725     99    9.6    0.6    0.6   256    1.4    0.3    0.9    0.25   971.34    11   10.9    0.0   -995   -995   -995   -995   -995    -995    -995    -995
 KIN2   133   730     99    9.2    0.1    0.1   255    0.0    0.1    0.3    0.25   971.47    13   10.3    0.0   -995   -995   -995   -995   -995    -995    -995    -995
 KIN2   133   735     99    9.3    1.1    1.1   150    5.7    0.5    2.0    0.25   971.64    16   10.2    0.4   16.0   15.2   15.7   16.5   15.6    -995    -995    -995
 KIN2   133   740     99    9.6    1.5    1.4   167   22.1    0.4    2.0    0.25   971.75    21   10.8    0.4   -995   -995   -995   -995   -995    -995    -995    -995
 KIN2   133   745    100    9.9    1.2    1.2   248   11.6    0.3    1.8    0.25   971.80    20   10.9    0.8   -995   -995   -995   -995   -995    -995    -995    -995
 KIN2   133   750     99    9.9    1.1    1.1   275    8.9    0.2    1.5    0.25   971.89    24   10.6    0.2   16.0   15.1   15.6   16.5   15.6    1.42    1.53    2.83
 KIN2   133   755     99   10.1    0.5    0.5   283    9.4    0.2    0.8    0.25   971.97    26   10.6    0.0   -995   -995   -995   -995   -995    -995    -995    -995
 KIN2   133   760     99    9.8    0.3    0.3   287    8.2    0.1    0.6    0.25   971.97    39   10.5    0.0   -995   -995   -995   -995   -995    -995    -995    -995
 KIN2   133   765     99    9.7    0.7    0.6   281   12.8    0.2    1.2    0.25   972.00    32   10.5    0.0   15.9   15.0   15.6   16.4   15.6    -995    -995    -995
 KIN2   133   770     99   10.2    0.8    0.8   267    7.6    0.2    1.3    0.25   972.07    97   10.5    0.0   -995   -995   -995   -995   -995    -995    -995    -995
 KIN2   133   775     99   10.4    1.1    1.1   274    7.9    0.2    1.5    0.25   972.16    97   10.6    0.2   -995   -995   -995   -995   -995    -995    -995    -995
 KIN2   133   780     99   10.7    1.2    1.2   272    8.2    0.3    2.0    0.25   972.25   142   10.7    0.2   15.9   14.9   15.5   16.4   15.6    1.43    1.52    2.83
 KIN2   133   785     99   11.1    1.1    1.1   269   10.3    0.2    1.5    0.25   972.23   229   11.1    0.3   -995   -995   -995   -995   -995    -995    -995    -995
 KIN2   133   790     99   11.4    1.5    1.5   254   11.7    0.3    2.3    0.25   972.11   247   11.4    0.9   -995   -995   -995   -995   -995    -995    -995    -995
 KIN2   133   795     99   11.7    1.3    1.2   257   13.9    0.3    1.9    0.25   972.02   263   11.8    0.5   15.8   14.7   15.4   16.3   15.5    -995    -995    -995
 KIN2   133   800     99   12.1    1.3    1.3   263    9.7    0.3    1.8    0.25   971.99   281   12.3    0.7   -995   -995   -995   -995   -995    -995    -995    -995
 KIN2   133   805     99   12.6    1.2    1.2   268    9.7    0.3    1.9    0.25   972.04   298   12.8    0.3   -995   -995   -995   -995   -995    -995    -995    -995
 KIN2   133   810     99   12.8    1.5    1.5   271    8.5    0.3    2.2    0.25   972.11   314   13.3    1.0   15.6   14.6   15.3   16.1   15.4    1.43    1.53    2.82
 KIN2   133   815     98   13.2    1.4    1.4   269    8.9    0.3    2.1    0.25   972.09   331   13.7    0.5   -995   -995   -995   -995   -995    -995    -995    -995
 KIN2   133   820     97   13.6    1.3    1.3   265   10.1    0.2    1.7    0.25   972.12   349   14.1    0.6   -995   -995   -995   -995   -995    -995    -995    -995
 KIN2   133   825     95   13.7    1.3    1.2   264   12.7    0.2    1.7    0.25   972.20   365   14.4    0.7   15.6   14.5   15.3   16.1   15.3    -995    -995    -995
 KIN2   133   830     94   13.9    0.9    0.9   263   14.1    0.3    1.9    0.25   972.26   381   14.6    0.5   -995   -995   -995   -995   -995    -995    -995    -995
 KIN2   133   835     94   14.6    0.8    0.8   279   22.6    0.3    1.7    0.25   972.28   397   15.1    0.2   -995   -995   -995   -995   -995    -995    -995    -995
 KIN2   133   840     92   14.9    1.2    1.1   288   20.4    0.5    2.4    0.25   972.19   415   15.8    0.8   15.5   14.6   15.3   16.0   15.3    1.43    1.53    2.83
 KIN2   133   845     88   15.6    1.6    1.6   307   13.6    0.4    2.7    0.25   972.16   434   16.0    1.1   -995   -995   -995   -995   -995    -995    -995    -995
 KIN2   133   850     86   16.4    2.0    2.0   313   13.6    0.5    3.5    0.25   972.23   453   16.3    1.5   -995   -995   -995   -995   -995    -995    -995    -995
 KIN2   133   855     82   16.6    2.3    2.3   322   12.4    0.6    3.6    0.25   972.28   473   16.5    1.8   15.5   14.7   15.3   16.0   15.3    -995    -995    -995
 KIN2   133   860     81   17.1    2.0    1.9   327   16.4    0.7    3.1    0.25   972.36   451   16.9    1.3   -995   -995   -995   -995   -995    -995    -995    -995
 KIN2   133   865     78   17.0    2.6    2.5   337    8.9    0.4    3.6    0.25   972.42   508   16.8    2.1   -995   -995   -995   -995   -995    -995    -995    -995
 KIN2   133   870     78   17.2    2.3    2.2   327   18.2    0.4    3.1    0.25   972.48   524   17.0    1.8   15.5   14.9   15.4   16.0   15.3    1.43    1.53    2.82
 KIN2   133   875     77   17.3    2.7    2.6   324   11.1    0.4    3.4    0.25   972.52   539   17.1    2.0   -995   -995   -995   -995   -995    -995    -995    -995
 KIN2   133   880     78   17.5    2.4    2.3   323   16.0    0.6    3.8    0.25   972.54   556   17.3    2.0   -995   -995   -995   -995   -995    -995    -995    -995
 KIN2   133   885     76   17.7    2.5    2.5   315   13.1    0.7    4.0    0.25   972.57   572   17.4    2.0   15.5   15.2   15.6   16.0   15.4    -995    -995    -995
 KIN2   133   890     76   17.7    2.6    2.5   327   11.6    0.7    4.0    0.25   972.63   587   17.5    2.1   -995   -995   -995   -995   -995    -995    -995    -995
 KIN2   133   895     76   18.0    2.3    2.2   320   18.8    0.7    3.6    0.25   972.66   602   17.7    1.9   -995   -995   -995   -995   -995    -995    -995    -995
 KIN2   133   900     74   18.4    2.9    2.9   325   12.7    0.9    5.2    0.25   972.66   619   18.0    2.2   15.6   15.5   15.7   16.1   15.4    1.43    1.53    2.83
 KIN2   133   905     72   18.4    3.1    3.0   331   12.7    0.7    4.4    0.25   972.72   634   18.0    2.4   -995   -995   -995   -995   -995    -995    -995    -995
 KIN2   133   910     72   18.7    2.4    2.3   342   16.2    0.6    3.8    0.25   972.67   647   18.3    2.0   -995   -995   -995   -995   -995    -995    -995    -995
 KIN2   133   915     72   18.9    2.3    2.2   344   12.0    0.7    3.8    0.25   972.65   664   18.5    1.8   15.6   15.8   15.8   16.1   15.4    -995    -995    -995
 KIN2   133   920     72   19.0    2.4    2.1   353   25.4    0.6    3.6    0.25   972.68   678   18.6    1.9   -995   -995   -995   -995   -995    -995    -995    -995
 KIN2   133   925     71   19.3    2.4    2.2   336   22.1    0.5    3.5    0.25   972.69   695   18.9    1.8   -995   -995   -995   -995   -995    -995    -995    -995
 KIN2   133   930     68   19.3    3.0    2.9   352   11.5    0.5    4.1    0.25   972.74   710   18.8    2.3   15.7   16.1   16.0   16.1   15.5    1.43    1.53    2.83
 KIN2   133   935     68   19.5    2.2    2.1   357   21.8    0.6    3.2    0.25   972.73   726   19.1    1.8   -995   -995   -995   -995   -995    -995    -995    -995
 KIN2   133   940     66   19.6    2.3    2.1   348   22.2    0.5    3.5    0.25   972.76   740   19.2    2.0   -995   -995   -995   -995   -995    -995    -995    -995
 KIN2   133   945     67   19.4    2.3    2.0    10   29.7    0.5    3.3    0.25   972.73   753   19.1    1.9   15.7   16.4   16.1   16.1   15.5    -995    -995    -995
 KIN2   133   950     67   19.6    2.2    2.0    10   28.7    0.5    3.5    0.25   972.82   766   19.2    1.8   -995   -995   -995   -995   -995    -995    -995    -995
 KIN2   133   955     68   19.8    1.7    1.4   346   34.9    0.5    2.8    0.25   972.88   778   19.4    1.1   -995   -995   -995   -995   -995    -995    -995    -995
 KIN2   133   960     67   20.1    2.4    2.3     7   17.3    0.7    3.7    0.25   972.91   791   19.7    1.9   15.8   16.8   16.3   16.1   15.5    1.43    1.53    2.82
 KIN2   133   965     66   20.1    2.3    2.1   348   21.5    0.7    4.0    0.25   972.91   802   19.7    1.9   -995   -995   -995   -995   -995    -995    -995    -995
 KIN2   133   970     65   20.6    2.5    2.4   352   17.5    0.5    3.3    0.25   972.93   813   20.1    2.1   -995   -995   -995   -995   -995    -995    -995    -995
 KIN2   133   975     64   20.6    2.5    2.4   356   16.4    0.5    4.3    0.25   972.92   824   20.2    2.2   15.9   17.2   16.4   16.1   15.5    -995    -995    -995
 KIN2   133   980     66   20.6    1.8    1.6   356   23.6    0.5    3.2    0.25   972.93   836   20.2    1.2   -995   -995   -995   -995   -995    -995    -995    -995
 KIN2   133   985     65   20.9    1.8    1.6   337   31.1    0.4    2.6    0.25   972.92   848   20.5    1.5   -995   -995   -995   -995   -995    -995    -995    -995
 KIN2   133   990     65   20.9    2.3    2.1     8   20.3    0.6    3.8    0.25   972.92   858   20.6    1.8   16.0   17.6   16.6   16.1   15.6    1.43    1.53    2.82
 KIN2   133   995     63   21.1    2.1    1.9   352   21.2    0.8    3.5    0.25   972.91   869   20.7    1.6   -995   -995   -995   -995   -995    -995    -995    -995
 KIN2   133  1000     59   21.3    2.2    2.1   328   12.8    0.5    3.6    0.25   972.88   879   20.9    1.9   -995   -995   -995   -995   -995    -995    -995    -995
 KIN2   133  1005     58   21.4    2.7    2.6   346   12.0    0.7    4.1    0.25   972.83   891   21.0    2.1   16.1   18.0   16.9   16.2   15.6    -995    -995    -995
 KIN2   133  1010     58   21.5    2.2    2.0   344   24.1    0.5    3.3    0.25   972.77   900   21.2    1.8   -995   -995   -995   -995   -995    -995    -995    -995
 KIN2   133  1015     58   21.6    1.2    1.1     9   26.8    0.6    3.1    0.25   972.77   906   21.4    0.9   -995   -995   -995   -995   -995    -995    -995    -995
 KIN2   133  1020     58   21.9    3.0    2.8   358   18.5    0.5    4.3    0.25   972.79   915   21.5    2.6   16.3   18.4   17.1   16.2   15.6    1.43    1.53    2.82
 KIN2   133  1025     59   22.0    2.1    1.9     2   22.8    0.5    3.1    0.25   972.85   920   21.6    1.7   -995   -995   -995   -995   -995    -995    -995    -995
 KIN2   133  1030     57   22.1    2.2    2.0   360   21.3    0.7    3.6    0.25   972.96   925   21.9    1.9   -995   -995   -995   -995   -995    -995    -995    -995
 KIN2   133  1035     58   22.3    1.2    1.0   346   36.4    0.6    2.5    0.25   972.94   931   22.0    0.8   16.4   18.8   17.3   16.2   15.6    -995    -995    -995
 KIN2   133  1040     57   22.5    1.5    1.3   358   24.1    1.0    3.0    0.25   972.92   937   22.2    1.2   -995   -995   -995   -995   -995    -995    -995    -995
 KIN2   133  1045     55   22.5    2.3    2.1   316   25.4    0.7    3.6    0.25   972.98   940   22.3    1.9   -995   -995   -995   -995   -995    -995    -995    -995
 KIN2   133  1050     54   22.7    1.1    0.9   306   35.8    0.7    2.4    0.25   972.92   947   22.7    0.8   16.6   19.2   17.5   16.2   15.6    1.43    1.52    2.82
 KIN2   133  1055     50   22.3    2.0    1.8   292   23.5    0.7    3.7    0.25   972.92   950   22.4    1.5   -995   -995   -995   -995   -995    -995    -995    -995
 KIN2   133  1060     52   22.8    2.0    1.9   314   18.5    0.5    3.1    0.25   972.98   954   22.6    1.5   -995   -995   -995   -995   -995    -995    -995    -995
 KIN2   133  1065     51   23.1    3.0    3.0   341   12.4    1.0    5.0    0.25   973.10   958   22.8    2.6   16.7   19.6   17.8   16.2   15.6    -995    -995    -995
 KIN2   133  1070     51   23.1    3.0    2.9   323   14.9    0.8    4.7    0.25   973.15   959   22.8    2.4   -995   -995   -995   -995   -995    -995    -995    -995
 KIN2   133  1075     54   23.2    3.1    3.0   303   14.7    0.7    4.7    0.25   973.17   956   22.9    2.4   -995   -995   -995   -995   -995    -995    -995    -995
 KIN2   133  1080     53   23.5    3.8    3.5   305   21.8    0.9    5.7    0.25   973.20   959   23.1    3.1   17.0   20.1   18.0   16.3   15.7    1.43    1.54    2.84
 KIN2   133  1085     52   23.2    3.3    3.1   306   17.3    0.9    5.4    0.25   973.20   961   22.7    2.4   -995   -995   -995   -995   -995    -995    -995    -995
 KIN2   133  1090     54   23.6    3.2    3.1   315   13.3    0.9    5.5    0.25   973.18   962   23.2    2.6   -995   -995   -995   -995   -995    -995    -995    -995
 KIN2   133  1095     53   23.6    3.9    3.7   354   14.7    0.9    5.6    0.25   973.20   968   23.2    3.2   17.2   20.5   18.3   16.3   15.7    -995    -995    -995
 KIN2   133  1100     51   23.6    3.7    3.5   328   18.1    1.1    6.9    0.25   973.25   968   23.3    3.1   -995   -995   -995   -995   -995    -995    -995    -995
 KIN2   133  1105     51   23.7    3.3    3.1   331   20.1    0.9    5.4    0.25   973.23   966   23.4    2.8   -995   -995   -995   -995   -995    -995    -995    -995
 KIN2   133  1110     50   23.9    4.1    4.0   327   13.7    1.1    6.2    0.25   973.25   966   23.4    3.1   17.4   20.9   18.5   16.3   15.7    1.43    1.52    2.83
 KIN2   133  1115     50   24.0    3.9    3.8   318   13.8    0.8    5.9    0.25   973.32   965   23.5    2.9   -995   -995   -995   -995   -995    -995    -995    -995
 KIN2   133  1120     49   24.0    4.0    3.8   346   17.0    0.9    6.1    0.25   973.35   965   23.8    3.4   -995   -995   -995   -995   -995    -995    -995    -995
 KIN2   133  1125     50   24.2    3.4    3.2   312   18.1    0.9    5.7    0.25   973.42   961   23.8    2.7   17.5   21.2   18.6   16.3   15.7    -995    -995    -995
 KIN2   133  1130     52   24.4    3.8    3.6   326   14.6    0.9    5.6    0.25   973.47   960   24.0    2.9   -995   -995   -995   -995   -995    -995    -995    -995
 KIN2   133  1135     50   24.2    4.7    4.5   321   15.6    1.3    7.7    0.25   973.50   960   23.9    3.8   -995   -995   -995   -995   -995    -995    -995    -995
 KIN2   133  1140     50   24.4    4.0    3.8   318   16.9    1.1    6.5    0.25   973.50   956   23.9    3.1   17.7   21.4   18.8   16.3   15.7    1.43    1.54    2.84
 KIN2   133  1145     48   24.1    4.2    4.1   328   10.8    1.1    6.6    0.25   973.51   953   23.8    3.4   -995   -995   -995   -995   -995    -995    -995    -995
 KIN2   133  1150     50   24.5    4.5    4.4   316   12.5    1.0    7.1    0.25   973.52   951   24.1    3.6   -995   -995   -995   -995   -995    -995    -995    -995
 KIN2   133  1155     49   24.6    4.7    4.4   318   21.6    1.1    7.3    0.25   973.52   947   24.2    3.9   17.9   21.7   18.9   16.4   15.7    -995    -995    -995
 KIN2   133  1160     51   24.7    4.4    4.2   326   13.4    1.0    7.3    0.25   973.61   943   24.2    3.4   -995   -995   -995   -995   -995    -995    -995    -995
 KIN2   133  1165     50   24.7    4.9    4.7   340   16.5    1.0    7.1    0.25   973.70   938   24.3    4.0   -995   -995   -995   -995   -995    -995    -995    -995
 KIN2   133  1170     47   24.8    5.9    5.6   342   17.4    1.3    9.1    0.25   973.84   936   24.5    4.8   18.1   21.9   19.0   16.4   15.7    1.43    1.53    2.84
 KIN2   133  1175     47   24.6    6.0    5.8   342   13.1    1.3    9.2    0.25   973.92   933   24.3    5.1   -995   -995   -995   -995   -995    -995    -995    -995
 KIN2   133  1180     48   24.5    5.8    5.5   344   18.4    1.4    9.3    0.25   974.01   930   24.2    4.9   -995   -995   -995   -995   -995    -995    -995    -995
 KIN2   133  1185     47   24.3    6.4    6.2   348   15.6    1.3    9.6    0.25   974.13   923   24.0    5.3   18.2   22.1   19.1   16.4   15.7    -995    -995    -995
 KIN2   133  1190     49   24.4    6.0    5.8   350   13.8    1.3    8.4    0.25   974.11   916   24.1    5.0   -995   -995   -995   -995   -995    -995    -995    -995
 KIN2   133  1195     49   24.3    5.9    5.5   351   21.8    1.8    9.2    0.25   974.21   909   24.0    4.7   -995   -995   -995   -995   -995    -995    -995    -995
 KIN2   133  1200     50   24.6    6.5    6.3   341   11.8    1.7   10.2    0.25   974.35   900   24.2    5.0   18.4   22.4   19.2   16.5   15.7    1.43    1.53    2.84
 KIN2   133  1205     52   24.3    7.0    6.7   339   17.2    1.7   10.9    0.25   974.46   886   23.8    5.7   -995   -995   -995   -995   -995    -995    -995    -995
 KIN2   133  1210     52   24.4    5.5    5.3   342   15.3    1.2    8.6    0.25   974.55   877   24.0    4.5   -995   -995   -995   -995   -995    -995    -995    -995
 KIN2   133  1215     50   24.0    6.7    6.5   348   13.6    1.6   10.7    0.25   974.68   871   23.6    5.4   18.5   22.5   19.3   16.5   15.7    -995    -995    -995
 KIN2   133  1220     50   24.1    5.4    5.1   344   17.2    1.2    8.2    0.25   974.68   867   23.8    4.5   -995   -995   -995   -995   -995    -995    -995    -995
 KIN2   133  1225     46   24.1    7.1    6.9   335   13.9    1.8   11.2    0.25   974.78   861   23.8    5.6   -995   -995   -995   -995   -995    -995    -995    -995
 KIN2   133  1230     46   24.1    7.1    6.9   336   11.5    1.6   10.0    0.25   974.78   851   23.8    5.7   18.7   22.7   19.4   16.5   15.7    1.43    1.53    2.84
 KIN2   133  1235     45   24.3    6.4    6.3   339   13.7    1.6   10.8    0.25   974.75   840   24.0    5.1   -995   -995   -995   -995   -995    -995    -995    -995
 KIN2   133  1240     44   24.2    6.9    6.5   342   20.1    1.4   10.5    0.25   974.73   830   23.9    5.7   -995   -995   -995   -995   -995    -995    -995    -995
 KIN2   133  1245     45   24.1    7.1    6.8   347   15.1    1.6   10.9    0.25   974.74   817   23.9    5.8   18.8   22.8   19.5   16.6   15.7    -995    -995    -995
 KIN2   133  1250     47   24.2    6.4    6.3   340   11.0    1.9   12.1    0.25   974.81   813   24.0    5.3   -995   -995   -995   -995   -995    -995    -995    -995
 KIN2   133  1255     49   24.3    6.5    6.3   340   13.2    1.5   10.1    0.25   974.85   792   24.0    5.2   -995   -995   -995   -995   -995    -995    -995    -995
 KIN2   133  1260     48   24.1    7.2    6.6   354   23.4    1.3   10.6    0.25   974.94   833   23.8    6.0   18.9   22.9   19.5   16.6   15.7    1.43    1.53    2.84
 KIN2   133  1265     50   24.1    7.2    6.9   343   15.1    1.4   10.2    0.25   975.02   758   23.8    5.6   -995   -995   -995   -995   -995    -995    -995    -995
 KIN2   133  1270     50   24.2    7.4    7.2   337   13.1    2.1   14.0    0.25   975.07   842   23.8    5.7   -995   -995   -995   -995   -995    -995    -995    -995
 KIN2   133  1275     50   24.2    7.7    7.2   352   20.8    1.4   11.9    0.25   975.15   699   23.8    6.0   18.9   23.0   19.5   16.6   15.7    -995    -995    -995
 KIN2   133  1280     51   23.1    7.4    6.9   358   21.7    1.5   10.6    0.25   975.27   383   23.0    6.0   -995   -995   -995   -995   -995    -995    -995    -995
 KIN2   133  1285     53   22.6    6.4    5.8   357   26.5    1.3    9.9    0.25   975.32   309   22.8    5.2   -995   -995   -995   -995   -995    -995    -995    -995
 KIN2   133  1290     55   22.6    6.7    6.4   357   16.6    1.4    9.7    0.25   975.40   402   22.7    5.7   19.0   23.1   19.5   16.7   15.7    1.43    1.53    2.85
 KIN2   133  1295     54   22.6    6.7    6.4     3   15.6    1.6    9.7    0.25   975.45   336   22.8    5.3   -995   -995   -995   -995   -995    -995    -995    -995
 KIN2   133  1300     53   22.8    7.1    6.9   349   15.4    1.5   12.4    0.25   975.57   473   22.9    5.5   -995   -995   -995   -995   -995    -995    -995    -995
 KIN2   133  1305     53   22.8    7.9    7.5   343   19.3    1.5   12.2    0.25   975.69   585   22.8    6.3   19.1   23.3   19.5   16.8   15.8    -995    -995    -995
 KIN2   133  1310     54   23.3    6.9    6.6   347   16.0    1.7   13.4    0.25   975.83   606   23.0    5.6   -995   -995   -995   -995   -995    -995    -995    -995
 KIN2   133  1315     55   22.6    8.4    7.8   357   22.4    1.7   12.7    0.25   975.95   408   22.4    6.8   -995   -995   -995   -995   -995    -995    -995    -995
 KIN2   133  1320     56   22.3    7.9    7.6   358   15.5    1.8   11.9    0.25   976.03   599   22.3    6.6   19.1   23.2   19.4   16.9   15.7    1.43    1.53    2.85
 KIN2   133  1325     55   22.5    7.0    6.0   349   29.8    1.3    9.9    0.25   976.11   334   22.4    5.6   -995   -995   -995   -995   -995    -995    -995    -995
 KIN2   133  1330     55   22.0    6.0    5.5   348   22.7    1.7   10.5    0.25   976.18   279   22.1    4.8   -995   -995   -995   -995   -995    -995    -995    -995
 KIN2   133  1335     57   21.8    5.1    5.0   359   13.7    0.9    7.3    0.25   976.28   240   22.0    4.2   19.2   23.2   19.4   16.9   15.7    -995    -995    -995
 KIN2   133  1340     58   21.6    6.0    5.6     0   21.9    1.2    9.2    0.25   976.38   295   21.8    4.9   -995   -995   -995   -995   -995    -995    -995    -995
 KIN2   133  1345     55   21.9    7.2    6.7   357   20.6    1.4   10.3    0.25   976.49   358   21.9    5.8   -995   -995   -995   -995   -995    -995    -995    -995
 KIN2   133  1350     55   21.5    6.5    6.3   359   13.9    1.1    8.9    0.25   976.49   278   21.7    5.3   19.2   23.2   19.4   17.0   15.8    1.43    1.53    2.84
 KIN2   133  1355     56   21.5    7.2    6.7     3   21.5    1.4   11.1    0.25   976.44   249   21.8    5.6   -995   -995   -995   -995   -995    -995    -995    -995
 KIN2   133  1360     55   22.1    7.3    6.9   358   18.7    1.6   11.4    0.25   976.49   523   22.1    5.9   -995   -995   -995   -995   -995    -995    -995    -995
 KIN2   133  1365     53   22.4    8.2    7.9     3   15.4    1.4   11.5    0.25   976.51   569   22.3    6.4   19.2   23.2   19.3   17.0   15.8    -995    -995    -995
 KIN2   133  1370     54   22.3    7.0    6.8   360   13.8    1.5   10.9    0.25   976.56   386   22.3    5.7   -995   -995   -995   -995   -995    -995    -995    -995
 KIN2   133  1375     51   21.5    6.4    6.2   350   15.4    1.4   10.4    0.25   976.73   196   21.8    5.3   -995   -995   -995   -995   -995    -995    -995    -995
 KIN2   133  1380     53   21.7    5.9    5.7   342   13.8    1.4    9.0    0.25   976.83   381   21.8    4.8   19.2   23.0   19.2   17.0   15.7    1.43    1.53    2.84
 KIN2   133  1385     54   21.9    5.3    5.1   347   14.9    1.1    8.1    0.25   976.88   422   22.0    4.4   -995   -995   -995   -995   -995    -995    -995    -995
 KIN2   133  1390     53   22.3    5.4    5.2   347   13.6    1.1    8.4    0.25   976.92   451   22.3    4.2   -995   -995   -995   -995   -995    -995    -995    -995
 KIN2   133  1395     52   22.1    7.5    7.1   360   18.1    1.8   11.9    0.25   976.99   387   22.1    5.8   19.1   23.0   19.1   17.0   15.7    -995    -995    -995
 KIN2   133  1400     53   21.7    6.3    5.7     0   25.8    1.5   10.1    0.25   977.07   344   21.8    4.8   -995   -995   -995   -995   -995    -995    -995    -995
 KIN2   133  1405     53   21.7    6.5    6.2   355   18.4    1.6   11.4    0.25   977.16   324   21.9    5.2   -995   -995   -995   -995   -995    -995    -995    -995
 KIN2   133  1410     54   21.7    5.3    5.0   351   19.8    1.0    8.4    0.25   977.23   307   21.9    4.3   19.1   22.9   19.0   17.0   15.6    1.43    1.53    2.85
 KIN2   133  1415     54   21.6    5.9    5.7   354   14.6    1.6    9.2    0.25   977.30   288   21.8    4.9   -995   -995   -995   -995   -995    -995    -995    -995
 KIN2   133  1420     53   21.3    6.3    6.0   358   17.1    1.3    8.9    0.25   977.38   270   21.5    5.2   -995   -995   -995   -995   -995    -995    -995    -995
 KIN2   133  1425     54   21.2    5.6    5.3   356   20.5    1.4    8.8    0.25   977.46   253   21.5    4.5   19.1   22.8   19.0   17.1   15.7    -995    -995    -995
 KIN2   133  1430     54   21.1    5.1    4.9   358   17.9    1.0    7.5    0.25   977.52   237   21.4    4.2   -995   -995   -995   -995   -995    -995    -995    -995
 KIN2   133  1435     54   21.1    6.0    5.8   358   15.6    1.3    9.3    0.25   977.59   219   21.4    4.8   -995   -995   -995   -995   -995    -995    -995    -995
</pre>