<pre>  101 ! (c) 2019 Oklahoma Climatological Survey and the Oklahoma Mesonet - all rights reserved
  21 2019 02 01 00 00 00
 STID  STNM  TIME   RELH   TAIR   WSPD   WVEC  WDIR   WDSD   WSSD   WMAX    RAIN     PRES  SRAD   TA9M   WS2M   TS10   TB10   TS05   TS25   TS60    TR05    TR25    TR60
 KIN2   133     0     70    8.9    2.1    2.0     6    4.9    0.2    2.4    0.00   976.38     6    9.7    1.2    5.0    5.3    5.4    5.2    7.0    1.80    1.57    1.40
 KIN2   133     5     72    8.2    1.8    1.8    11    4.4    0.2    2.2    0.00   976.43     4    9.4    1.1   -995   -995   -995   -995   -995    -995    -995    -995
 KIN2   133    10     73    8.2    1.9    1.9    11    3.1    0.1    2.3    0.00   976.48     3    9.3    1.2   -995   -995   -995   -995   -995    -995    -995    -995
 KIN2   133    15     74    7.7    2.0    2.0    20    5.1    0.1    2.3    0.00   976.54     1    9.0    1.1    5.1    5.3    5.3    5.3    7.0    -995    -995    -995
 KIN2   133    20     75    7.4    2.0    2.0    29    4.5    0.1    2.3    0.00   976.65     0    8.9    1.2   -995   -995   -995   -995   -995    -995    -995    -995
 KIN2   133    25     76    7.3    2.0    2.0    35    4.5    0.2    2.5    0.00   976.76     0    8.8    1.1   -995   -995   -995   -995   -995    -995    -995    -995
 KIN2   133    30     77    7.2    2.1    2.1    29    6.5    0.2    2.7    0.00   976.86     0    8.4    1.2    5.0    5.3    5.2    5.3    7.0    1.80    1.58    1.41
 KIN2   133    35     77    6.9    2.4    2.4    26    6.2    0.3    2.9    0.00   976.94     0    8.3    1.4   -995   -995   -995   -995   -995    -995    -995    -995
 KIN2   133    40     78    6.5    2.6    2.6    23    5.2    0.2    3.3    0.00   977.05     0    8.0    1.5   -995   -995   -995   -995   -995    -995    -995    -995
 KIN2   133    45     80    6.0    2.8    2.8    24    7.4    0.3    3.7    0.00   977.15     0    7.7    1.7    5.0    5.2    5.1    5.3    6.9    -995    -995    -995
 KIN2   133    50     81    5.9    2.7    2.7    30    8.2    0.4    4.0    0.00   977.27     0    7.4    1.6   -995   -995   -995   -995   -995    -995    -995    -995
 KIN2   133    55     82    5.9    2.9    2.9    28    8.9    0.4    3.8    0.00   977.39     0    7.2    1.8   -995   -995   -995   -995   -995    -995    -995    -995
 KIN2   133    60     83    6.3    2.7    2.7    47   10.5    0.4    3.7    0.00   977.52     0    7.1    1.9    5.0    5.1    5.0    5.2    6.9    1.80    1.57    1.41
 KIN2   133    65     82    6.3    2.7    2.6    51    8.0    0.5    4.0    0.00   977.59     0    7.2    1.8   -995   -995   -995   -995   -995    -995    -995    -995
 KIN2   133    70     81    6.2    2.3    2.3    64    6.1    0.3    2.9    0.00   977.65     0    7.1    1.5   -995   -995   -995   -995   -995    -995    -995    -995
 KIN2   133    75     82    6.0    2.7    2.7    55    6.3    0.3    3.3    0.00   977.76     0    7.0    1.7    4.9    5.0    4.9    5.2    6.8    -995    -995    -995
 KIN2   133    80     82    6.5    2.5    2.5    51    7.3    0.4    3.6    0.00   977.81     0    7.2    1.8   -995   -995   -995   -995   -995    -995    -995    -995
 KIN2   133    85     81    6.5    2.8    2.8    51    7.5    0.4    3.9    0.00   977.96     0    7.0    2.0   -995   -995   -995   -995   -995    -995    -995    -995
 KIN2   133    90     81    6.6    2.8    2.8    50    7.9    0.4    3.8    0.00   978.07     0    6.9    2.2    4.8    4.9    4.8    5.2    6.7    1.80    1.57    1.40
 KIN2   133    95     81    6.5    2.7    2.6    47    7.9    0.4    3.6    0.00   978.14     0    6.8    2.0   -995   -995   -995   -995   -995    -995    -995    -995
 KIN2   133   100     81    6.5    2.7    2.7    58    8.6    0.6    4.1    0.00   978.19     0    6.7    1.9   -995   -995   -995   -995   -995    -995    -995    -995
 KIN2   133   105     81    6.6    3.4    3.4    56    7.3    0.4    4.4    0.00   978.27     0    6.8    2.6    4.8    4.7    4.6    5.1    6.7    -995    -995    -995
 KIN2   133   110     80    6.5    3.2    3.1    53    8.3    0.5    4.4    0.00   978.35     0    6.8    2.5   -995   -995   -995   -995   -995    -995    -995    -995
 KIN2   133   115     80    6.4    3.0    3.0    52    7.9    0.4    4.1    0.00   978.45     0    6.7    2.4   -995   -995   -995   -995   -995    -995    -995    -995
 KIN2   133   120     80    6.3    2.6    2.6    43   10.1    0.5    3.9    0.00   978.54     0    6.6    2.0    4.7    4.7    4.6    5.1    6.6    1.80    1.57    1.40
 KIN2   133   125     81    6.2    2.5    2.5    28    9.6    0.3    3.2    0.00   978.62     0    6.4    2.0   -995   -995   -995   -995   -995    -995    -995    -995
 KIN2   133   130     81    6.2    2.5    2.5    27   11.0    0.4    3.4    0.00   978.68     0    6.4    2.0   -995   -995   -995   -995   -995    -995    -995    -995
 KIN2   133   135     81    6.2    2.5    2.5    23    7.3    0.3    3.2    0.00   978.75     0    6.5    1.9    4.7    4.6    4.6    5.1    6.6    -995    -995    -995
 KIN2   133   140     81    6.3    2.5    2.5    39   10.2    0.3    3.3    0.00   978.83     0    6.5    2.0   -995   -995   -995   -995   -995    -995    -995    -995
 KIN2   133   145     81    6.3    2.1    2.0    50    7.4    0.4    2.9    0.00   978.92     0    6.5    1.5   -995   -995   -995   -995   -995    -995    -995    -995
 KIN2   133   150     81    6.2    2.0    1.9    37    9.1    0.2    2.5    0.00   979.00     0    6.5    1.5    4.7    4.6    4.6    5.1    6.6    1.81    1.57    1.41
 KIN2   133   155     82    5.9    1.4    1.4    12    8.9    0.2    2.2    0.00   979.05     0    6.3    1.0   -995   -995   -995   -995   -995    -995    -995    -995
 KIN2   133   160     83    5.8    1.1    1.1    23    9.2    0.1    1.5    0.00   979.08     0    6.2    0.5   -995   -995   -995   -995   -995    -995    -995    -995
 KIN2   133   165     83    5.7    0.9    0.9    26    6.6    0.1    1.2    0.00   979.16     0    6.2    0.4    4.7    4.6    4.6    5.1    6.6    -995    -995    -995
 KIN2   133   170     84    5.6    1.3    1.3     3    4.8    0.4    2.1    0.00   979.27     0    6.1    0.9   -995   -995   -995   -995   -995    -995    -995    -995
 KIN2   133   175     84    5.6    2.2    2.2     7    5.1    0.1    2.5    0.00   979.33     0    6.0    1.5   -995   -995   -995   -995   -995    -995    -995    -995
 KIN2   133   180     84    5.5    1.9    1.9     8    4.2    0.2    2.4    0.00   979.38     0    6.1    1.3    4.7    4.6    4.7    5.2    6.6    1.80    1.57    1.41
 KIN2   133   185     85    5.4    1.8    1.8     8    6.1    0.3    2.5    0.00   979.41     0    6.0    1.2   -995   -995   -995   -995   -995    -995    -995    -995
 KIN2   133   190     85    5.1    2.0    2.0    17    6.2    0.2    2.5    0.00   979.48     0    5.9    1.3   -995   -995   -995   -995   -995    -995    -995    -995
 KIN2   133   195     85    4.9    1.8    1.8    18    5.4    0.1    2.1    0.00   979.55     0    5.8    1.2    4.7    4.6    4.7    5.2    6.6    -995    -995    -995
 KIN2   133   200     86    4.7    2.1    2.1     6    6.8    0.3    2.7    0.00   979.62     0    5.5    1.4   -995   -995   -995   -995   -995    -995    -995    -995
 KIN2   133   205     87    4.6    1.9    1.9     3    5.4    0.4    2.5    0.00   979.70     0    5.5    1.1   -995   -995   -995   -995   -995    -995    -995    -995
 KIN2   133   210     87    4.5    1.3    1.3    15    9.6    0.2    2.0    0.00   979.74     0    5.4    0.3    4.8    4.7    4.7    5.2    6.7    1.80    1.57    1.41
 KIN2   133   215     87    4.5    1.0    1.0    12   14.3    0.2    1.5    0.00   979.82     0    5.3    0.2   -995   -995   -995   -995   -995    -995    -995    -995
 KIN2   133   220     88    4.2    1.0    0.9   341    9.9    0.1    1.2    0.00   979.88     0    5.0    0.3   -995   -995   -995   -995   -995    -995    -995    -995
 KIN2   133   225     89    4.0    1.2    1.2   329    8.9    0.1    1.4    0.00   979.90     0    4.7    0.2    4.8    4.7    4.7    5.3    6.7    -995    -995    -995
 KIN2   133   230     89    3.5    1.2    1.1   309    9.9    0.2    1.6    0.00   979.95     0    4.5    0.7   -995   -995   -995   -995   -995    -995    -995    -995
 KIN2   133   235     91    3.4    1.0    1.0   305    4.3    0.2    1.5    0.00   980.02     0    4.2    0.4   -995   -995   -995   -995   -995    -995    -995    -995
 KIN2   133   240     91    2.9    1.2    1.2   300    4.2    0.3    1.6    0.00   980.03     0    3.8    0.6    4.8    4.6    4.6    5.3    6.7    1.80    1.57    1.40
 KIN2   133   245     92    2.5    0.6    0.6   282    4.2    0.2    1.1    0.00   980.00     0    3.6    0.0   -995   -995   -995   -995   -995    -995    -995    -995
 KIN2   133   250     92    2.6    0.8    0.8   284    4.7    0.2    1.1    0.00   980.01     0    3.4    0.0   -995   -995   -995   -995   -995    -995    -995    -995
 KIN2   133   255     92    2.0    1.4    1.4   309    7.5    0.2    1.8    0.00   980.09     0    3.1    0.8    4.7    4.6    4.6    5.3    6.7    -995    -995    -995
 KIN2   133   260     93    1.8    1.3    1.3   315    6.8    0.1    1.6    0.00   980.16     0    2.6    0.5   -995   -995   -995   -995   -995    -995    -995    -995
 KIN2   133   265     94    2.1    1.1    1.1   308   11.2    0.3    1.6    0.00   980.14     0    2.5    0.2   -995   -995   -995   -995   -995    -995    -995    -995
 KIN2   133   270     94    2.2    1.1    1.0   290    5.7    0.3    1.6    0.00   980.15     0    2.4    0.4    4.7    4.5    4.5    5.3    6.7    1.81    1.57    1.40
 KIN2   133   275     93    2.1    1.3    1.3   281    7.3    0.1    1.6    0.00   980.20     0    2.4    0.7   -995   -995   -995   -995   -995    -995    -995    -995
 KIN2   133   280     93    2.1    1.3    1.3   285    2.8    0.1    1.5    0.00   980.23     0    2.4    0.7   -995   -995   -995   -995   -995    -995    -995    -995
 KIN2   133   285     93    2.1    1.3    1.2   287    4.5    0.2    1.6    0.00   980.23     0    2.4    0.5    4.7    4.4    4.4    5.2    6.7    -995    -995    -995
 KIN2   133   290     93    1.8    0.9    0.8   284    6.6    0.2    1.2    0.00   980.22     0    2.3    0.1   -995   -995   -995   -995   -995    -995    -995    -995
 KIN2   133   295     93    1.4    0.5    0.5   257    8.1    0.1    0.8    0.00   980.25     0    2.2    0.0   -995   -995   -995   -995   -995    -995    -995    -995
 KIN2   133   300     94    1.7    0.8    0.7   269   11.4    0.1    1.0    0.00   980.33     0    2.1    0.1    4.6    4.3    4.4    5.2    6.6    1.81    1.57    1.40
 KIN2   133   305     94    1.5    0.8    0.8   310   11.2    0.2    1.0    0.00   980.40     0    2.1    0.1   -995   -995   -995   -995   -995    -995    -995    -995
 KIN2   133   310     94    1.7    0.7    0.7   288    8.3    0.1    0.9    0.00   980.43     0    2.0    0.0   -995   -995   -995   -995   -995    -995    -995    -995
 KIN2   133   315     95    1.9    0.5    0.5   268   16.5    0.1    0.8    0.00   980.45     0    1.9    0.0    4.6    4.3    4.3    5.2    6.6    -995    -995    -995
 KIN2   133   320     94    1.9    0.6    0.6   250    8.2    0.2    1.2    0.00   980.42     0    1.9    0.1   -995   -995   -995   -995   -995    -995    -995    -995
 KIN2   133   325     94    2.0    1.1    1.1   244   10.8    0.2    1.7    0.00   980.39     0    2.0    0.6   -995   -995   -995   -995   -995    -995    -995    -995
 KIN2   133   330     94    2.0    1.5    1.5   238    6.3    0.2    2.1    0.00   980.36     0    2.0    1.0    4.6    4.2    4.2    5.2    6.6    1.80    1.57    1.40
 KIN2   133   335     94    2.0    1.9    1.8   238    5.5    0.3    2.4    0.00   980.27     0    2.0    1.3   -995   -995   -995   -995   -995    -995    -995    -995
 KIN2   133   340     94    2.0    1.8    1.8   234    4.8    0.3    2.6    0.00   980.26     0    1.9    1.2   -995   -995   -995   -995   -995    -995    -995    -995
 KIN2   133   345     94    2.2    1.5    1.5   232    4.8    0.2    2.0    0.00   980.28     0    2.1    0.8    4.5    4.1    4.2    5.2    6.5    -995    -995    -995
 KIN2   133   350     94    2.3    1.3    1.3   238    5.6    0.2    1.8    0.00   980.27     0    2.3    0.7   -995   -995   -995   -995   -995    -995    -995    -995
 KIN2   133   355     94    2.5    1.2    1.2   221   10.8    0.2    1.5    0.00   980.25     0    2.4    0.7   -995   -995   -995   -995   -995    -995    -995    -995
 KIN2   133   360     93    2.6    1.4    1.4   218    6.7    0.2    1.8    0.00   980.24     0    2.6    1.2    4.5    4.1    4.2    5.2    6.5    1.81    1.57    1.41
 KIN2   133   365     93    2.7    1.7    1.7   228    6.4    0.3    2.5    0.00   980.18     0    2.6    1.3   -995   -995   -995   -995   -995    -995    -995    -995
 KIN2   133   370     93    2.7    1.8    1.8   227    6.9    0.3    2.5    0.00   980.14     0    2.6    1.1   -995   -995   -995   -995   -995    -995    -995    -995
 KIN2   133   375     92    2.6    2.6    2.6   227    5.2    0.3    3.0    0.00   980.03     0    2.5    1.7    4.5    4.1    4.2    5.2    6.5    -995    -995    -995
 KIN2   133   380     92    2.7    2.3    2.3   231    8.5    0.4    3.3    0.00   979.91     0    2.6    1.5   -995   -995   -995   -995   -995    -995    -995    -995
 KIN2   133   385     91    2.7    1.9    1.9   232    9.9    0.4    2.9    0.00   979.86     0    2.7    1.0   -995   -995   -995   -995   -995    -995    -995    -995
 KIN2   133   390     91    2.7    2.3    2.3   232    6.7    0.4    3.0    0.00   979.83     0    2.6    1.4    4.5    4.1    4.3    5.2    6.5    1.81    1.57    1.41
 KIN2   133   395     90    2.7    2.2    2.2   229    5.3    0.4    2.9    0.00   979.72     0    2.6    1.4   -995   -995   -995   -995   -995    -995    -995    -995
 KIN2   133   400     90    2.7    2.1    2.1   230    5.9    0.4    2.8    0.00   979.75     0    2.6    1.3   -995   -995   -995   -995   -995    -995    -995    -995
 KIN2   133   405     90    2.8    1.8    1.8   228    6.4    0.4    2.7    0.00   979.76     0    2.7    1.2    4.5    4.1    4.3    5.2    6.5    -995    -995    -995
 KIN2   133   410     90    2.9    2.6    2.6   228    8.2    0.4    3.5    0.00   979.66     0    2.9    1.7   -995   -995   -995   -995   -995    -995    -995    -995
 KIN2   133   415     89    3.1    2.7    2.7   220    7.3    0.3    3.4    0.00   979.65     0    3.1    1.9   -995   -995   -995   -995   -995    -995    -995    -995
 KIN2   133   420     89    3.2    2.6    2.6   219    6.5    0.4    3.3    0.00   979.60     0    3.2    2.0    4.5    4.1    4.3    5.2    6.5    1.81    1.57    1.41
 KIN2   133   425     88    3.4    2.6    2.5   231    6.2    0.4    3.2    0.00   979.54     0    3.3    1.6   -995   -995   -995   -995   -995    -995    -995    -995
 KIN2   133   430     88    3.4    2.6    2.5   225    7.6    0.5    3.6    0.00   979.56     0    3.4    1.7   -995   -995   -995   -995   -995    -995    -995    -995
 KIN2   133   435     88    3.5    2.6    2.6   224    4.5    0.3    3.2    0.00   979.56     0    3.5    1.8    4.5    4.1    4.3    5.2    6.5    -995    -995    -995
 KIN2   133   440     87    3.5    2.4    2.4   226    6.6    0.2    3.0    0.00   979.50     0    3.5    1.6   -995   -995   -995   -995   -995    -995    -995    -995
 KIN2   133   445     88    3.6    1.7    1.7   224    8.6    0.4    2.6    0.00   979.50     0    3.6    1.0   -995   -995   -995   -995   -995    -995    -995    -995
 KIN2   133   450     88    3.7    1.3    1.3   251   11.5    0.2    1.9    0.00   979.57     0    3.6    0.7    4.5    4.1    4.3    5.2    6.5    1.81    1.57    1.40
 KIN2   133   455     88    3.7    1.2    1.2   275   10.1    0.2    1.8    0.00   979.54     0    3.6    0.5   -995   -995   -995   -995   -995    -995    -995    -995
 KIN2   133   460     88    3.7    0.6    0.6   281   14.7    0.2    1.1    0.00   979.61     0    3.6    0.1   -995   -995   -995   -995   -995    -995    -995    -995
 KIN2   133   465     88    3.7    1.0    1.0   360   10.3    0.4    1.8    0.00   979.67     0    3.7    0.7    4.5    4.1    4.4    5.2    6.5    -995    -995    -995
 KIN2   133   470     88    3.7    1.4    1.4   338    9.3    0.3    1.9    0.00   979.77     0    3.6    1.1   -995   -995   -995   -995   -995    -995    -995    -995
 KIN2   133   475     88    3.6    1.2    1.2   334    8.1    0.2    1.6    0.00   979.77     0    3.5    0.8   -995   -995   -995   -995   -995    -995    -995    -995
 KIN2   133   480     88    3.6    0.6    0.6   349   12.2    0.1    0.8    0.00   979.76     0    3.6    0.1    4.5    4.1    4.4    5.2    6.5    1.81    1.57    1.41
 KIN2   133   485     88    3.6    0.9    0.9   346    6.8    0.1    1.1    0.00   979.79     0    3.5    0.5   -995   -995   -995   -995   -995    -995    -995    -995
 KIN2   133   490     88    3.6    1.0    1.0   344    7.5    0.2    1.4    0.00   979.86     0    3.5    0.6   -995   -995   -995   -995   -995    -995    -995    -995
 KIN2   133   495     88    3.6    1.4    1.3     5   10.2    0.2    1.9    0.00   979.88     0    3.5    1.0    4.5    4.2    4.4    5.2    6.6    -995    -995    -995
 KIN2   133   500     88    3.6    1.9    1.9     2    7.0    0.2    2.4    0.00   979.94     0    3.5    1.4   -995   -995   -995   -995   -995    -995    -995    -995
 KIN2   133   505     89    3.6    2.1    2.0     3    7.8    0.3    2.8    0.00   979.95     0    3.6    1.6   -995   -995   -995   -995   -995    -995    -995    -995
 KIN2   133   510     90    3.7    2.5    2.5     2    6.3    0.3    3.1    0.00   980.04     0    3.7    2.0    4.6    4.2    4.4    5.2    6.6    1.81    1.57    1.40
 KIN2   133   515     91    3.8    2.6    2.5     2   12.2    0.4    3.3    0.00   980.11     0    3.8    2.0   -995   -995   -995   -995   -995    -995    -995    -995
 KIN2   133   520     92    3.8    2.7    2.7   345   11.0    0.5    4.2    0.00   980.22     0    3.7    2.2   -995   -995   -995   -995   -995    -995    -995    -995
 KIN2   133   525     91    3.0    2.5    2.4   359   16.7    0.4    3.4    0.00   980.30     0    2.9    2.0    4.6    4.2    4.5    5.2    6.6    -995    -995    -995
 KIN2   133   530     92    2.3    3.4    3.3     8    7.5    0.5    4.5    0.00   980.34     0    2.2    2.7   -995   -995   -995   -995   -995    -995    -995    -995
 KIN2   133   535     92    2.1    3.3    3.3     9   10.0    0.3    3.9    0.00   980.42     0    2.0    2.5   -995   -995   -995   -995   -995    -995    -995    -995
 KIN2   133   540     93    2.0    3.1    3.1     9    8.2    0.5    4.3    0.00   980.49     0    1.9    2.4    4.6    4.2    4.5    5.2    6.6    1.81    1.57    1.41
 KIN2   133   545     93    2.0    3.3    3.3     8    7.7    0.6    4.7    0.00   980.56     0    1.9    2.7   -995   -995   -995   -995   -995    -995    -995    -995
 KIN2   133   550     93    2.0    2.9    2.9    14    8.7    0.4    3.7    0.00   980.62     0    2.0    2.5   -995   -995   -995   -995   -995    -995    -995    -995
 KIN2   133   555     94    2.0    3.2    3.1    17    6.6    0.5    4.2    0.00   980.67     0    1.9    2.5    4.6    4.3    4.5    5.3    6.6    -995    -995    -995
 KIN2   133   560     94    2.0    2.4    2.3    23    8.6    0.3    3.3    0.00   980.67     0    1.9    2.0   -995   -995   -995   -995   -995    -995    -995    -995
 KIN2   133   565     95    2.0    2.2    2.2    22    7.7    0.3    2.9    0.00   980.69     0    1.9    1.7   -995   -995   -995   -995   -995    -995    -995    -995
 KIN2   133   570     95    2.0    2.0    2.0    24    8.0    0.4    2.7    0.00   980.67     0    2.0    1.6    4.6    4.3    4.6    5.3    6.7    1.81    1.57    1.40
 KIN2   133   575     96    2.1    1.6    1.6    18    8.7    0.3    2.3    0.00   980.65     0    2.0    1.1   -995   -995   -995   -995   -995    -995    -995    -995
 KIN2   133   580     96    2.1    1.5    1.5    19    7.9    0.2    1.8    0.00   980.58     0    2.1    1.1   -995   -995   -995   -995   -995    -995    -995    -995
 KIN2   133   585     96    2.2    1.6    1.6    27    6.4    0.2    2.1    0.00   980.56     0    2.1    1.4    4.6    4.3    4.5    5.3    6.6    -995    -995    -995
 KIN2   133   590     97    2.3    1.6    1.6    37    8.0    0.3    2.5    0.00   980.48     0    2.2    1.3   -995   -995   -995   -995   -995    -995    -995    -995
 KIN2   133   595     97    2.3    1.3    1.3    37    9.5    0.2    1.8    0.00   980.45     0    2.3    1.0   -995   -995   -995   -995   -995    -995    -995    -995
 KIN2   133   600     97    2.3    1.3    1.3    36    8.3    0.2    1.8    0.00   980.41     0    2.3    1.1    4.6    4.3    4.5    5.3    6.6    1.82    1.57    1.40
 KIN2   133   605     97    2.3    1.4    1.4    28    8.6    0.3    1.9    0.00   980.43     0    2.3    1.1   -995   -995   -995   -995   -995    -995    -995    -995
 KIN2   133   610     98    2.3    1.2    1.1    18   10.6    0.2    1.6    0.00   980.44     0    2.3    0.8   -995   -995   -995   -995   -995    -995    -995    -995
 KIN2   133   615     98    2.3    1.3    1.3   355   12.3    0.2    1.8    0.00   980.45     0    2.3    1.0    4.6    4.2    4.5    5.2    6.6    -995    -995    -995
 KIN2   133   620     98    2.3    1.1    1.1    16    6.6    0.2    1.5    0.00   980.39     0    2.3    0.7   -995   -995   -995   -995   -995    -995    -995    -995
 KIN2   133   625     98    2.4    1.6    1.6    19    5.5    0.3    2.0    0.00   980.38     0    2.3    1.2   -995   -995   -995   -995   -995    -995    -995    -995
 KIN2   133   630     98    2.4    1.5    1.5    15    8.6    0.2    1.9    0.00   980.39     0    2.3    1.1    4.6    4.2    4.5    5.2    6.6    1.81    1.57    1.41
 KIN2   133   635     98    2.4    1.5    1.5    12    8.7    0.2    2.0    0.00   980.45     0    2.4    1.1   -995   -995   -995   -995   -995    -995    -995    -995
 KIN2   133   640     98    2.4    1.6    1.6    17    7.3    0.3    2.1    0.00   980.43     0    2.4    1.2   -995   -995   -995   -995   -995    -995    -995    -995
 KIN2   133   645     98    2.5    1.8    1.8    26    6.2    0.2    2.3    0.00   980.38     0    2.5    1.4    4.6    4.2    4.5    5.2    6.6    -995    -995    -995
 KIN2   133   650     98    2.5    1.7    1.7    20    7.0    0.2    2.2    0.00   980.41     0    2.5    1.3   -995   -995   -995   -995   -995    -995    -995    -995
 KIN2   133   655     98    2.5    2.1    2.0    18   12.5    0.4    3.1    0.00   980.49     0    2.5    1.5   -995   -995   -995   -995   -995    -995    -995    -995
 KIN2   133   660     99    2.5    1.3    1.2   342   21.1    0.3    2.3    0.00   980.63     0    2.5    0.9    4.6    4.2    4.5    5.2    6.6    1.81    1.57    1.41
 KIN2   133   665     99    2.5    1.3    1.2   356   20.5    0.2    1.9    0.00   980.62     0    2.5    0.9   -995   -995   -995   -995   -995    -995    -995    -995
 KIN2   133   670     99    2.6    1.0    0.9   349   12.3    0.3    1.6    0.00   980.63     0    2.5    0.2   -995   -995   -995   -995   -995    -995    -995    -995
 KIN2   133   675     99    2.6    1.5    1.5   359    9.5    0.3    2.3    0.00   980.58     0    2.6    1.2    4.6    4.2    4.5    5.2    6.6    -995    -995    -995
 KIN2   133   680     99    2.6    1.4    1.3     0   13.1    0.2    1.9    0.00   980.61     0    2.6    0.9   -995   -995   -995   -995   -995    -995    -995    -995
 KIN2   133   685     99    2.6    1.0    1.0   336   15.1    0.3    1.8    0.00   980.64     0    2.6    0.5   -995   -995   -995   -995   -995    -995    -995    -995
 KIN2   133   690     99    2.6    1.6    1.6   350   13.0    0.3    2.2    0.00   980.57     0    2.6    1.2    4.6    4.2    4.5    5.2    6.6    1.82    1.57    1.41
 KIN2   133   695     99    2.7    1.2    1.2     9   10.9    0.2    1.6    0.00   980.57     0    2.6    0.6   -995   -995   -995   -995   -995    -995    -995    -995
 KIN2   133   700     99    2.7    0.6    0.0    85   72.7    0.4    1.3    0.00   980.71     0    2.7    0.3   -995   -995   -995   -995   -995    -995    -995    -995
 KIN2   133   705     99    2.7    0.6    0.4   223   41.6    0.4    1.3    0.00   980.79     0    2.7    0.4    4.6    4.2    4.5    5.2    6.6    -995    -995    -995
 KIN2   133   710     99    2.8    0.7    0.7   360    4.7    0.3    1.3    0.00   980.76     0    2.8    0.3   -995   -995   -995   -995   -995    -995    -995    -995
 KIN2   133   715     99    2.8    0.7    0.7   343    8.3    0.3    1.0    0.00   980.82     0    2.8    0.2   -995   -995   -995   -995   -995    -995    -995    -995
 KIN2   133   720     99    2.9    0.7    0.7    10   12.5    0.2    1.1    0.00   980.84     0    2.8    0.1    4.6    4.2    4.5    5.3    6.6    1.81    1.57    1.41
 KIN2   133   725     99    2.9    0.8    0.5   290   50.6    0.2    1.1    0.00   980.89     0    2.9    0.2   -995   -995   -995   -995   -995    -995    -995    -995
 KIN2   133   730     99    2.9    0.3    0.2   350   48.7    0.3    0.7    0.00   980.91     0    2.9    0.0   -995   -995   -995   -995   -995    -995    -995    -995
 KIN2   133   735     99    3.0    0.8    0.7   311   17.8    0.2    1.0    0.00   980.97     0    2.9    0.0    4.6    4.2    4.5    5.3    6.6    -995    -995    -995
 KIN2   133   740     99    3.0    0.7    0.7   244   21.8    0.6    2.0    0.00   981.08     0    2.9    0.5   -995   -995   -995   -995   -995    -995    -995    -995
 KIN2   133   745     99    2.9    1.4    1.3   241   15.8    0.5    2.1    0.00   981.09     0    2.9    0.5   -995   -995   -995   -995   -995    -995    -995    -995
 KIN2   133   750     99    2.9    1.1    1.1   259    6.3    0.2    1.7    0.00   981.13     0    2.9    0.5    4.6    4.2    4.5    5.3    6.6    1.81    1.57    1.40
 KIN2   133   755     99    2.8    1.1    1.1   298   15.3    0.3    1.7    0.00   981.15     0    2.8    0.5   -995   -995   -995   -995   -995    -995    -995    -995
 KIN2   133   760     99    2.9    0.5    0.5   329   16.6    0.1    0.7    0.00   981.17     0    2.9    0.0   -995   -995   -995   -995   -995    -995    -995    -995
 KIN2   133   765     99    2.9    0.9    0.8   338    7.7    0.3    1.6    0.00   981.21     0    2.9    0.3    4.7    4.2    4.5    5.3    6.6    -995    -995    -995
 KIN2   133   770     99    2.9    1.4    1.3   339    9.0    0.2    1.7    0.00   981.22     0    2.9    0.9   -995   -995   -995   -995   -995    -995    -995    -995
 KIN2   133   775     99    3.0    0.8    0.6   300   40.7    0.3    1.3    0.00   981.33     0    2.9    0.1   -995   -995   -995   -995   -995    -995    -995    -995
 KIN2   133   780     99    3.0    1.0    0.8   249   38.6    0.4    1.7    0.00   981.45     0    3.0    0.7    4.7    4.2    4.6    5.3    6.6    1.82    1.57    1.41
 KIN2   133   785     99    3.1    1.2    1.1   320   22.8    0.2    1.6    0.25   981.41     0    3.0    0.7   -995   -995   -995   -995   -995    -995    -995    -995
 KIN2   133   790     99    3.1    0.8    0.7   285   12.4    0.1    1.0    0.25   981.46     0    3.1    0.0   -995   -995   -995   -995   -995    -995    -995    -995
 KIN2   133   795     99    3.1    0.9    0.9   282    9.3    0.2    1.2    0.25   981.51     0    3.1    0.1    4.7    4.2    4.6    5.3    6.6    -995    -995    -995
 KIN2   133   800     99    3.1    0.9    0.9   340   14.2    0.3    1.4    0.25   981.48     0    3.1    0.3   -995   -995   -995   -995   -995    -995    -995    -995
 KIN2   133   805     99    3.1    0.6    0.5   306   16.2    0.2    1.1    0.25   981.49     0    3.1    0.0   -995   -995   -995   -995   -995    -995    -995    -995
 KIN2   133   810     99    3.1    0.6    0.5   285   33.2    0.2    0.9    0.25   981.50     1    3.1    0.1    4.7    4.2    4.6    5.3    6.6    1.81    1.57    1.40
 KIN2   133   815     99    3.2    0.7    0.6   289   28.7    0.2    0.9    0.25   981.48     1    3.1    0.0   -995   -995   -995   -995   -995    -995    -995    -995
 KIN2   133   820     99    3.2    0.8    0.6   302   32.1    0.2    1.2    0.25   981.48     2    3.2    0.1   -995   -995   -995   -995   -995    -995    -995    -995
 KIN2   133   825     99    3.2    0.7    0.6   302   13.6    0.3    1.1    0.25   981.54     4    3.2    0.0    4.7    4.2    4.6    5.3    6.6    -995    -995    -995
 KIN2   133   830     99    3.2    0.8    0.8   309   12.4    0.2    1.2    0.25   981.59     5    3.2    0.1   -995   -995   -995   -995   -995    -995    -995    -995
 KIN2   133   835     99    3.3    0.4    0.4   315   17.1    0.3    1.0    0.25   981.66     7    3.2    0.0   -995   -995   -995   -995   -995    -995    -995    -995
 KIN2   133   840     99    3.3    0.8    0.8   316   15.4    0.2    1.3    0.25   981.74     9    3.3    0.2    4.7    4.2    4.6    5.3    6.6    1.82    1.57    1.41
 KIN2   133   845     99    3.3    1.2    1.2   332   14.0    0.2    1.7    0.25   981.75    12    3.3    0.7   -995   -995   -995   -995   -995    -995    -995    -995
 KIN2   133   850     99    3.3    0.6    0.6   277   18.4    0.2    1.1    0.25   981.84    13    3.3    0.0   -995   -995   -995   -995   -995    -995    -995    -995
 KIN2   133   855     99    3.4    0.6    0.5   281   18.1    0.2    1.0    0.25   981.90    16    3.3    0.1    4.7    4.2    4.6    5.3    6.6    -995    -995    -995
 KIN2   133   860     99    3.4    0.6    0.5   289   23.7    0.2    0.8    0.25   981.96    20    3.3    0.0   -995   -995   -995   -995   -995    -995    -995    -995
 KIN2   133   865     99    3.4    0.5    0.5   294   20.8    0.3    0.9    0.25   982.02    24    3.4    0.1   -995   -995   -995   -995   -995    -995    -995    -995
 KIN2   133   870     99    3.5    0.6    0.6   275   19.2    0.2    0.9    0.25   982.05    32    3.4    0.1    4.7    4.2    4.6    5.3    6.6    1.82    1.58    1.41
 KIN2   133   875     99    3.5    0.7    0.7   252   18.2    0.2    1.0    0.25   982.09    33    3.5    0.3   -995   -995   -995   -995   -995    -995    -995    -995
 KIN2   133   880     99    3.5    1.0    1.0   247    9.4    0.3    1.7    0.25   982.18    38    3.4    0.5   -995   -995   -995   -995   -995    -995    -995    -995
 KIN2   133   885     99    3.5    1.1    1.1   282   17.3    0.2    1.7    0.25   982.22    46    3.4    0.5    4.7    4.3    4.6    5.3    6.6    -995    -995    -995
 KIN2   133   890     99    3.5    0.8    0.8   315    7.7    0.1    1.1    0.25   982.27    59    3.5    0.3   -995   -995   -995   -995   -995    -995    -995    -995
 KIN2   133   895     99    3.7    1.0    1.0   338   12.5    0.2    1.5    0.25   982.33    86    3.6    0.6   -995   -995   -995   -995   -995    -995    -995    -995
 KIN2   133   900     99    3.8    1.0    0.9   345   20.1    0.2    1.5    0.25   982.41    74    3.6    0.6    4.7    4.3    4.7    5.3    6.6    1.82    1.57    1.41
 KIN2   133   905     99    3.8    1.2    1.1   342   19.9    0.1    1.5    0.25   982.45    72    3.7    0.9   -995   -995   -995   -995   -995    -995    -995    -995
 KIN2   133   910     99    3.8    1.2    1.2   331   10.3    0.3    1.7    0.25   982.50    88    3.7    0.8   -995   -995   -995   -995   -995    -995    -995    -995
 KIN2   133   915    100    4.1    1.2    1.2   352   15.1    0.2    1.7    0.25   982.55    89    4.0    1.0    4.7    4.3    4.7    5.3    6.6    -995    -995    -995
 KIN2   133   920     99    4.1    1.2    1.2   358    8.6    0.2    1.6    0.25   982.62    75    4.0    1.1   -995   -995   -995   -995   -995    -995    -995    -995
 KIN2   133   925    100    4.3    1.4    1.4     5    8.7    0.2    1.8    0.25   982.65    89    4.1    1.0   -995   -995   -995   -995   -995    -995    -995    -995
 KIN2   133   930    100    4.5    1.2    1.2   351   12.1    0.3    1.8    0.25   982.72    95    4.3    1.0    4.7    4.3    4.7    5.3    6.6    1.81    1.57    1.40
 KIN2   133   935     99    4.5    1.3    1.3   349    9.8    0.4    1.9    0.25   982.75    86    4.3    1.0   -995   -995   -995   -995   -995    -995    -995    -995
 KIN2   133   940     99    4.6    1.0    1.0   360   18.9    0.2    1.3    0.25   982.81    84    4.5    0.9   -995   -995   -995   -995   -995    -995    -995    -995
 KIN2   133   945    100    4.8    1.0    1.0    15   13.4    0.3    1.5    0.25   982.84    92    4.7    0.7    4.7    4.4    4.8    5.3    6.6    -995    -995    -995
 KIN2   133   950     99    4.8    1.2    1.1    29   12.6    0.2    1.4    0.25   982.90   101    4.7    0.9   -995   -995   -995   -995   -995    -995    -995    -995
 KIN2   133   955     99    4.9    0.9    0.8    25   13.9    0.2    1.4    0.25   982.94    89    4.7    0.5   -995   -995   -995   -995   -995    -995    -995    -995
 KIN2   133   960     99    4.9    0.6    0.6    40   12.7    0.1    0.8    0.25   982.95   108    4.8    0.1    4.8    4.4    4.9    5.3    6.6    1.82    1.57    1.41
 KIN2   133   965     99    5.1    0.8    0.7    27   21.0    0.2    1.2    0.25   982.92   107    5.0    0.3   -995   -995   -995   -995   -995    -995    -995    -995
 KIN2   133   970     99    5.2    1.3    1.2    41   20.1    0.2    1.8    0.25   982.89   124    5.1    1.2   -995   -995   -995   -995   -995    -995    -995    -995
 KIN2   133   975     99    5.3    0.7    0.7    11   15.8    0.5    1.9    0.25   982.92   113    5.2    0.4    4.8    4.5    4.9    5.3    6.6    -995    -995    -995
 KIN2   133   980     99    5.4    0.9    0.9    29   17.6    0.4    1.7    0.25   982.96   126    5.2    0.6   -995   -995   -995   -995   -995    -995    -995    -995
 KIN2   133   985     99    5.4    0.7    0.6    47   20.6    0.3    1.1    0.25   983.02   124    5.3    0.3   -995   -995   -995   -995   -995    -995    -995    -995
 KIN2   133   990     99    5.5    0.6    0.6    23    9.1    0.2    1.1    0.25   983.01   118    5.5    0.2    4.8    4.5    5.0    5.3    6.6    1.82    1.58    1.41
 KIN2   133   995     99    5.6    0.9    0.9    33   16.5    0.2    1.4    0.25   983.01   113    5.5    0.6   -995   -995   -995   -995   -995    -995    -995    -995
 KIN2   133  1000     99    5.5    1.3    1.3    54    8.7    0.1    1.7    0.25   982.98   136    5.5    1.1   -995   -995   -995   -995   -995    -995    -995    -995
 KIN2   133  1005     99    5.6    1.3    1.3    57    9.3    0.3    1.9    0.25   982.96   143    5.5    1.1    4.8    4.6    5.1    5.3    6.6    -995    -995    -995
 KIN2   133  1010     99    5.8    1.3    1.2    37    9.9    0.3    1.9    0.25   982.92   153    5.7    0.9   -995   -995   -995   -995   -995    -995    -995    -995
 KIN2   133  1015     99    5.9    1.1    1.0    34   18.2    0.4    1.9    0.25   982.94   155    5.8    0.6   -995   -995   -995   -995   -995    -995    -995    -995
 KIN2   133  1020     99    5.8    1.1    1.1    63   11.9    0.3    1.6    0.25   982.96   145    5.9    0.7    4.9    4.7    5.2    5.3    6.6    1.82    1.57    1.41
 KIN2   133  1025     99    6.0    0.9    0.9    32   12.5    0.3    1.7    0.25   982.97   166    6.0    0.5   -995   -995   -995   -995   -995    -995    -995    -995
 KIN2   133  1030     99    6.0    1.3    1.3    26   10.1    0.2    1.9    0.25   982.99   164    6.1    1.0   -995   -995   -995   -995   -995    -995    -995    -995
 KIN2   133  1035     99    6.3    0.9    0.9     6   17.2    0.2    1.5    0.25   983.03   152    6.2    0.6    4.9    4.8    5.3    5.3    6.6    -995    -995    -995
 KIN2   133  1040     99    6.4    1.0    0.9    20   21.0    0.2    1.4    0.25   983.03   168    6.4    0.4   -995   -995   -995   -995   -995    -995    -995    -995
 KIN2   133  1045     98    6.4    0.8    0.8    53    9.1    0.3    1.4    0.25   983.05   179    6.5    0.3   -995   -995   -995   -995   -995    -995    -995    -995
 KIN2   133  1050     98    6.6    1.0    0.9    45   25.4    0.2    1.5    0.25   983.04   207    6.7    0.5    5.0    4.9    5.4    5.3    6.6    1.82    1.57    1.41
 KIN2   133  1055     98    6.7    1.0    0.9    49   16.5    0.3    1.6    0.25   983.02   210    6.8    0.5   -995   -995   -995   -995   -995    -995    -995    -995
 KIN2   133  1060     98    7.0    1.0    1.0    43   15.1    0.3    1.9    0.25   983.03   203    7.0    0.6   -995   -995   -995   -995   -995    -995    -995    -995
 KIN2   133  1065     98    7.0    1.4    1.4    38   12.0    0.3    1.9    0.25   982.98   194    7.1    1.2    5.0    5.0    5.5    5.3    6.6    -995    -995    -995
 KIN2   133  1070     97    7.0    1.1    1.0    48   22.8    0.4    2.0    0.25   982.99   167    7.2    0.7   -995   -995   -995   -995   -995    -995    -995    -995
 KIN2   133  1075     97    7.4    1.3    1.2    64   15.4    0.4    2.0    0.25   982.97   186    7.5    0.8   -995   -995   -995   -995   -995    -995    -995    -995
 KIN2   133  1080     97    7.5    1.2    1.2    62   12.5    0.2    1.8    0.25   982.93   153    7.6    0.8    5.1    5.2    5.6    5.3    6.6    1.82    1.57    1.41
 KIN2   133  1085     96    7.6    1.1    1.1    66   11.4    0.4    2.3    0.25   982.89   157    7.8    0.5   -995   -995   -995   -995   -995    -995    -995    -995
 KIN2   133  1090     96    7.8    1.2    1.2    75   13.8    0.2    1.7    0.25   982.83   194    7.9    0.8   -995   -995   -995   -995   -995    -995    -995    -995
 KIN2   133  1095     95    7.9    1.5    1.5    76   12.9    0.4    2.3    0.25   982.74   174    8.1    1.0    5.2    5.3    5.7    5.4    6.6    -995    -995    -995
 KIN2   133  1100     95    8.1    1.3    1.2    51   14.6    0.4    1.9    0.25   982.64   235    8.4    0.9   -995   -995   -995   -995   -995    -995    -995    -995
 KIN2   133  1105     94    8.4    1.9    1.8    89   13.0    0.4    2.6    0.25   982.55   245    8.6    1.4   -995   -995   -995   -995   -995    -995    -995    -995
 KIN2   133  1110     93    8.7    2.3    2.3    82   13.9    0.5    3.4    0.25   982.48   283    8.8    1.7    5.2    5.4    5.8    5.4    6.6    1.81    1.57    1.41
 KIN2   133  1115     92    8.7    2.5    2.4    87   14.1    0.5    3.5    0.25   982.40   236    8.9    1.9   -995   -995   -995   -995   -995    -995    -995    -995
 KIN2   133  1120     92    8.8    2.1    2.0    78   13.8    0.5    3.2    0.25   982.34   211    9.0    1.7   -995   -995   -995   -995   -995    -995    -995    -995
 KIN2   133  1125     91    9.0    2.2    2.1    94   17.1    0.4    3.0    0.25   982.26   181    9.1    1.6    5.3    5.6    5.9    5.4    6.6    -995    -995    -995
 KIN2   133  1130     91    9.0    2.0    2.0    81   10.6    0.4    3.0    0.25   982.18   189    9.2    1.5   -995   -995   -995   -995   -995    -995    -995    -995
 KIN2   133  1135     90    9.1    2.1    2.1    90   15.5    0.4    2.9    0.25   982.06   245    9.3    1.8   -995   -995   -995   -995   -995    -995    -995    -995
 KIN2   133  1140     89    9.3    1.7    1.6   115   17.9    0.3    2.5    0.25   981.93   217    9.5    1.5    5.4    5.7    6.1    5.4    6.6    1.81    1.57    1.41
 KIN2   133  1145     89    9.4    2.3    2.3   116    9.4    0.4    3.3    0.25   981.85   216    9.7    2.0   -995   -995   -995   -995   -995    -995    -995    -995
 KIN2   133  1150     88    9.5    1.8    1.8   122   12.6    0.4    3.0    0.25   981.77   251    9.8    1.6   -995   -995   -995   -995   -995    -995    -995    -995
 KIN2   133  1155     87    9.7    2.0    1.9   114   17.4    0.4    2.9    0.25   981.65   277   10.1    1.6    5.5    5.9    6.2    5.4    6.6    -995    -995    -995
 KIN2   133  1160     87    9.9    1.8    1.8   138   12.1    0.3    2.5    0.25   981.55   286   10.3    1.7   -995   -995   -995   -995   -995    -995    -995    -995
 KIN2   133  1165     86   10.1    1.9    1.9   118   12.8    0.4    2.8    0.25   981.54   293   10.5    1.7   -995   -995   -995   -995   -995    -995    -995    -995
 KIN2   133  1170     86   10.4    1.8    1.8   140   13.3    0.4    2.7    0.25   981.53   312   10.7    1.5    5.5    6.0    6.3    5.5    6.6    1.81    1.57    1.40
 KIN2   133  1175     84   10.5    2.0    2.0   136   13.4    0.5    2.9    0.25   981.50   274   10.8    1.7   -995   -995   -995   -995   -995    -995    -995    -995
 KIN2   133  1180     84   11.1    1.8    1.6   142   21.6    0.3    2.4    0.25   981.53   321   11.1    1.6   -995   -995   -995   -995   -995    -995    -995    -995
 KIN2   133  1185     83   11.3    2.1    2.0   140   12.8    0.9    3.6    0.25   981.47   223   11.1    1.8    5.6    6.1    6.4    5.5    6.6    -995    -995    -995
 KIN2   133  1190     84   11.2    2.6    2.6   141   10.4    0.4    3.4    0.25   981.42   179   11.0    2.2   -995   -995   -995   -995   -995    -995    -995    -995
 KIN2   133  1195     85   11.2    3.4    3.3   143   12.1    0.4    4.1    0.25   981.35   184   10.9    2.9   -995   -995   -995   -995   -995    -995    -995    -995
 KIN2   133  1200     86   11.4    3.5    3.4   145    9.9    0.4    4.3    0.25   981.34   244   11.0    3.1    5.7    6.3    6.6    5.5    6.6    1.82    1.58    1.41
 KIN2   133  1205     86   11.2    3.1    3.1   164    6.8    0.3    3.7    0.25   981.27   232   10.9    2.8   -995   -995   -995   -995   -995    -995    -995    -995
 KIN2   133  1210     86   11.4    2.9    2.7   149   18.0    0.5    3.7    0.25   981.25   230   11.0    2.5   -995   -995   -995   -995   -995    -995    -995    -995
 KIN2   133  1215     85   11.6    3.2    3.1   152    9.8    0.7    4.5    0.25   981.24   252   11.2    2.7    5.8    6.6    6.7    5.6    6.7    -995    -995    -995
 KIN2   133  1220     85   11.6    3.1    3.0   155   12.5    0.4    4.1    0.25   981.23   214   11.2    2.7   -995   -995   -995   -995   -995    -995    -995    -995
 KIN2   133  1225     86   11.5    2.6    2.6   171   10.9    0.4    3.3    0.25   981.21   197   11.2    2.2   -995   -995   -995   -995   -995    -995    -995    -995
 KIN2   133  1230     85   11.7    2.3    2.2   152   16.1    0.5    3.4    0.25   981.19   200   11.4    2.0    5.9    6.7    6.8    5.6    6.7    1.81    1.57    1.40
 KIN2   133  1235     85   11.6    2.1    2.1   149   10.3    0.4    3.2    0.25   981.19   183   11.3    1.9   -995   -995   -995   -995   -995    -995    -995    -995
 KIN2   133  1240     85   11.7    2.7    2.7   164    7.7    0.5    3.9    0.25   981.12   215   11.4    2.3   -995   -995   -995   -995   -995    -995    -995    -995
 KIN2   133  1245     85   11.8    2.5    2.5   170   13.3    0.4    3.7    0.25   981.06   251   11.4    2.3    6.0    6.9    6.9    5.6    6.7    -995    -995    -995
 KIN2   133  1250     85   11.8    2.7    2.6   172    9.0    0.6    3.9    0.25   981.02   221   11.5    2.3   -995   -995   -995   -995   -995    -995    -995    -995
 KIN2   133  1255     85   11.7    3.0    3.0   158    8.6    0.6    4.2    0.25   980.97   181   11.4    2.6   -995   -995   -995   -995   -995    -995    -995    -995
 KIN2   133  1260     86   11.8    3.0    3.0   168    8.1    0.4    4.1    0.25   980.93   202   11.6    2.6    6.0    7.0    7.0    5.6    6.7    1.80    1.57    1.41
 KIN2   133  1265     85   12.0    2.7    2.6   175   11.9    0.4    3.5    0.25   980.87   253   11.7    2.3   -995   -995   -995   -995   -995    -995    -995    -995
 KIN2   133  1270     84   12.3    2.1    2.1   168   10.7    0.4    2.9    0.25   980.82   254   11.9    1.8   -995   -995   -995   -995   -995    -995    -995    -995
 KIN2   133  1275     84   12.0    1.9    1.9   187    8.3    0.4    2.6    0.25   980.75   227   11.8    1.7    6.1    7.1    7.1    5.7    6.7    -995    -995    -995
 KIN2   133  1280     85   12.1    2.0    2.0   195    8.6    0.6    2.9    0.25   980.72   195   11.9    1.7   -995   -995   -995   -995   -995    -995    -995    -995
 KIN2   133  1285     85   12.2    1.7    1.7   184   10.6    0.4    3.1    0.25   980.68   207   12.1    1.4   -995   -995   -995   -995   -995    -995    -995    -995
 KIN2   133  1290     84   12.7    3.0    2.9   174   17.2    0.6    4.4    0.25   980.59   311   12.3    2.6    6.1    7.2    7.1    5.7    6.7    1.81    1.58    1.40
 KIN2   133  1295     83   12.4    3.0    2.9   178   11.0    0.5    3.9    0.25   980.48   158   12.2    2.6   -995   -995   -995   -995   -995    -995    -995    -995
 KIN2   133  1300     84   12.7    2.6    2.5   192   14.3    0.4    3.5    0.25   980.58   290   12.4    2.3   -995   -995   -995   -995   -995    -995    -995    -995
 KIN2   133  1305     83   12.4    2.5    2.5   194    8.6    0.6    3.8    0.25   980.52   177   12.2    2.1    6.2    7.4    7.2    5.7    6.7    -995    -995    -995
 KIN2   133  1310     84   12.3    1.9    1.9   196    5.9    0.4    2.8    0.25   980.47   125   12.2    1.6   -995   -995   -995   -995   -995    -995    -995    -995
 KIN2   133  1315     85   12.1    1.7    1.7   203    7.6    0.4    2.6    0.25   980.40   110   12.1    1.4   -995   -995   -995   -995   -995    -995    -995    -995
 KIN2   133  1320     84   12.7    1.2    1.2   188   10.0    0.2    1.6    0.25   980.44   328   12.6    1.0    6.3    7.5    7.3    5.7    6.7    1.81    1.57    1.41
 KIN2   133  1325     82   12.5    1.5    1.5   188   11.6    0.3    2.3    0.25   980.37   119   12.6    1.3   -995   -995   -995   -995   -995    -995    -995    -995
 KIN2   133  1330     84   12.5    1.8    1.8   204    9.0    0.2    2.3    0.25   980.41   117   12.4    1.5   -995   -995   -995   -995   -995    -995    -995    -995
 KIN2   133  1335     84   12.6    1.6    1.5   180   10.0    0.2    2.3    0.25   980.40   135   12.6    1.3    6.4    7.6    7.3    5.8    6.7    -995    -995    -995
 KIN2   133  1340     82   12.9    1.1    1.1   188   15.2    0.3    1.8    0.25   980.45   292   12.9    0.9   -995   -995   -995   -995   -995    -995    -995    -995
 KIN2   133  1345     80   13.1    0.9    0.8   196   19.8    0.2    1.3    0.25   980.46   255   13.3    0.5   -995   -995   -995   -995   -995    -995    -995    -995
 KIN2   133  1350     80   13.0    0.8    0.7   168   24.0    0.3    1.6    0.25   980.33   182   13.2    0.4    6.4    7.7    7.3    5.8    6.7    1.81    1.57    1.40
 KIN2   133  1355     80   13.0    1.1    1.0   175   23.6    0.3    1.7    0.25   980.26   149   13.2    0.5   -995   -995   -995   -995   -995    -995    -995    -995
 KIN2   133  1360     80   13.2    1.0    1.0   184   11.7    0.3    1.6    0.25   980.25   181   13.3    0.4   -995   -995   -995   -995   -995    -995    -995    -995
 KIN2   133  1365     79   13.3    1.5    1.4   123   19.8    0.8    3.2    0.25   980.23   126   13.3    1.2    6.4    7.8    7.3    5.8    6.7    -995    -995    -995
 KIN2   133  1370     80   13.3    2.5    2.4   136   15.4    0.4    3.4    0.25   980.25   103   13.2    2.1   -995   -995   -995   -995   -995    -995    -995    -995
 KIN2   133  1375     80   13.2    2.7    2.7   149    8.6    0.5    3.8    0.25   980.22   105   13.2    2.3   -995   -995   -995   -995   -995    -995    -995    -995
 KIN2   133  1380     80   13.1    2.7    2.7   133    8.4    0.4    3.7    0.25   980.19   101   13.2    2.4    6.5    7.8    7.4    5.8    6.7    1.81    1.57    1.41
 KIN2   133  1385     80   13.1    2.4    2.4   137   13.3    0.3    3.1    0.25   980.19    70   13.1    2.0   -995   -995   -995   -995   -995    -995    -995    -995
 KIN2   133  1390     81   12.8    3.3    3.2   103    8.2    0.3    3.9    0.25   980.15    43   12.9    2.6   -995   -995   -995   -995   -995    -995    -995    -995
 KIN2   133  1395     82   12.8    2.8    2.7   118    9.7    0.3    3.5    0.25   980.12    51   12.9    2.5    6.6    7.9    7.5    5.9    6.8    -995    -995    -995
 KIN2   133  1400     82   12.6    2.6    2.6   121    6.8    0.6    3.7    0.25   980.03    42   12.8    2.1   -995   -995   -995   -995   -995    -995    -995    -995
 KIN2   133  1405     83   12.4    2.7    2.7   121    6.2    0.5    3.7    0.25   980.03    34   12.7    2.1   -995   -995   -995   -995   -995    -995    -995    -995
 KIN2   133  1410     83   12.4    2.7    2.6   114   10.0    0.5    3.7    0.25   980.07    42   12.6    2.2    6.7    8.0    7.5    6.0    6.8    1.82    1.57    1.40
 KIN2   133  1415     84   12.2    2.5    2.5   112    8.2    0.5    3.5    0.25   980.06    23   12.5    2.0   -995   -995   -995   -995   -995    -995    -995    -995
 KIN2   133  1420     85   11.7    2.0    2.0   116    9.1    0.3    2.8    0.25   980.01    19   12.3    1.5   -995   -995   -995   -995   -995    -995    -995    -995
 KIN2   133  1425     86   11.7    2.0    2.0   128    7.5    0.3    2.8    0.25   980.03    22   12.2    1.4    6.7    8.0    7.5    6.1    6.9    -995    -995    -995
 KIN2   133  1430     86   11.7    2.3    2.3   118    6.9    0.2    2.7    0.25   980.02    12   12.1    1.8   -995   -995   -995   -995   -995    -995    -995    -995
 KIN2   133  1435     86   11.4    2.0    2.0   118    6.6    0.2    2.7    0.25   980.01     7   12.0    1.6   -995   -995   -995   -995   -995    -995    -995    -995
</pre>