<pre>  101 ! (c) 2019 Oklahoma Climatological Survey and the Oklahoma Mesonet - all rights reserved
  21 2019 08 23 00 00 00
 STID  STNM  TIME   RELH   TAIR   WSPD   WVEC  WDIR   WDSD   WSSD   WMAX    RAIN     PRES  SRAD   TA9M   WS2M   TS10   TB10   TS05   TS25   TS60    TR05    TR25    TR60
 KIN2   133     0     64   28.8    4.0    3.9    68   11.4    0.6    5.6    0.00   972.58   203   28.7    3.0   28.9   32.8   29.1   28.2   27.0    2.56    2.47    3.69
 KIN2   133     5     63   28.9    3.8    3.8    82    9.3    0.7    5.8    0.00   972.74   142   28.7    2.5   -995   -995   -995   -995   -995    -995    -995    -995
 KIN2   133    10     63   28.8    3.5    3.4    77   12.8    0.6    5.1    0.00   973.01    53   28.7    2.5   -995   -995   -995   -995   -995    -995    -995    -995
 KIN2   133    15     65   28.6    4.4    4.4    80    6.5    0.7    6.0    0.00   973.13    41   28.5    2.9   28.9   32.8   29.2   28.2   27.0    -995    -995    -995
 KIN2   133    20     65   28.4    4.1    4.1    64    9.6    0.9    6.0    0.00   973.12    25   28.4    3.0   -995   -995   -995   -995   -995    -995    -995    -995
 KIN2   133    25     66   28.3    4.2    4.1    68    9.1    0.6    5.4    0.00   973.05    28   28.3    2.8   -995   -995   -995   -995   -995    -995    -995    -995
 KIN2   133    30     66   28.2    4.2    4.2    80    6.9    0.6    5.4    0.00   973.02    38   28.2    2.8   28.9   32.9   29.2   28.3   27.1    2.57    2.47    3.69
 KIN2   133    35     67   28.2    4.5    4.4    78    7.7    0.5    5.7    0.00   973.08    42   28.2    3.0   -995   -995   -995   -995   -995    -995    -995    -995
 KIN2   133    40     67   28.1    3.3    3.3    84   11.5    0.5    4.4    0.00   973.17    49   28.2    2.2   -995   -995   -995   -995   -995    -995    -995    -995
 KIN2   133    45     67   28.0    4.7    4.7   136    8.8    0.9    7.9    0.00   973.70    55   28.1    3.6   28.9   32.8   29.1   28.4   27.1    -995    -995    -995
 KIN2   133    50     68   27.9    4.9    4.8   130    8.6    0.9    7.1    0.00   973.99    57   27.9    3.9   -995   -995   -995   -995   -995    -995    -995    -995
 KIN2   133    55     69   27.8    5.4    5.3   121    8.6    1.2    7.6    0.00   973.98    46   27.8    4.1   -995   -995   -995   -995   -995    -995    -995    -995
 KIN2   133    60     71   27.4    4.9    4.8   115   11.7    0.8    6.7    0.00   973.93    37   27.5    3.8   28.9   32.7   29.0   28.3   27.1    2.57    2.46    3.69
 KIN2   133    65     71   27.3    4.3    4.2   111    9.5    0.7    6.1    0.00   974.02    27   27.4    3.2   -995   -995   -995   -995   -995    -995    -995    -995
 KIN2   133    70     72   27.2    4.3    4.3   101    7.8    0.7    5.9    0.00   973.90    17   27.2    3.2   -995   -995   -995   -995   -995    -995    -995    -995
 KIN2   133    75     72   27.0    4.7    4.6   112   11.3    0.7    6.2    0.00   973.95     7   27.1    3.8   28.9   32.6   29.0   28.3   27.0    -995    -995    -995
 KIN2   133    80     73   26.9    4.7    4.7    97    7.9    0.6    6.1    0.00   974.01     2   27.0    3.6   -995   -995   -995   -995   -995    -995    -995    -995
 KIN2   133    85     74   26.7    4.7    4.6    99   10.2    0.7    6.6    0.00   974.06     1   26.9    3.5   -995   -995   -995   -995   -995    -995    -995    -995
 KIN2   133    90     68   26.2    5.4    5.1   124   18.2    1.0    7.4    0.00   974.09     0   26.2    4.1   28.9   32.5   28.9   28.3   27.0    2.57    2.45    3.70
 KIN2   133    95     65   25.4    3.9    3.8   142    8.9    0.7    5.6    0.00   974.08     0   25.6    2.9   -995   -995   -995   -995   -995    -995    -995    -995
 KIN2   133   100     67   25.1    3.8    3.8   137    9.2    0.6    5.4    0.00   974.13     0   25.3    2.9   -995   -995   -995   -995   -995    -995    -995    -995
 KIN2   133   105     68   24.8    2.9    2.8   133   11.2    0.7    4.4    0.00   974.05     0   25.0    2.3   28.9   32.4   28.8   28.3   27.0    -995    -995    -995
 KIN2   133   110     68   24.7    2.4    2.4   104   12.6    0.6    3.7    0.00   973.95     0   25.0    1.7   -995   -995   -995   -995   -995    -995    -995    -995
 KIN2   133   115     68   24.7    3.7    3.6   124    9.3    0.6    4.9    0.00   974.11     0   24.9    2.7   -995   -995   -995   -995   -995    -995    -995    -995
 KIN2   133   120     69   24.5    4.3    4.3   134    8.5    0.6    5.5    0.00   974.25     0   24.7    3.2   28.9   32.2   28.7   28.4   27.1    2.57    2.45    3.69
 KIN2   133   125     70   24.3    3.1    3.0   141   12.5    0.7    5.0    0.00   974.13     0   24.5    2.3   -995   -995   -995   -995   -995    -995    -995    -995
 KIN2   133   130     71   24.2    2.8    2.7   127   13.7    0.6    5.0    0.00   974.13     0   24.5    2.1   -995   -995   -995   -995   -995    -995    -995    -995
 KIN2   133   135     70   24.3    2.6    2.6   127   12.3    0.5    3.6    0.00   974.19     0   24.5    2.1   28.8   32.1   28.6   28.4   27.0    -995    -995    -995
 KIN2   133   140     71   24.2    2.6    2.6   123    7.9    0.5    4.0    0.00   974.32     0   24.5    2.0   -995   -995   -995   -995   -995    -995    -995    -995
 KIN2   133   145     70   24.2    2.6    2.5    98   14.7    0.4    3.7    0.00   974.44     0   24.5    1.8   -995   -995   -995   -995   -995    -995    -995    -995
 KIN2   133   150     71   24.1    2.3    2.3    82    8.1    0.3    3.4    0.00   974.61     0   24.4    1.4   28.8   31.9   28.5   28.3   27.0    2.57    2.45    3.70
 KIN2   133   155     71   24.0    1.9    1.8    56   10.8    0.6    3.2    0.00   974.62     0   24.3    1.2   -995   -995   -995   -995   -995    -995    -995    -995
 KIN2   133   160     72   23.8    1.7    1.6    59   11.0    0.4    2.5    0.00   974.56     0   24.2    1.0   -995   -995   -995   -995   -995    -995    -995    -995
 KIN2   133   165     72   23.8    1.1    1.1    69   16.3    0.2    1.5    0.00   974.47     0   24.2    0.6   28.7   31.7   28.4   28.3   27.0    -995    -995    -995
 KIN2   133   170     72   23.7    1.3    1.3    69    9.9    0.6    2.4    0.00   974.55     0   24.2    0.7   -995   -995   -995   -995   -995    -995    -995    -995
 KIN2   133   175     72   23.6    2.0    2.0    36   14.8    0.3    2.9    0.00   974.60     0   24.1    1.5   -995   -995   -995   -995   -995    -995    -995    -995
 KIN2   133   180     73   23.5    2.4    2.3    58   18.3    0.4    3.3    0.00   974.67     0   24.0    1.7   28.7   31.6   28.3   28.3   27.0    2.58    2.45    3.69
 KIN2   133   185     73   23.5    2.3    2.3    64    9.7    0.3    3.1    0.00   974.68     0   23.7    1.5   -995   -995   -995   -995   -995    -995    -995    -995
 KIN2   133   190     74   23.5    2.2    2.2    76   11.2    0.3    3.0    0.00   974.78     0   23.6    1.5   -995   -995   -995   -995   -995    -995    -995    -995
 KIN2   133   195     75   23.4    2.8    2.7    74    7.7    0.4    3.5    0.00   974.94     0   23.6    1.8   28.6   31.4   28.2   28.3   27.0    -995    -995    -995
 KIN2   133   200     75   23.3    2.9    2.8    83   11.8    0.4    3.8    0.00   975.05     0   23.5    1.9   -995   -995   -995   -995   -995    -995    -995    -995
 KIN2   133   205     75   23.3    2.5    2.5   100   11.2    0.8    4.2    0.00   975.09     0   23.4    1.9   -995   -995   -995   -995   -995    -995    -995    -995
 KIN2   133   210     76   23.2    1.7    1.6   118   15.5    0.4    2.8    0.00   975.10     0   23.4    1.1   28.6   31.2   28.1   28.2   26.9    2.58    2.44    3.70
 KIN2   133   215     76   23.0    1.3    1.3    84   15.4    0.3    2.1    0.00   975.15     0   23.4    0.7   -995   -995   -995   -995   -995    -995    -995    -995
 KIN2   133   220     76   23.0    1.6    1.6    73    7.9    0.2    1.9    0.00   975.20     0   23.3    0.8   -995   -995   -995   -995   -995    -995    -995    -995
 KIN2   133   225     77   23.0    1.5    1.5    93    8.6    0.3    2.4    0.00   975.23     0   23.3    0.7   28.5   31.1   28.0   28.2   26.9    -995    -995    -995
 KIN2   133   230     76   23.1    1.6    1.5    68    9.3    0.3    2.2    0.00   975.30     0   23.3    0.9   -995   -995   -995   -995   -995    -995    -995    -995
 KIN2   133   235     77   23.2    1.9    1.9    58    9.1    0.3    2.6    0.00   975.41     0   23.4    1.2   -995   -995   -995   -995   -995    -995    -995    -995
 KIN2   133   240     76   23.1    1.8    1.8    61    9.9    0.4    2.6    0.00   975.41     0   23.4    1.2   28.5   30.9   28.0   28.2   26.9    2.59    2.44    3.69
 KIN2   133   245     76   23.0    1.2    1.1    40   12.5    0.5    2.3    0.00   975.36     0   23.3    0.8   -995   -995   -995   -995   -995    -995    -995    -995
 KIN2   133   250     77   22.9    2.6    2.5    35    8.0    0.4    3.3    0.00   975.29     0   23.3    1.8   -995   -995   -995   -995   -995    -995    -995    -995
 KIN2   133   255     78   22.7    1.5    1.5    17   10.2    0.3    2.2    0.00   975.19     0   23.1    0.9   28.4   30.8   27.9   28.2   26.9    -995    -995    -995
 KIN2   133   260     79   22.6    1.2    1.2    25   12.8    0.4    2.0    0.00   975.19     0   23.1    0.2   -995   -995   -995   -995   -995    -995    -995    -995
 KIN2   133   265     79   22.5    1.5    1.5    52   13.4    0.6    2.6    0.00   975.27     0   23.0    0.7   -995   -995   -995   -995   -995    -995    -995    -995
 KIN2   133   270     79   22.6    2.3    2.3    81    8.5    0.4    3.1    0.00   975.30     0   23.1    1.2   28.4   30.7   27.9   28.2   26.9    2.59    2.44    3.70
 KIN2   133   275     78   22.7    1.0    1.0    84   10.2    0.3    1.7    0.00   975.18     0   23.1    0.2   -995   -995   -995   -995   -995    -995    -995    -995
 KIN2   133   280     78   22.6    2.0    2.0    77    3.7    0.4    2.8    0.00   975.24     0   23.1    1.1   -995   -995   -995   -995   -995    -995    -995    -995
 KIN2   133   285     79   22.5    2.7    2.7    74    7.4    0.3    3.3    0.00   975.31     0   23.0    1.6   28.3   30.5   27.8   28.2   26.9    -995    -995    -995
 KIN2   133   290     79   22.5    2.1    2.1    79    9.4    0.3    2.9    0.00   975.21     0   22.9    1.1   -995   -995   -995   -995   -995    -995    -995    -995
 KIN2   133   295     79   22.6    1.8    1.8    76   15.4    0.3    2.6    0.00   975.08     0   22.9    1.2   -995   -995   -995   -995   -995    -995    -995    -995
 KIN2   133   300     80   22.4    2.2    2.2    55    9.4    0.6    3.3    0.00   975.09     0   22.8    1.5   28.3   30.4   27.7   28.2   26.9    2.60    2.44    3.70
 KIN2   133   305     80   22.4    2.0    2.0    61   11.1    0.5    2.9    0.00   975.14     0   22.8    1.3   -995   -995   -995   -995   -995    -995    -995    -995
 KIN2   133   310     80   22.3    0.9    0.8    57   24.8    0.2    1.2    0.00   975.11     0   22.8    0.0   -995   -995   -995   -995   -995    -995    -995    -995
 KIN2   133   315     81   22.2    1.3    1.3    92   15.4    0.2    1.8    0.00   975.09     0   22.8    0.6   28.2   30.3   27.7   28.1   26.9    -995    -995    -995
 KIN2   133   320     81   22.1    1.8    1.8    69    8.5    0.2    2.4    0.00   975.09     0   22.7    0.9   -995   -995   -995   -995   -995    -995    -995    -995
 KIN2   133   325     83   22.1    1.6    1.6    66    8.7    0.2    2.2    0.00   975.03     0   22.7    0.9   -995   -995   -995   -995   -995    -995    -995    -995
 KIN2   133   330     83   22.0    1.7    1.7    58    6.5    0.3    2.4    0.00   975.09     0   22.6    0.9   28.2   30.2   27.6   28.1   26.9    2.60    2.44    3.69
 KIN2   133   335     83   22.0    2.0    1.9    79   18.0    0.3    2.7    0.00   975.13     0   22.6    1.2   -995   -995   -995   -995   -995    -995    -995    -995
 KIN2   133   340     83   22.1    2.3    2.3   109    6.5    0.3    3.0    0.00   975.18     0   22.6    1.5   -995   -995   -995   -995   -995    -995    -995    -995
 KIN2   133   345     83   22.0    1.8    1.8   111    7.1    0.2    2.5    0.00   975.20     0   22.5    1.2   28.1   30.0   27.5   28.1   26.9    -995    -995    -995
 KIN2   133   350     83   22.0    2.1    2.1   132    9.3    0.3    2.8    0.00   975.27     0   22.5    1.5   -995   -995   -995   -995   -995    -995    -995    -995
 KIN2   133   355     83   21.9    2.6    2.6   138    5.3    0.3    3.4    0.00   975.21     0   22.3    1.8   -995   -995   -995   -995   -995    -995    -995    -995
 KIN2   133   360     84   21.9    2.0    1.8   103   21.4    0.3    2.8    0.00   975.19     0   22.2    1.4   28.1   29.9   27.5   28.1   26.9    2.60    2.44    3.70
 KIN2   133   365     84   21.8    1.8    1.7    61   18.9    0.3    2.5    0.00   975.19     0   22.2    1.2   -995   -995   -995   -995   -995    -995    -995    -995
 KIN2   133   370     85   21.7    1.8    1.8    96    9.2    0.3    2.4    0.00   975.30     0   22.1    1.0   -995   -995   -995   -995   -995    -995    -995    -995
 KIN2   133   375     85   21.7    1.5    1.5    94   10.3    0.3    2.3    0.00   975.27     0   22.1    0.8   28.0   29.8   27.4   28.1   26.9    -995    -995    -995
 KIN2   133   380     85   21.6    1.7    1.6    80    8.3    0.4    2.3    0.00   975.33     0   22.0    0.9   -995   -995   -995   -995   -995    -995    -995    -995
 KIN2   133   385     86   21.6    2.1    2.1    90    8.0    0.2    2.5    0.00   975.40     0   22.0    1.3   -995   -995   -995   -995   -995    -995    -995    -995
 KIN2   133   390     86   21.6    2.1    2.0   106    9.3    0.5    3.4    0.00   975.47     0   21.9    1.4   28.0   29.6   27.4   28.1   26.9    2.60    2.43    3.69
 KIN2   133   395     86   21.6    1.9    1.9   101   14.3    0.4    3.0    0.00   975.33     0   21.9    1.3   -995   -995   -995   -995   -995    -995    -995    -995
 KIN2   133   400     86   21.7    2.5    2.4   104   10.6    0.4    3.6    0.00   975.27     0   21.9    1.7   -995   -995   -995   -995   -995    -995    -995    -995
 KIN2   133   405     86   21.8    3.0    2.9   117   10.0    0.4    4.1    0.00   975.26     0   22.0    2.3   27.9   29.5   27.3   28.0   26.9    -995    -995    -995
 KIN2   133   410     86   21.8    2.9    2.9   116    8.8    0.5    4.2    0.00   975.26     0   22.0    2.2   -995   -995   -995   -995   -995    -995    -995    -995
 KIN2   133   415     86   21.8    2.8    2.8   112    9.6    0.6    4.3    0.00   975.22     0   22.0    2.1   -995   -995   -995   -995   -995    -995    -995    -995
 KIN2   133   420     86   21.8    3.4    3.3   112   12.6    0.5    5.1    0.00   975.24     0   22.0    2.6   27.9   29.4   27.3   28.0   26.9    2.60    2.43    3.70
 KIN2   133   425     86   21.8    3.2    3.1    92   11.2    0.5    4.6    0.00   975.19     0   22.0    2.2   -995   -995   -995   -995   -995    -995    -995    -995
 KIN2   133   430     87   21.8    3.2    3.2    93    9.8    0.5    4.4    0.00   975.15     0   22.0    2.2   -995   -995   -995   -995   -995    -995    -995    -995
 KIN2   133   435     87   21.7    3.0    3.0    93    9.7    0.6    4.5    0.00   975.07     0   21.9    2.0   27.8   29.3   27.2   28.0   26.9    -995    -995    -995
 KIN2   133   440     87   21.7    3.1    3.0    97   10.0    0.6    4.7    0.00   975.08     0   22.0    2.1   -995   -995   -995   -995   -995    -995    -995    -995
 KIN2   133   445     87   21.7    3.2    3.1    82   10.2    0.4    4.1    0.00   975.09     0   21.9    2.0   -995   -995   -995   -995   -995    -995    -995    -995
 KIN2   133   450     88   21.7    3.5    3.5    80    7.9    0.6    4.6    0.00   975.10     0   21.9    2.2   27.8   29.2   27.2   28.0   26.9    2.60    2.43    3.70
 KIN2   133   455     88   21.8    3.5    3.4    97    9.5    0.5    4.5    0.00   975.18     0   21.9    2.5   -995   -995   -995   -995   -995    -995    -995    -995
 KIN2   133   460     88   21.7    3.1    3.1   105    8.7    0.5    4.2    0.00   975.14     0   21.9    2.3   -995   -995   -995   -995   -995    -995    -995    -995
 KIN2   133   465     88   21.7    3.1    3.1   108   10.3    0.4    4.3    0.00   975.10     0   21.9    2.5   27.7   29.1   27.2   27.9   26.9    -995    -995    -995
 KIN2   133   470     88   21.7    2.6    2.6    79   10.8    0.5    3.9    0.00   975.00     0   21.9    1.7   -995   -995   -995   -995   -995    -995    -995    -995
 KIN2   133   475     88   21.7    2.4    2.4    78   12.1    0.3    3.1    0.00   974.93     0   21.9    1.5   -995   -995   -995   -995   -995    -995    -995    -995
 KIN2   133   480     89   21.8    2.5    2.4    83   13.6    0.5    3.9    0.00   974.89     0   21.9    1.5   27.7   29.0   27.1   27.9   26.9    2.61    2.43    3.70
 KIN2   133   485     89   21.8    2.4    2.3    90   12.3    0.4    3.4    0.00   974.80     0   21.9    1.5   -995   -995   -995   -995   -995    -995    -995    -995
 KIN2   133   490     89   21.8    2.7    2.7   106   10.0    0.4    4.0    0.00   974.78     0   22.0    1.9   -995   -995   -995   -995   -995    -995    -995    -995
 KIN2   133   495     89   21.9    2.4    2.4   106    9.9    0.7    4.1    0.00   974.83     0   22.0    1.8   27.7   28.9   27.1   27.9   26.9    -995    -995    -995
 KIN2   133   500     89   21.9    2.1    2.1    95   10.1    0.6    3.7    0.00   974.77     0   22.1    1.3   -995   -995   -995   -995   -995    -995    -995    -995
 KIN2   133   505     89   21.9    2.4    2.3    98   12.4    0.5    3.6    0.00   974.73     0   22.1    1.7   -995   -995   -995   -995   -995    -995    -995    -995
 KIN2   133   510     89   22.0    2.3    2.3    94   11.9    0.6    3.6    0.00   974.75     0   22.2    1.6   27.6   28.8   27.1   27.9   26.9    2.61    2.43    3.69
 KIN2   133   515     89   22.0    2.6    2.6   100   10.9    0.5    3.7    0.00   974.77     0   22.2    2.0   -995   -995   -995   -995   -995    -995    -995    -995
 KIN2   133   520     89   22.0    2.9    2.8   102   10.2    0.5    3.9    0.00   974.72     0   22.2    2.0   -995   -995   -995   -995   -995    -995    -995    -995
 KIN2   133   525     89   21.8    2.1    2.0    83    9.6    0.4    2.9    0.00   974.72     0   22.1    1.2   27.6   28.7   27.1   27.9   26.9    -995    -995    -995
 KIN2   133   530     90   21.8    2.6    2.6    87   11.4    0.4    3.6    0.00   974.81     0   22.1    1.7   -995   -995   -995   -995   -995    -995    -995    -995
 KIN2   133   535     90   21.7    2.4    2.4    91   10.0    0.6    4.4    0.00   974.84     0   22.0    1.4   -995   -995   -995   -995   -995    -995    -995    -995
 KIN2   133   540     91   21.7    2.4    2.4    92   11.1    0.7    4.0    0.00   974.72     0   22.0    1.6   27.6   28.7   27.0   27.8   26.9    2.60    2.43    3.70
 KIN2   133   545     91   21.6    2.1    2.0    95   12.2    0.5    3.4    0.00   974.65     0   21.9    1.3   -995   -995   -995   -995   -995    -995    -995    -995
 KIN2   133   550     92   21.6    2.9    2.8   102    9.1    0.4    3.9    0.00   974.62     0   21.9    2.1   -995   -995   -995   -995   -995    -995    -995    -995
 KIN2   133   555     92   21.6    2.8    2.8    92   10.4    0.5    3.7    0.00   974.65     0   21.9    1.9   27.5   28.6   27.0   27.8   26.9    -995    -995    -995
 KIN2   133   560     92   21.6    2.7    2.6    91    8.8    0.4    3.8    0.00   974.62     0   21.8    1.8   -995   -995   -995   -995   -995    -995    -995    -995
 KIN2   133   565     92   21.5    2.5    2.5    90   10.3    0.4    4.1    0.00   974.63     0   21.8    1.5   -995   -995   -995   -995   -995    -995    -995    -995
 KIN2   133   570     92   21.5    2.8    2.8    92    7.5    0.4    3.9    0.00   974.70     0   21.8    1.9   27.5   28.5   27.0   27.8   26.9    2.62    2.43    3.69
 KIN2   133   575     92   21.5    2.4    2.3    96    9.4    0.5    4.0    0.00   974.66     0   21.7    1.5   -995   -995   -995   -995   -995    -995    -995    -995
 KIN2   133   580     93   21.4    2.4    2.3    99    9.8    0.7    4.1    0.00   974.67     0   21.7    1.7   -995   -995   -995   -995   -995    -995    -995    -995
 KIN2   133   585     93   21.5    2.9    2.9   107    8.3    0.5    4.3    0.00   974.64     0   21.7    2.2   27.5   28.4   26.9   27.8   26.9    -995    -995    -995
 KIN2   133   590     93   21.4    2.9    2.8   102   10.7    0.5    4.2    0.00   974.74     0   21.7    2.0   -995   -995   -995   -995   -995    -995    -995    -995
 KIN2   133   595     92   21.5    2.9    2.8    96   10.4    0.4    4.0    0.00   974.86     0   21.7    2.2   -995   -995   -995   -995   -995    -995    -995    -995
 KIN2   133   600     92   21.5    2.5    2.5    89    8.7    0.4    3.5    0.00   974.87     0   21.7    1.8   27.5   28.3   26.9   27.8   26.9    2.61    2.43    3.70
 KIN2   133   605     92   21.5    2.4    2.3    85   10.9    0.5    3.8    0.00   974.93     0   21.7    1.5   -995   -995   -995   -995   -995    -995    -995    -995
 KIN2   133   610     92   21.6    2.9    2.9    85   12.9    0.5    3.7    0.00   975.02     0   21.7    1.9   -995   -995   -995   -995   -995    -995    -995    -995
 KIN2   133   615     92   21.6    3.4    3.3    96    9.8    0.6    4.7    0.00   975.07     0   21.7    2.5   27.4   28.2   26.9   27.7   26.9    -995    -995    -995
 KIN2   133   620     92   21.7    3.6    3.5    97    9.4    0.6    5.3    0.00   975.11     0   21.8    2.6   -995   -995   -995   -995   -995    -995    -995    -995
 KIN2   133   625     92   21.7    3.3    3.2    93   12.2    0.6    4.9    0.00   975.16     0   21.8    2.3   -995   -995   -995   -995   -995    -995    -995    -995
 KIN2   133   630     92   21.8    3.2    3.1    82   10.3    0.6    4.6    0.00   975.19     0   21.8    2.1   27.4   28.1   26.9   27.7   26.8    2.61    2.43    3.69
 KIN2   133   635     92   21.8    3.6    3.5    83   10.4    0.8    5.1    0.00   975.29     0   21.8    2.3   -995   -995   -995   -995   -995    -995    -995    -995
 KIN2   133   640     92   21.8    3.7    3.6    92   11.8    0.5    5.0    0.00   975.32     0   21.9    2.6   -995   -995   -995   -995   -995    -995    -995    -995
 KIN2   133   645     91   21.9    3.9    3.9    94    9.8    0.6    5.3    0.00   975.31     0   21.9    2.7   27.3   28.1   26.8   27.7   26.8    -995    -995    -995
 KIN2   133   650     91   21.9    4.2    4.1   102   11.9    0.7    6.0    0.00   975.28     0   21.9    3.1   -995   -995   -995   -995   -995    -995    -995    -995
 KIN2   133   655     91   21.9    4.4    4.3   102   10.4    0.9    6.2    0.00   975.34     0   21.9    3.4   -995   -995   -995   -995   -995    -995    -995    -995
 KIN2   133   660     92   21.9    4.9    4.9    96   11.1    1.1    7.5    0.00   975.33     0   22.0    3.5   27.3   28.0   26.8   27.6   26.8    2.62    2.43    3.69
 KIN2   133   665     92   21.9    5.0    4.9    99    9.0    0.9    6.9    0.00   975.26     0   22.0    3.6   -995   -995   -995   -995   -995    -995    -995    -995
 KIN2   133   670     92   21.8    4.1    4.1   102    9.1    0.8    5.9    0.00   975.32     0   22.0    2.9   -995   -995   -995   -995   -995    -995    -995    -995
 KIN2   133   675     92   21.9    3.4    3.3   102   11.1    0.7    5.9    0.00   975.22     0   22.0    2.6   27.3   28.0   26.8   27.6   26.8    -995    -995    -995
 KIN2   133   680     92   21.9    3.5    3.5    98   10.5    0.6    5.4    0.00   975.31     0   22.1    2.5   -995   -995   -995   -995   -995    -995    -995    -995
 KIN2   133   685     92   22.0    3.9    3.8   107    8.8    0.9    6.3    0.00   975.34     0   22.2    2.8   -995   -995   -995   -995   -995    -995    -995    -995
 KIN2   133   690     91   22.0    3.5    3.5   105    9.1    0.8    5.4    0.00   975.39     0   22.2    2.8   27.3   27.9   26.8   27.6   26.8    2.61    2.43    3.69
 KIN2   133   695     91   22.0    3.1    3.0   104   14.1    0.5    4.5    0.00   975.54     0   22.2    2.3   -995   -995   -995   -995   -995    -995    -995    -995
 KIN2   133   700     91   22.1    3.5    3.4   110   11.6    0.6    5.0    0.00   975.64     0   22.3    2.7   -995   -995   -995   -995   -995    -995    -995    -995
 KIN2   133   705     91   22.1    4.1    4.0   121   10.1    0.6    5.7    0.00   975.62     0   22.3    3.1   27.2   27.9   26.8   27.6   26.8    -995    -995    -995
 KIN2   133   710     91   22.1    3.4    3.3   109   12.6    0.7    5.1    0.00   975.73     1   22.3    2.5   -995   -995   -995   -995   -995    -995    -995    -995
 KIN2   133   715     91   22.1    2.9    2.9    86   12.6    0.8    4.4    0.00   975.69     1   22.3    2.0   -995   -995   -995   -995   -995    -995    -995    -995
 KIN2   133   720     92   21.8    2.4    2.3    74   11.5    0.5    3.9    0.00   975.83     2   22.0    1.6   27.2   27.8   26.8   27.6   26.8    2.62    2.43    3.69
 KIN2   133   725     93   21.8    2.7    2.6    87   11.0    0.4    3.8    0.00   976.00     2   21.9    1.5   -995   -995   -995   -995   -995    -995    -995    -995
 KIN2   133   730     93   21.8    3.1    3.0   100    9.8    0.5    4.0    0.00   976.05     4   22.0    2.2   -995   -995   -995   -995   -995    -995    -995    -995
 KIN2   133   735     93   21.9    3.1    3.0   106    9.4    0.4    4.1    0.00   975.98     5   22.1    2.2   27.2   27.8   26.8   27.6   26.8    -995    -995    -995
 KIN2   133   740     93   22.0    2.9    2.9   110    8.3    0.6    4.1    0.00   975.96     8   22.2    2.2   -995   -995   -995   -995   -995    -995    -995    -995
 KIN2   133   745     93   21.9    2.6    2.6   104    8.1    0.4    4.1    0.00   975.98    10   22.1    1.9   -995   -995   -995   -995   -995    -995    -995    -995
 KIN2   133   750     93   21.9    2.8    2.7    93   15.8    0.5    4.1    0.00   976.16    13   22.1    1.9   27.2   27.7   26.7   27.5   26.8    2.62    2.43    3.70
 KIN2   133   755     93   21.9    2.7    2.6    62    7.9    0.3    3.5    0.00   976.36    15   22.1    1.8   -995   -995   -995   -995   -995    -995    -995    -995
 KIN2   133   760     93   21.8    1.8    1.7    90   17.2    0.3    2.8    0.00   976.29    19   22.0    1.1   -995   -995   -995   -995   -995    -995    -995    -995
 KIN2   133   765     93   21.9    2.4    2.3    95    9.7    0.4    3.3    0.00   976.34    23   22.0    1.7   27.2   27.6   26.7   27.5   26.8    -995    -995    -995
 KIN2   133   770     93   21.9    2.9    2.8    99   10.8    0.5    3.8    0.00   976.39    30   22.1    2.0   -995   -995   -995   -995   -995    -995    -995    -995
 KIN2   133   775     93   21.9    2.8    2.8   106   12.5    0.5    4.0    0.00   976.46    31   22.0    2.0   -995   -995   -995   -995   -995    -995    -995    -995
 KIN2   133   780     93   22.0    3.1    3.0    97   10.6    0.4    4.1    0.00   976.66    28   22.0    2.2   27.1   27.6   26.7   27.5   26.8    2.62    2.44    3.69
 KIN2   133   785     93   22.0    3.4    3.4   100    9.3    0.7    5.0    0.00   976.63    31   22.1    2.5   -995   -995   -995   -995   -995    -995    -995    -995
 KIN2   133   790     93   22.0    2.9    2.9    99   11.9    0.5    4.3    0.00   976.47    34   22.1    2.1   -995   -995   -995   -995   -995    -995    -995    -995
 KIN2   133   795     93   22.0    4.1    4.0   102    9.8    0.6    5.6    0.00   976.44    35   22.1    3.1   27.1   27.5   26.7   27.5   26.8    -995    -995    -995
 KIN2   133   800     93   22.0    4.7    4.6   106    7.8    0.7    6.7    0.00   976.44    32   22.1    3.6   -995   -995   -995   -995   -995    -995    -995    -995
 KIN2   133   805     93   22.1    4.3    4.2    99   10.8    0.7    5.8    0.00   976.43    28   22.1    3.1   -995   -995   -995   -995   -995    -995    -995    -995
 KIN2   133   810     93   22.2    3.7    3.7    91    9.3    0.9    5.8    0.00   976.48    33   22.1    2.7   27.1   27.5   26.7   27.5   26.8    2.62    2.43    3.69
 KIN2   133   815     93   22.2    4.8    4.7    94   10.5    0.9    6.8    0.00   976.53    45   22.1    3.4   -995   -995   -995   -995   -995    -995    -995    -995
 KIN2   133   820     92   22.3    5.8    5.7   100    9.8    0.9    7.3    0.00   976.42   116   22.2    4.2   -995   -995   -995   -995   -995    -995    -995    -995
 KIN2   133   825     92   22.6    4.2    4.1   103   12.6    0.7    6.0    0.00   976.54   173   22.4    3.0   27.0   27.4   26.6   27.4   26.8    -995    -995    -995
 KIN2   133   830     91   22.7    5.6    5.6   104    8.6    0.8    7.6    0.00   976.48   203   22.4    4.4   -995   -995   -995   -995   -995    -995    -995    -995
 KIN2   133   835     90   23.0    5.5    5.4   111   10.8    0.9    8.1    0.00   976.51   255   22.6    4.5   -995   -995   -995   -995   -995    -995    -995    -995
 KIN2   133   840     89   23.2    5.8    5.7   108   10.3    0.9    8.4    0.00   976.50   258   22.8    4.5   27.0   27.4   26.6   27.4   26.8    2.63    2.43    3.70
 KIN2   133   845     87   23.5    5.7    5.6   111   12.2    1.1    8.6    0.00   976.60   300   23.0    4.5   -995   -995   -995   -995   -995    -995    -995    -995
 KIN2   133   850     85   23.6    6.0    5.9   123    9.8    0.9    8.3    0.00   976.72   191   23.2    4.7   -995   -995   -995   -995   -995    -995    -995    -995
 KIN2   133   855     85   23.6    6.7    6.5   126   11.7    1.0    8.7    0.00   976.77   174   23.3    5.2   27.0   27.3   26.7   27.3   26.7    -995    -995    -995
 KIN2   133   860     84   23.8    5.6    5.5   119   13.2    1.1    8.5    0.00   976.82   148   23.5    4.6   -995   -995   -995   -995   -995    -995    -995    -995
 KIN2   133   865     84   23.7    6.8    6.7   120    9.1    1.1    9.2    0.00   976.74   136   23.4    5.4   -995   -995   -995   -995   -995    -995    -995    -995
 KIN2   133   870     84   23.7    7.2    7.0   127   10.6    1.1   10.7    0.00   976.77   144   23.4    5.5   27.0   27.4   26.7   27.3   26.7    2.62    2.42    3.69
 KIN2   133   875     84   23.5    7.9    7.8   121    9.4    1.0    9.8    0.00   976.86   187   23.2    6.1   -995   -995   -995   -995   -995    -995    -995    -995
 KIN2   133   880     83   24.3    5.8    5.7   121   12.1    1.1    8.0    0.00   976.86   559   23.7    4.6   -995   -995   -995   -995   -995    -995    -995    -995
 KIN2   133   885     80   24.7    6.5    6.5   125    8.6    1.0    8.7    0.00   976.81   476   24.0    5.4   27.0   27.5   26.8   27.3   26.7    -995    -995    -995
 KIN2   133   890     78   25.5    5.6    5.4   130   14.6    0.9    8.0    0.00   976.79   606   24.7    4.4   -995   -995   -995   -995   -995    -995    -995    -995
 KIN2   133   895     77   25.7    6.6    6.4   130   12.7    1.5    9.3    0.00   976.68   646   24.7    5.3   -995   -995   -995   -995   -995    -995    -995    -995
 KIN2   133   900     75   26.0    7.0    6.9   123   10.8    1.2    9.9    0.00   976.71   636   24.8    5.7   26.9   27.4   26.8   27.2   26.6    2.63    2.43    3.70
 KIN2   133   905     75   25.7    7.1    7.0   127   12.6    1.2   10.0    0.00   976.82   560   24.7    5.9   -995   -995   -995   -995   -995    -995    -995    -995
 KIN2   133   910     75   25.9    7.3    7.2   141    8.6    1.1   10.0    0.00   976.88   597   24.8    5.8   -995   -995   -995   -995   -995    -995    -995    -995
 KIN2   133   915     73   26.1    7.5    7.4   146   10.3    1.2   10.9    0.00   976.98   586   25.1    5.8   26.9   27.5   26.8   27.2   26.6    -995    -995    -995
 KIN2   133   920     72   26.3    8.6    8.5   142    8.6    1.3   11.8    0.00   976.95   626   25.1    6.6   -995   -995   -995   -995   -995    -995    -995    -995
 KIN2   133   925     72   26.2    8.7    8.6   145    8.3    1.1   11.6    0.00   976.94   580   25.2    6.9   -995   -995   -995   -995   -995    -995    -995    -995
 KIN2   133   930     72   26.2    7.9    7.8   142    7.4    1.1   10.7    0.00   976.99   529   25.2    6.2   26.9   27.7   27.0   27.2   26.6    2.63    2.45    3.70
 KIN2   133   935     72   26.1    7.2    7.1   146    8.8    1.2    9.5    0.00   977.01   423   25.2    5.6   -995   -995   -995   -995   -995    -995    -995    -995
 KIN2   133   940     72   26.4    6.8    6.7   140   10.1    1.0    9.6    0.00   977.04   577   25.6    5.3   -995   -995   -995   -995   -995    -995    -995    -995
 KIN2   133   945     70   26.8    7.7    7.6   151    7.4    1.0   10.1    0.00   977.04   682   25.6    6.1   27.0   28.0   27.1   27.2   26.7    -995    -995    -995
 KIN2   133   950     69   27.0    8.1    8.0   154    7.1    1.2   11.0    0.00   977.04   576   25.9    6.4   -995   -995   -995   -995   -995    -995    -995    -995
 KIN2   133   955     68   27.0    9.1    9.0   140    7.4    1.0   11.1    0.00   977.04   787   25.8    7.3   -995   -995   -995   -995   -995    -995    -995    -995
 KIN2   133   960     67   27.2    7.6    7.5   137    9.0    1.2   10.4    0.00   976.98   712   25.9    6.0   27.0   28.2   27.2   27.2   26.7    2.62    2.44    3.69
 KIN2   133   965     67   27.5    7.7    7.6   149   10.2    1.4   10.2    0.00   976.97   643   26.4    5.9   -995   -995   -995   -995   -995    -995    -995    -995
 KIN2   133   970     66   27.1    8.4    8.3   146    9.4    1.1   11.2    0.00   976.99   427   26.0    6.5   -995   -995   -995   -995   -995    -995    -995    -995
 KIN2   133   975     67   26.9    6.8    6.8   141    8.4    1.2    9.5    0.00   977.02   401   26.0    5.4   27.1   28.5   27.4   27.2   26.7    -995    -995    -995
 KIN2   133   980     66   27.4    7.1    7.0   143    9.0    1.3    9.4    0.00   976.93   650   26.3    5.4   -995   -995   -995   -995   -995    -995    -995    -995
 KIN2   133   985     65   27.8    7.3    7.2   149    7.1    1.0    9.0    0.00   976.91   703   26.4    5.6   -995   -995   -995   -995   -995    -995    -995    -995
 KIN2   133   990     64   28.1    6.9    6.8   143   11.9    1.0    9.3    0.00   976.86   685   26.9    5.5   27.1   28.8   27.5   27.3   26.7    2.63    2.45    3.68
 KIN2   133   995     64   28.0    7.7    7.6   140   11.2    1.0    9.9    0.00   976.84   782   26.7    6.1   -995   -995   -995   -995   -995    -995    -995    -995
 KIN2   133  1000     64   27.9    7.4    7.4   149    8.6    1.0    9.6    0.00   976.89   483   26.8    5.9   -995   -995   -995   -995   -995    -995    -995    -995
 KIN2   133  1005     64   28.2    7.5    7.4   160    8.9    0.9   10.2    0.00   976.92   694   26.9    5.8   27.2   29.0   27.7   27.3   26.7    -995    -995    -995
 KIN2   133  1010     62   28.9    6.6    6.5   151   11.9    1.1    9.2    0.00   976.92   812   27.4    5.2   -995   -995   -995   -995   -995    -995    -995    -995
 KIN2   133  1015     61   29.1    8.0    7.8   164   11.8    1.2   10.7    0.00   976.74   846   27.5    6.3   -995   -995   -995   -995   -995    -995    -995    -995
 KIN2   133  1020     60   29.4    7.3    7.2   168   10.2    1.1    9.7    0.00   976.57   842   27.8    5.9   27.2   29.3   27.9   27.2   26.7    2.63    2.47    3.69
 KIN2   133  1025     59   29.6    7.0    6.9   164    9.5    1.1   10.1    0.00   976.41   858   28.0    5.5   -995   -995   -995   -995   -995    -995    -995    -995
 KIN2   133  1030     59   29.7    7.0    6.9   168   10.8    1.3    9.3    0.00   976.34   811   27.9    5.7   -995   -995   -995   -995   -995    -995    -995    -995
 KIN2   133  1035     59   29.5    8.2    8.1   176    7.9    1.1   10.3    0.00   976.34   773   27.9    6.7   27.3   29.5   28.0   27.2   26.7    -995    -995    -995
 KIN2   133  1040     59   29.7    7.4    7.3   153   11.4    0.9    8.9    0.00   976.37   830   28.1    6.0   -995   -995   -995   -995   -995    -995    -995    -995
 KIN2   133  1045     59   29.5    7.1    7.0   148    9.1    0.8    8.9    0.00   976.37   851   27.9    5.4   -995   -995   -995   -995   -995    -995    -995    -995
 KIN2   133  1050     57   30.1    6.2    6.0   157   13.8    1.0    8.2    0.00   976.38   867   28.5    5.1   27.4   29.9   28.3   27.2   26.7    2.64    2.48    3.68
 KIN2   133  1055     57   30.1    6.4    6.3   170   11.1    1.0    8.1    0.00   976.38   859   28.3    5.3   -995   -995   -995   -995   -995    -995    -995    -995
 KIN2   133  1060     56   30.0    6.4    6.3   169   10.8    1.0    8.4    0.00   976.41   712   28.6    5.3   -995   -995   -995   -995   -995    -995    -995    -995
 KIN2   133  1065     55   30.7    5.9    5.8   178    9.2    0.9    7.6    0.00   976.42   919   28.9    5.0   27.5   30.2   28.6   27.2   26.7    -995    -995    -995
 KIN2   133  1070     57   30.0    5.5    5.3   164   14.1    0.8    6.9    0.00   976.42   660   28.6    4.5   -995   -995   -995   -995   -995    -995    -995    -995
 KIN2   133  1075     58   29.8    5.3    5.2   167   11.4    0.9    6.8    0.00   976.39   719   28.5    4.3   -995   -995   -995   -995   -995    -995    -995    -995
 KIN2   133  1080     57   30.4    4.8    4.6   161   16.6    0.9    7.0    0.00   976.38   872   28.9    4.0   27.6   30.6   28.8   27.3   26.7    2.63    2.49    3.69
 KIN2   133  1085     56   30.3    5.0    4.5   148   25.7    1.0    7.9    0.00   976.39   607   28.8    4.1   -995   -995   -995   -995   -995    -995    -995    -995
 KIN2   133  1090     58   29.8    5.1    5.0   154   11.4    1.2    7.9    0.00   976.38   405   28.9    4.1   -995   -995   -995   -995   -995    -995    -995    -995
 KIN2   133  1095     58   29.6    5.7    5.6   166    9.6    0.8    8.1    0.00   976.42   396   28.9    4.7   27.8   30.9   29.1   27.3   26.7    -995    -995    -995
 KIN2   133  1100     56   30.3    6.5    6.4   176    8.6    1.2    8.9    0.00   976.32   713   29.0    5.3   -995   -995   -995   -995   -995    -995    -995    -995
 KIN2   133  1105     55   30.8    7.1    7.0   174    7.0    0.9    8.9    0.00   976.23   808   28.8    5.9   -995   -995   -995   -995   -995    -995    -995    -995
 KIN2   133  1110     55   31.0    5.9    5.7   165   15.0    1.1    8.1    0.00   976.21   577   29.3    4.9   27.9   31.3   29.2   27.3   26.7    2.64    2.51    3.69
 KIN2   133  1115     56   30.5    5.9    5.8   155   10.0    1.1    8.2    0.00   976.24   809   29.1    4.9   -995   -995   -995   -995   -995    -995    -995    -995
 KIN2   133  1120     56   30.4    6.2    6.1   155   11.4    1.1    8.5    0.00   976.18   800   29.0    5.0   -995   -995   -995   -995   -995    -995    -995    -995
 KIN2   133  1125     55   30.6    7.4    7.2   164   11.3    1.1    9.9    0.00   976.10   702   29.0    6.1   28.0   31.5   29.3   27.3   26.7    -995    -995    -995
 KIN2   133  1130     54   31.1    6.1    6.0   166   12.5    1.2    8.8    0.00   975.97   926   29.3    5.0   -995   -995   -995   -995   -995    -995    -995    -995
 KIN2   133  1135     55   30.7    6.0    5.8   163   17.0    0.9    7.8    0.00   975.94   728   29.4    4.8   -995   -995   -995   -995   -995    -995    -995    -995
 KIN2   133  1140     53   31.5    6.9    6.7   154   12.1    0.9    8.4    0.00   975.99  1108   29.5    5.5   28.1   31.8   29.5   27.3   26.7    2.64    2.52    3.69
 KIN2   133  1145     52   31.1    6.3    6.2   169    7.7    1.1    8.8    0.00   975.96   817   29.1    5.2   -995   -995   -995   -995   -995    -995    -995    -995
 KIN2   133  1150     53   31.2    6.8    6.7   165    8.0    1.0    9.3    0.00   975.92   741   29.4    5.5   -995   -995   -995   -995   -995    -995    -995    -995
 KIN2   133  1155     53   31.0    6.0    5.8   148   13.0    1.4   10.4    0.00   975.88   934   29.3    4.7   28.2   32.1   29.6   27.4   26.7    -995    -995    -995
 KIN2   133  1160     53   31.3    4.4    4.3   155   11.1    1.0    7.2    0.00   975.81   682   29.9    3.7   -995   -995   -995   -995   -995    -995    -995    -995
 KIN2   133  1165     53   30.8    6.0    5.8   161   12.9    1.4    9.8    0.00   975.65   685   29.5    4.9   -995   -995   -995   -995   -995    -995    -995    -995
 KIN2   133  1170     53   31.1    5.7    5.6   169   10.2    1.0    8.6    0.00   975.53   680   29.8    4.7   28.4   32.4   29.8   27.4   26.7    2.65    2.54    3.69
 KIN2   133  1175     50   32.2    4.6    4.5   174   11.1    0.9    6.6    0.00   975.47   728   30.6    3.9   -995   -995   -995   -995   -995    -995    -995    -995
 KIN2   133  1180     52   31.3    5.2    5.1   167   11.8    1.2    7.8    0.00   975.42   813   30.0    4.1   -995   -995   -995   -995   -995    -995    -995    -995
 KIN2   133  1185     51   31.4    5.1    4.9   157   13.3    1.0    7.4    0.00   975.39   422   30.0    4.1   28.5   32.7   30.0   27.4   26.7    -995    -995    -995
 KIN2   133  1190     53   30.5    5.7    5.6   154   11.8    0.8    7.3    0.00   975.34   325   29.7    4.6   -995   -995   -995   -995   -995    -995    -995    -995
 KIN2   133  1195     54   30.2    6.0    5.9   153    9.9    1.3    8.4    0.00   975.20   289   29.6    4.8   -995   -995   -995   -995   -995    -995    -995    -995
 KIN2   133  1200     54   30.1    5.5    5.4   163   10.2    1.0    7.7    0.00   975.17   350   29.4    4.4   28.6   33.0   30.1   27.5   26.8    2.66    2.56    3.70
 KIN2   133  1205     55   30.2    5.8    5.8   161    7.7    0.6    7.3    0.00   975.23   321   29.5    4.6   -995   -995   -995   -995   -995    -995    -995    -995
 KIN2   133  1210     54   30.2    5.7    5.6   153    7.9    1.0    7.8    0.00   975.21   305   29.5    4.4   -995   -995   -995   -995   -995    -995    -995    -995
 KIN2   133  1215     54   30.1    5.0    4.9   165   11.8    0.7    7.1    0.00   975.19   320   29.5    4.1   28.8   33.3   30.1   27.6   26.8    -995    -995    -995
 KIN2   133  1220     53   30.7    4.9    4.8   169   11.1    1.1    6.9    0.00   975.15   463   29.9    4.0   -995   -995   -995   -995   -995    -995    -995    -995
 KIN2   133  1225     52   30.9    5.0    5.0   174    8.4    0.9    7.5    0.00   975.05   475   29.9    4.1   -995   -995   -995   -995   -995    -995    -995    -995
 KIN2   133  1230     53   30.6    4.9    4.8   144   10.7    0.8    6.8    0.00   974.99   348   29.9    3.8   28.8   33.4   30.0   27.6   26.8    2.67    2.57    3.69
 KIN2   133  1235     53   30.6    4.7    4.5   158   16.6    0.9    6.3    0.00   974.94   311   29.9    3.9   -995   -995   -995   -995   -995    -995    -995    -995
 KIN2   133  1240     54   30.5    5.5    5.4   138   10.7    1.3    7.9    0.00   974.91   525   29.7    4.5   -995   -995   -995   -995   -995    -995    -995    -995
 KIN2   133  1245     53   30.8    4.9    4.8   136   10.6    0.9    7.2    0.00   974.94   525   29.9    4.0   28.9   33.4   29.9   27.6   26.8    -995    -995    -995
 KIN2   133  1250     53   30.6    4.8    4.6   131   15.9    1.0    7.2    0.00   974.94   417   30.0    4.0   -995   -995   -995   -995   -995    -995    -995    -995
 KIN2   133  1255     52   30.9    4.4    4.3   133   13.9    1.4    7.7    0.00   974.90   435   30.0    3.5   -995   -995   -995   -995   -995    -995    -995    -995
 KIN2   133  1260     52   30.7    5.5    5.4   154   11.5    0.8    7.5    0.00   974.89   289   30.1    4.5   28.9   33.4   29.9   27.6   26.7    2.68    2.57    3.70
 KIN2   133  1265     53   30.2    5.0    4.9   149    9.1    1.1    7.9    0.00   974.91   250   29.7    4.0   -995   -995   -995   -995   -995    -995    -995    -995
 KIN2   133  1270     53   30.6    3.8    3.7   121   14.6    0.7    5.6    0.00   974.82   292   30.1    3.0   -995   -995   -995   -995   -995    -995    -995    -995
 KIN2   133  1275     52   30.7    4.9    4.8   122    9.4    0.8    6.9    0.00   974.77   491   30.0    4.0   29.0   33.5   29.9   27.6   26.7    -995    -995    -995
 KIN2   133  1280     52   30.8    4.8    4.8   116    9.4    0.7    6.2    0.00   974.75   300   30.1    3.8   -995   -995   -995   -995   -995    -995    -995    -995
 KIN2   133  1285     52   30.9    4.4    4.3   120   16.9    0.9    6.4    0.00   974.75   401   30.2    3.4   -995   -995   -995   -995   -995    -995    -995    -995
 KIN2   133  1290     53   30.5    4.1    4.0   113    9.0    0.9    5.9    0.00   974.75   257   30.0    3.3   29.0   33.5   29.8   27.7   26.7    2.69    2.58    3.69
 KIN2   133  1295     53   30.6    3.5    3.3   129   18.1    0.6    5.5    0.00   974.72   280   30.1    2.8   -995   -995   -995   -995   -995    -995    -995    -995
 KIN2   133  1300     51   30.7    4.6    4.5   126   12.3    0.7    6.4    0.00   974.69   226   30.2    3.8   -995   -995   -995   -995   -995    -995    -995    -995
 KIN2   133  1305     52   30.3    3.3    3.3   128   10.2    0.8    4.9    0.00   974.65   228   30.0    2.7   29.0   33.5   29.8   27.7   26.7    -995    -995    -995
 KIN2   133  1310     52   30.6    4.3    4.2   116   11.4    0.7    5.5    0.00   974.59   304   30.2    3.4   -995   -995   -995   -995   -995    -995    -995    -995
 KIN2   133  1315     52   30.5    4.6    4.4   126   13.5    0.7    6.9    0.00   974.51   227   30.1    3.7   -995   -995   -995   -995   -995    -995    -995    -995
 KIN2   133  1320     52   30.5    3.9    3.8   111    8.7    0.7    5.7    0.00   974.49   289   30.1    3.1   29.0   33.6   29.7   27.7   26.7    2.71    2.57    3.70
 KIN2   133  1325     52   30.4    3.9    3.8   120   11.2    0.5    5.2    0.00   974.39   213   30.0    3.1   -995   -995   -995   -995   -995    -995    -995    -995
 KIN2   133  1330     51   31.0    3.9    3.9   131   12.1    0.9    5.9    0.00   974.35   562   30.4    3.2   -995   -995   -995   -995   -995    -995    -995    -995
 KIN2   133  1335     49   31.1    3.9    3.9   130   11.5    0.8    5.7    0.00   974.38   350   30.4    3.3   29.0   33.5   29.6   27.7   26.7    -995    -995    -995
 KIN2   133  1340     51   30.7    4.3    4.2   115   12.9    1.2    7.1    0.00   974.39   328   30.2    3.5   -995   -995   -995   -995   -995    -995    -995    -995
 KIN2   133  1345     51   30.7    4.6    4.5   140   11.1    0.6    5.9    0.00   974.31   389   30.1    3.6   -995   -995   -995   -995   -995    -995    -995    -995
 KIN2   133  1350     51   31.3    4.1    3.8   122   21.0    0.9    6.3    0.00   974.17   495   30.5    3.1   29.0   33.5   29.6   27.8   26.7    2.70    2.57    3.68
 KIN2   133  1355     50   31.2    4.9    4.9   121    9.1    0.7    7.0    0.00   974.13   473   30.3    3.8   -995   -995   -995   -995   -995    -995    -995    -995
 KIN2   133  1360     51   30.6    5.0    4.9   125   10.7    0.7    6.6    0.00   974.08   263   30.0    4.1   -995   -995   -995   -995   -995    -995    -995    -995
 KIN2   133  1365     51   30.8    5.5    5.3   108   13.9    0.9    7.7    0.00   974.05   358   30.0    4.2   29.0   33.5   29.5   27.8   26.6    -995    -995    -995
 KIN2   133  1370     52   30.5    5.8    5.7    84   11.1    0.7    7.7    0.00   974.02   407   29.8    4.0   -995   -995   -995   -995   -995    -995    -995    -995
 KIN2   133  1375     53   30.2    6.1    6.0   111    7.7    1.4    8.3    0.00   974.05   167   29.7    4.7   -995   -995   -995   -995   -995    -995    -995    -995
 KIN2   133  1380     53   30.2    5.2    5.2   102    9.5    1.0    7.6    0.00   974.10   373   29.7    4.2   29.1   33.6   29.5   27.8   26.7    2.72    2.59    3.69
 KIN2   133  1385     52   30.4    4.7    4.5    96   16.0    0.7    6.7    0.00   974.19   359   29.8    3.4   -995   -995   -995   -995   -995    -995    -995    -995
 KIN2   133  1390     53   30.4    5.7    5.5    83   14.8    0.8    7.3    0.00   974.24   342   29.9    4.1   -995   -995   -995   -995   -995    -995    -995    -995
 KIN2   133  1395     52   30.4    5.0    4.9   101   11.5    0.7    6.3    0.00   974.39   324   29.9    3.8   29.1   33.6   29.4   27.8   26.7    -995    -995    -995
 KIN2   133  1400     53   30.3    4.6    4.5    91   12.2    1.0    7.3    0.00   974.38   306   29.9    3.3   -995   -995   -995   -995   -995    -995    -995    -995
 KIN2   133  1405     53   30.2    5.4    5.3   100   11.2    0.8    6.8    0.00   974.42   290   29.7    4.1   -995   -995   -995   -995   -995    -995    -995    -995
 KIN2   133  1410     53   30.1    5.4    5.3    97   11.6    1.1    8.3    0.00   974.43   272   29.7    4.1   29.1   33.6   29.4   27.9   26.7    2.73    2.59    3.69
 KIN2   133  1415     54   29.9    6.0    5.9   104    7.9    0.9    7.7    0.00   974.42   252   29.4    4.7   -995   -995   -995   -995   -995    -995    -995    -995
 KIN2   133  1420     55   29.7    4.7    4.7   100    9.8    0.8    7.0    0.00   974.42   166   29.5    3.5   -995   -995   -995   -995   -995    -995    -995    -995
 KIN2   133  1425     55   29.5    5.2    5.1    94   11.4    0.6    6.8    0.00   974.39   193   29.3    3.8   29.1   33.6   29.3   27.9   26.7    -995    -995    -995
 KIN2   133  1430     56   29.4    5.0    5.0    99    9.6    0.8    6.7    0.00   974.47   163   29.2    3.8   -995   -995   -995   -995   -995    -995    -995    -995
 KIN2   133  1435     56   29.3    4.7    4.6   104    8.7    1.1    6.9    0.00   974.55   172   29.1    3.6   -995   -995   -995   -995   -995    -995    -995    -995
</pre>