<pre>  101 ! (c) 2019 Oklahoma Climatological Survey and the Oklahoma Mesonet - all rights reserved
  21 2019 06 30 00 00 00
 STID  STNM  TIME   RELH   TAIR   WSPD   WVEC  WDIR   WDSD   WSSD   WMAX    RAIN     PRES  SRAD   TA9M   WS2M   TS10   TB10   TS05   TS25   TS60    TR05    TR25    TR60
 KIN2   133     0     46   34.5    4.8    4.7    99   10.9    1.0    7.3    0.00   976.46   264   34.2    3.7   26.5   36.8   26.9   25.1   23.3    3.31    2.71    2.20
 KIN2   133     5     47   34.1    5.4    5.4    92    9.0    0.7    7.0    0.00   976.51   249   33.9    4.1   -995   -995   -995   -995   -995    -995    -995    -995
 KIN2   133    10     47   34.0    5.5    5.4   113    9.6    0.9    7.6    0.00   976.57   235   33.8    4.6   -995   -995   -995   -995   -995    -995    -995    -995
 KIN2   133    15     48   33.8    5.1    5.1   105   10.2    0.8    7.1    0.00   976.63   218   33.6    4.1   26.5   36.7   26.8   25.2   23.3    -995    -995    -995
 KIN2   133    20     48   33.8    4.4    4.4   111   10.0    0.8    6.1    0.00   976.69   202   33.7    3.5   -995   -995   -995   -995   -995    -995    -995    -995
 KIN2   133    25     49   33.6    5.7    5.6   100   11.4    1.1    8.8    0.00   976.71   191   33.4    4.4   -995   -995   -995   -995   -995    -995    -995    -995
 KIN2   133    30     49   33.4    5.4    5.4   104    9.9    0.9    7.6    0.00   976.76   177   33.3    4.4   26.5   36.6   26.8   25.2   23.3    3.31    2.72    2.22
 KIN2   133    35     50   33.2    5.0    4.9   102    9.3    1.1    8.0    0.00   976.82   159   33.2    3.9   -995   -995   -995   -995   -995    -995    -995    -995
 KIN2   133    40     51   33.1    5.0    4.9   108   11.3    0.9    7.3    0.00   976.88   145   33.1    4.2   -995   -995   -995   -995   -995    -995    -995    -995
 KIN2   133    45     51   32.9    4.9    4.8   104   12.0    0.9    7.5    0.00   976.90   131   33.0    3.7   26.4   36.5   26.8   25.2   23.3    -995    -995    -995
 KIN2   133    50     52   32.8    5.4    5.4    96    9.0    0.8    7.0    0.00   976.90   119   32.8    4.1   -995   -995   -995   -995   -995    -995    -995    -995
 KIN2   133    55     53   32.6    4.5    4.5   104   11.4    0.7    7.2    0.00   976.96   106   32.7    3.5   -995   -995   -995   -995   -995    -995    -995    -995
 KIN2   133    60     53   32.5    4.4    4.3    99    8.9    0.9    6.1    0.00   977.04    93   32.6    3.5   26.4   36.3   26.8   25.2   23.3    3.32    2.73    2.20
 KIN2   133    65     53   32.3    5.0    4.9   105   12.3    0.7    6.4    0.00   977.08    79   32.5    4.2   -995   -995   -995   -995   -995    -995    -995    -995
 KIN2   133    70     54   32.1    4.3    4.2   105    9.2    0.7    6.0    0.00   977.17    65   32.4    3.4   -995   -995   -995   -995   -995    -995    -995    -995
 KIN2   133    75     55   31.9    4.2    4.1   101    9.5    0.8    6.7    0.00   977.27    39   32.2    3.1   26.4   36.0   26.7   25.3   23.4    -995    -995    -995
 KIN2   133    80     55   31.8    4.9    4.8   106   10.7    1.0    8.3    0.00   977.33    31   32.1    3.9   -995   -995   -995   -995   -995    -995    -995    -995
 KIN2   133    85     55   31.6    4.7    4.6   105    8.5    0.8    6.6    0.00   977.34    29   31.9    3.6   -995   -995   -995   -995   -995    -995    -995    -995
 KIN2   133    90     56   31.5    4.8    4.8   105    8.6    0.5    6.2    0.00   977.31    22   31.8    4.0   26.4   35.8   26.7   25.3   23.4    3.33    2.72    2.23
 KIN2   133    95     56   31.3    4.6    4.5   105   10.8    0.7    6.3    0.00   977.27    18   31.6    3.8   -995   -995   -995   -995   -995    -995    -995    -995
 KIN2   133   100     57   31.1    4.6    4.6   109    9.6    0.9    6.6    0.00   977.29    13   31.5    3.6   -995   -995   -995   -995   -995    -995    -995    -995
 KIN2   133   105     58   31.0    3.7    3.6   111    9.7    0.6    5.4    0.00   977.34    10   31.3    3.0   26.3   35.6   26.6   25.3   23.4    -995    -995    -995
 KIN2   133   110     58   30.8    3.8    3.8   108    8.9    0.6    6.0    0.00   977.37     6   31.2    3.0   -995   -995   -995   -995   -995    -995    -995    -995
 KIN2   133   115     59   30.6    3.8    3.7   104   11.4    0.6    5.7    0.00   977.39     4   31.0    3.0   -995   -995   -995   -995   -995    -995    -995    -995
 KIN2   133   120     60   30.4    3.3    3.3   105    8.1    0.5    4.4    0.00   977.43     2   30.8    2.6   26.3   35.3   26.5   25.3   23.3    3.34    2.72    2.23
 KIN2   133   125     60   30.3    4.2    4.2   108    8.9    0.6    5.8    0.00   977.41     1   30.7    3.3   -995   -995   -995   -995   -995    -995    -995    -995
 KIN2   133   130     61   30.1    3.4    3.4   110    9.4    0.5    4.7    0.00   977.44     0   30.6    2.6   -995   -995   -995   -995   -995    -995    -995    -995
 KIN2   133   135     62   29.9    3.6    3.5   107   10.4    0.6    5.3    0.00   977.44     0   30.4    2.7   26.2   35.1   26.5   25.3   23.3    -995    -995    -995
 KIN2   133   140     63   29.9    4.4    4.3   109    9.0    0.8    6.1    0.00   977.46     0   30.3    3.3   -995   -995   -995   -995   -995    -995    -995    -995
 KIN2   133   145     63   29.8    3.8    3.7   109    8.9    0.6    5.6    0.00   977.50     0   30.2    3.0   -995   -995   -995   -995   -995    -995    -995    -995
 KIN2   133   150     63   29.6    3.5    3.4   110    9.0    0.7    5.2    0.00   977.57     0   30.0    2.7   26.2   34.8   26.4   25.2   23.3    3.34    2.72    2.22
 KIN2   133   155     64   29.6    3.6    3.5   111    9.2    0.6    4.9    0.00   977.64     0   30.0    2.9   -995   -995   -995   -995   -995    -995    -995    -995
 KIN2   133   160     65   29.4    3.5    3.4   107    8.7    0.7    5.2    0.00   977.66     0   29.8    2.6   -995   -995   -995   -995   -995    -995    -995    -995
 KIN2   133   165     65   29.3    3.4    3.3   105    8.6    0.7    5.2    0.00   977.66     0   29.7    2.6   26.1   34.5   26.3   25.2   23.3    -995    -995    -995
 KIN2   133   170     66   29.1    3.4    3.3   108    8.6    0.6    5.1    0.00   977.71     0   29.5    2.5   -995   -995   -995   -995   -995    -995    -995    -995
 KIN2   133   175     67   28.9    3.4    3.3   106    8.6    0.6    4.9    0.00   977.79     0   29.4    2.5   -995   -995   -995   -995   -995    -995    -995    -995
 KIN2   133   180     67   28.9    3.4    3.4   108    7.5    0.6    4.9    0.00   977.83     0   29.4    2.6   26.1   34.3   26.3   25.2   23.3    3.35    2.72    2.23
 KIN2   133   185     68   28.8    3.2    3.2   107    8.0    0.4    4.5    0.00   977.85     0   29.2    2.5   -995   -995   -995   -995   -995    -995    -995    -995
 KIN2   133   190     68   28.6    2.8    2.8   114   10.1    0.5    4.3    0.00   977.91     0   29.2    2.0   -995   -995   -995   -995   -995    -995    -995    -995
 KIN2   133   195     69   28.6    3.1    3.1   113    9.5    0.5    4.0    0.00   978.02     0   29.1    2.4   26.1   34.1   26.2   25.2   23.2    -995    -995    -995
 KIN2   133   200     69   28.5    3.2    3.2   110    9.5    0.6    4.6    0.00   978.11     0   29.0    2.6   -995   -995   -995   -995   -995    -995    -995    -995
 KIN2   133   205     69   28.6    3.4    3.3   117    8.9    0.5    4.6    0.00   978.17     0   29.0    2.6   -995   -995   -995   -995   -995    -995    -995    -995
 KIN2   133   210     69   28.4    3.4    3.4   120    6.5    0.4    4.3    0.00   978.26     0   28.9    2.6   26.0   33.8   26.1   25.2   23.2    3.37    2.71    2.23
 KIN2   133   215     69   28.4    2.9    2.9   117    7.4    0.5    4.1    0.00   978.36     0   28.8    2.2   -995   -995   -995   -995   -995    -995    -995    -995
 KIN2   133   220     70   28.3    3.2    3.2   113    9.0    0.5    4.3    0.00   978.41     0   28.8    2.4   -995   -995   -995   -995   -995    -995    -995    -995
 KIN2   133   225     70   28.2    3.2    3.1   112    7.7    0.5    4.5    0.00   978.44     0   28.7    2.5   26.0   33.6   26.1   25.2   23.2    -995    -995    -995
 KIN2   133   230     71   28.2    3.4    3.4   112    7.8    0.6    4.7    0.00   978.44     0   28.6    2.5   -995   -995   -995   -995   -995    -995    -995    -995
 KIN2   133   235     71   28.0    3.1    3.1   114    7.1    0.5    4.3    0.00   978.46     0   28.6    2.4   -995   -995   -995   -995   -995    -995    -995    -995
 KIN2   133   240     71   28.2    3.7    3.7   117    7.9    0.6    5.2    0.00   978.48     0   28.6    2.9   25.9   33.4   26.0   25.2   23.2    3.37    2.71    2.23
 KIN2   133   245     71   28.1    3.3    3.3   119    8.2    0.5    4.7    0.00   978.54     0   28.6    2.5   -995   -995   -995   -995   -995    -995    -995    -995
 KIN2   133   250     71   28.1    3.2    3.2   120    8.6    0.5    4.1    0.00   978.56     0   28.6    2.5   -995   -995   -995   -995   -995    -995    -995    -995
 KIN2   133   255     71   28.0    2.9    2.9   117    6.6    0.5    4.1    0.00   978.60     0   28.5    2.3   25.9   33.2   26.0   25.2   23.2    -995    -995    -995
 KIN2   133   260     72   27.8    3.1    3.1   117    9.3    0.6    4.5    0.00   978.73     0   28.3    2.5   -995   -995   -995   -995   -995    -995    -995    -995
 KIN2   133   265     73   27.6    3.4    3.4   120   10.2    0.5    4.5    0.00   978.83     0   28.0    2.7   -995   -995   -995   -995   -995    -995    -995    -995
 KIN2   133   270     73   27.7    3.2    3.2   126    9.6    0.5    4.3    0.00   978.88     0   28.1    2.5   25.9   33.0   25.9   25.2   23.2    3.37    2.70    2.20
 KIN2   133   275     73   27.6    3.2    3.1   126    8.9    0.5    4.8    0.00   978.94     0   28.1    2.3   -995   -995   -995   -995   -995    -995    -995    -995
 KIN2   133   280     74   27.6    3.3    3.3   129    9.1    0.7    5.0    0.00   978.97     0   28.1    2.6   -995   -995   -995   -995   -995    -995    -995    -995
 KIN2   133   285     73   27.7    3.3    3.3   129    8.4    0.4    4.1    0.00   978.97     0   28.1    2.5   25.8   32.8   25.9   25.1   23.2    -995    -995    -995
 KIN2   133   290     74   27.6    2.9    2.8   133    8.5    0.4    3.9    0.00   979.02     0   28.0    2.2   -995   -995   -995   -995   -995    -995    -995    -995
 KIN2   133   295     74   27.5    2.9    2.9   136    9.1    0.5    4.1    0.00   979.10     0   27.9    2.2   -995   -995   -995   -995   -995    -995    -995    -995
 KIN2   133   300     74   27.5    3.5    3.4   144    9.2    0.5    4.8    0.00   979.14     0   28.0    2.5   25.8   32.6   25.9   25.1   23.2    3.39    2.70    2.22
 KIN2   133   305     74   27.5    3.8    3.8   151    7.3    0.4    4.9    0.00   979.19     0   28.0    2.9   -995   -995   -995   -995   -995    -995    -995    -995
 KIN2   133   310     74   27.5    4.2    4.2   158    7.1    0.6    5.7    0.00   979.28     0   27.9    3.2   -995   -995   -995   -995   -995    -995    -995    -995
 KIN2   133   315     74   27.3    4.4    4.4   159    7.0    0.6    5.9    0.00   979.35     0   27.7    3.3   25.7   32.4   25.8   25.1   23.2    -995    -995    -995
 KIN2   133   320     75   27.1    4.4    4.4   161    6.1    0.6    5.9    0.00   979.41     0   27.5    3.2   -995   -995   -995   -995   -995    -995    -995    -995
 KIN2   133   325     76   27.0    4.5    4.4   164    7.6    0.6    5.8    0.00   979.44     0   27.3    3.5   -995   -995   -995   -995   -995    -995    -995    -995
 KIN2   133   330     77   26.9    4.7    4.6   163    7.5    0.8    6.2    0.00   979.44     0   27.2    3.6   25.7   32.2   25.8   25.1   23.2    3.39    2.70    2.20
 KIN2   133   335     77   26.9    4.9    4.9   160    5.6    0.6    6.2    0.00   979.46     0   27.2    3.6   -995   -995   -995   -995   -995    -995    -995    -995
 KIN2   133   340     77   26.8    4.4    4.4   161    6.3    0.5    5.7    0.00   979.48     0   27.2    3.4   -995   -995   -995   -995   -995    -995    -995    -995
 KIN2   133   345     76   26.8    4.8    4.7   161    7.2    0.6    6.1    0.00   979.50     0   27.1    3.6   25.7   32.0   25.8   25.1   23.2    -995    -995    -995
 KIN2   133   350     75   26.6    4.3    4.3   163    7.6    0.7    5.9    0.00   979.57     0   27.0    3.3   -995   -995   -995   -995   -995    -995    -995    -995
 KIN2   133   355     75   26.4    4.1    4.0   163    7.1    0.6    5.4    0.00   979.58     0   26.8    3.0   -995   -995   -995   -995   -995    -995    -995    -995
 KIN2   133   360     75   26.3    3.8    3.8   160    6.3    0.6    5.2    0.00   979.60     0   26.8    2.7   25.6   31.9   25.7   25.1   23.2    3.39    2.70    2.22
 KIN2   133   365     75   26.1    3.6    3.6   164    6.1    0.4    4.6    0.00   979.66     0   26.6    2.5   -995   -995   -995   -995   -995    -995    -995    -995
 KIN2   133   370     76   25.9    3.3    3.3   165    5.6    0.5    4.7    0.00   979.69     0   26.4    2.3   -995   -995   -995   -995   -995    -995    -995    -995
 KIN2   133   375     78   25.7    2.7    2.7   172    8.3    0.6    4.0    0.00   979.64     0   26.2    2.0   25.6   31.7   25.7   25.1   23.2    -995    -995    -995
 KIN2   133   380     78   25.8    3.5    3.5   166    7.7    0.7    6.1    0.00   979.64     0   26.2    2.6   -995   -995   -995   -995   -995    -995    -995    -995
 KIN2   133   385     76   25.8    4.2    4.1   172    8.2    0.9    6.3    0.00   979.63     0   26.3    3.1   -995   -995   -995   -995   -995    -995    -995    -995
 KIN2   133   390     72   25.8    4.2    4.2   171    6.6    0.6    5.9    0.00   979.55     0   26.3    3.2   25.6   31.5   25.7   25.1   23.2    3.39    2.69    2.22
 KIN2   133   395     70   25.7    4.6    4.6   172    6.9    0.7    6.5    0.00   979.56     0   26.2    3.4   -995   -995   -995   -995   -995    -995    -995    -995
 KIN2   133   400     70   25.5    3.9    3.9   172    7.8    0.5    5.2    0.00   979.57     0   26.0    2.9   -995   -995   -995   -995   -995    -995    -995    -995
 KIN2   133   405     71   25.5    4.1    4.1   166    6.6    0.6    6.0    0.00   979.55     0   26.0    3.1   25.6   31.4   25.6   25.1   23.2    -995    -995    -995
 KIN2   133   410     70   25.4    3.8    3.8   170    8.7    0.7    5.7    0.00   979.56     0   25.9    3.0   -995   -995   -995   -995   -995    -995    -995    -995
 KIN2   133   415     72   25.2    3.3    3.3   171    7.1    0.5    4.3    0.00   979.57     0   25.7    2.5   -995   -995   -995   -995   -995    -995    -995    -995
 KIN2   133   420     72   25.2    3.8    3.8   172    6.2    0.5    4.9    0.00   979.54     0   25.6    2.8   25.5   31.2   25.6   25.1   23.2    3.40    2.70    2.20
 KIN2   133   425     73   24.8    3.3    3.2   173    6.5    0.5    4.3    0.00   979.52     0   25.4    2.2   -995   -995   -995   -995   -995    -995    -995    -995
 KIN2   133   430     75   24.5    3.1    3.1   175    6.3    0.4    4.1    0.00   979.51     0   25.2    2.0   -995   -995   -995   -995   -995    -995    -995    -995
 KIN2   133   435     76   24.3    2.9    2.9   166    6.5    0.3    4.0    0.00   979.48     0   25.0    1.7   25.5   31.0   25.6   25.1   23.3    -995    -995    -995
 KIN2   133   440     76   24.3    2.7    2.7   162    7.0    0.3    3.8    0.00   979.45     0   25.0    1.6   -995   -995   -995   -995   -995    -995    -995    -995
 KIN2   133   445     76   24.3    3.0    3.0   168    6.9    0.4    4.2    0.00   979.44     0   24.9    2.0   -995   -995   -995   -995   -995    -995    -995    -995
 KIN2   133   450     77   24.2    2.6    2.6   166    6.5    0.5    4.3    0.00   979.40     0   24.8    1.7   25.5   30.9   25.5   25.1   23.3    3.39    2.69    2.20
 KIN2   133   455     78   24.2    2.9    2.9   167    7.3    0.4    4.1    0.00   979.35     0   24.8    1.9   -995   -995   -995   -995   -995    -995    -995    -995
 KIN2   133   460     79   24.1    2.7    2.6   167    6.6    0.3    3.4    0.00   979.32     0   24.6    1.7   -995   -995   -995   -995   -995    -995    -995    -995
 KIN2   133   465     79   24.0    3.0    2.9   165    7.4    0.4    4.1    0.00   979.31     0   24.6    1.9   25.5   30.7   25.5   25.1   23.3    -995    -995    -995
 KIN2   133   470     80   24.0    2.8    2.7   152    7.4    0.4    3.7    0.00   979.33     0   24.5    1.9   -995   -995   -995   -995   -995    -995    -995    -995
 KIN2   133   475     80   24.0    2.3    2.3   151    8.7    0.4    3.6    0.00   979.37     0   24.5    1.5   -995   -995   -995   -995   -995    -995    -995    -995
 KIN2   133   480     81   23.8    2.0    2.0   152    7.8    0.3    3.0    0.00   979.42     0   24.4    1.2   25.4   30.6   25.4   25.1   23.3    3.40    2.69    2.20
 KIN2   133   485     81   23.8    2.2    2.2   152    7.5    0.3    3.0    0.00   979.43     0   24.3    1.5   -995   -995   -995   -995   -995    -995    -995    -995
 KIN2   133   490     82   23.7    2.2    2.2   157    8.9    0.3    2.8    0.00   979.41     0   24.2    1.2   -995   -995   -995   -995   -995    -995    -995    -995
 KIN2   133   495     83   23.6    1.8    1.8   161    7.5    0.4    3.2    0.00   979.36     0   24.1    0.9   25.4   30.4   25.4   25.0   23.3    -995    -995    -995
 KIN2   133   500     84   23.5    1.8    1.7   160    9.6    0.3    2.7    0.00   979.35     0   24.0    0.9   -995   -995   -995   -995   -995    -995    -995    -995
 KIN2   133   505     85   23.4    1.7    1.7   162    9.7    0.2    2.3    0.00   979.35     0   24.0    0.8   -995   -995   -995   -995   -995    -995    -995    -995
 KIN2   133   510     86   23.3    1.8    1.8   167    6.2    0.2    2.5    0.00   979.32     0   23.9    0.9   25.3   30.2   25.3   25.0   23.3    3.40    2.69    2.19
 KIN2   133   515     86   23.1    1.8    1.8   165    4.8    0.2    2.3    0.00   979.32     0   23.8    0.8   -995   -995   -995   -995   -995    -995    -995    -995
 KIN2   133   520     87   23.1    1.9    1.9   160    3.5    0.1    2.3    0.00   979.24     0   23.8    0.8   -995   -995   -995   -995   -995    -995    -995    -995
 KIN2   133   525     88   22.9    2.0    1.9   150    6.8    0.2    2.4    0.00   979.13     0   23.7    1.0   25.3   30.1   25.3   25.0   23.3    -995    -995    -995
 KIN2   133   530     89   23.0    2.4    2.4   142    4.9    0.2    3.0    0.00   979.04     0   23.7    1.5   -995   -995   -995   -995   -995    -995    -995    -995
 KIN2   133   535     89   23.1    2.1    2.1   142    6.3    0.3    2.9    0.00   978.96     0   23.6    1.4   -995   -995   -995   -995   -995    -995    -995    -995
 KIN2   133   540     89   23.1    1.9    1.9   150    8.2    0.3    2.6    0.00   978.94     0   23.6    1.1   25.2   30.0   25.2   25.0   23.3    3.41    2.69    2.20
 KIN2   133   545     89   23.1    1.7    1.6   153    8.9    0.4    2.6    0.00   978.95     0   23.5    0.8   -995   -995   -995   -995   -995    -995    -995    -995
 KIN2   133   550     89   23.0    1.3    1.2   161   10.9    0.3    2.0    0.00   978.93     0   23.5    0.2   -995   -995   -995   -995   -995    -995    -995    -995
 KIN2   133   555     90   23.0    0.8    0.8   172   10.0    0.2    1.3    0.00   979.00     0   23.4    0.0   25.2   29.8   25.2   25.0   23.3    -995    -995    -995
 KIN2   133   560     90   23.0    0.7    0.7   159   13.4    0.2    1.2    0.00   979.03     0   23.4    0.0   -995   -995   -995   -995   -995    -995    -995    -995
 KIN2   133   565     90   22.8    0.7    0.7   140    6.7    0.1    0.9    0.00   978.96     0   23.3    0.0   -995   -995   -995   -995   -995    -995    -995    -995
 KIN2   133   570     91   22.5    0.9    0.9   131    6.9    0.1    1.3    0.00   978.91     0   23.3    0.0   25.2   29.7   25.1   25.0   23.3    3.41    2.69    2.20
 KIN2   133   575     91   22.3    0.6    0.6   132    9.7    0.2    0.9    0.00   978.88     0   23.3    0.0   -995   -995   -995   -995   -995    -995    -995    -995
 KIN2   133   580     92   22.5    0.3    0.3   157   10.7    0.3    0.8    0.00   978.91     0   23.2    0.0   -995   -995   -995   -995   -995    -995    -995    -995
 KIN2   133   585     92   22.4    0.6    0.6   160    6.6    0.2    1.0    0.00   978.93     0   23.1    0.0   25.1   29.5   25.1   25.0   23.3    -995    -995    -995
 KIN2   133   590     93   22.3    0.8    0.7   147    8.9    0.2    1.1    0.00   978.91     0   23.2    0.0   -995   -995   -995   -995   -995    -995    -995    -995
 KIN2   133   595     93   22.4    0.6    0.6   168    6.4    0.1    0.9    0.00   978.91     0   23.1    0.0   -995   -995   -995   -995   -995    -995    -995    -995
 KIN2   133   600     94   22.6    0.8    0.8   168    7.7    0.1    1.1    0.00   978.91     0   23.1    0.0   25.1   29.4   25.0   25.0   23.3    3.42    2.69    2.19
 KIN2   133   605     93   22.4    0.8    0.8   158    4.5    0.1    1.0    0.00   978.88     0   23.1    0.0   -995   -995   -995   -995   -995    -995    -995    -995
 KIN2   133   610     93   22.0    1.0    1.0   161    4.5    0.1    1.2    0.00   978.93     0   23.0    0.0   -995   -995   -995   -995   -995    -995    -995    -995
 KIN2   133   615     93   21.8    1.1    1.1   156    4.3    0.1    1.3    0.00   978.93     0   23.0    0.0   25.1   29.2   24.9   25.0   23.3    -995    -995    -995
 KIN2   133   620     94   22.1    0.9    0.9   159    7.2    0.1    1.1    0.00   978.90     0   23.0    0.0   -995   -995   -995   -995   -995    -995    -995    -995
 KIN2   133   625     95   22.2    0.9    0.9   163    4.8    0.1    1.1    0.00   978.92     0   22.9    0.0   -995   -995   -995   -995   -995    -995    -995    -995
 KIN2   133   630     94   22.0    0.7    0.7   157    4.5    0.1    1.1    0.00   978.93     0   22.8    0.0   25.0   29.1   24.9   24.9   23.3    3.41    2.69    2.19
 KIN2   133   635     94   21.8    0.6    0.6   155    0.9    0.1    0.8    0.00   978.95     0   22.8    0.0   -995   -995   -995   -995   -995    -995    -995    -995
 KIN2   133   640     95   21.8    0.5    0.5   166    5.2    0.1    0.7    0.00   978.97     0   22.7    0.0   -995   -995   -995   -995   -995    -995    -995    -995
 KIN2   133   645     95   21.8    0.5    0.5   150    4.9    0.1    0.6    0.00   978.99     0   22.7    0.0   25.0   29.0   24.8   24.9   23.3    -995    -995    -995
 KIN2   133   650     96   21.8    0.7    0.7   153    7.3    0.1    1.0    0.00   978.95     0   22.6    0.0   -995   -995   -995   -995   -995    -995    -995    -995
 KIN2   133   655     96   21.9    0.5    0.5   167    6.0    0.2    1.0    0.00   978.93     0   22.6    0.0   -995   -995   -995   -995   -995    -995    -995    -995
 KIN2   133   660     96   21.7    0.0    0.0     0    0.0    0.0    0.0    0.00   979.01     0   22.4    0.0   24.9   28.8   24.7   24.9   23.3    3.42    2.69    2.19
 KIN2   133   665     96   21.5    0.1    0.1   240    1.4    0.1    0.4    0.00   979.09     1   22.4    0.0   -995   -995   -995   -995   -995    -995    -995    -995
 KIN2   133   670     96   21.5    0.1    0.1   101    3.6    0.2    0.4    0.00   979.24     1   22.3    0.0   -995   -995   -995   -995   -995    -995    -995    -995
 KIN2   133   675     96   21.1    0.7    0.7    95    5.8    0.2    1.0    0.00   979.24     2   22.3    0.0   24.9   28.7   24.7   24.9   23.3    -995    -995    -995
 KIN2   133   680     96   21.0    1.4    1.4   115    5.8    0.2    1.8    0.00   979.25     4   22.4    0.0   -995   -995   -995   -995   -995    -995    -995    -995
 KIN2   133   685     97   21.2    1.5    1.5   114    3.6    0.1    1.7    0.00   979.30     7   22.6    0.0   -995   -995   -995   -995   -995    -995    -995    -995
 KIN2   133   690     97   21.4    1.7    1.7   128   10.5    0.2    2.1    0.00   979.34    10   22.6    0.2   24.8   28.5   24.6   24.9   23.3    3.42    2.69    2.19
 KIN2   133   695     97   21.9    1.3    1.3   142    7.4    0.3    1.9    0.00   979.34    15   22.6    0.2   -995   -995   -995   -995   -995    -995    -995    -995
 KIN2   133   700     97   22.0    0.9    0.8   143    9.6    0.2    1.5    0.00   979.40    22   22.7    0.0   -995   -995   -995   -995   -995    -995    -995    -995
 KIN2   133   705     97   22.0    0.8    0.8   112   15.1    0.2    1.3    0.00   979.44    31   22.7    0.0   24.7   28.4   24.5   24.8   23.2    -995    -995    -995
 KIN2   133   710     96   22.0    0.7    0.7    97   11.6    0.2    1.3    0.00   979.37    40   22.8    0.0   -995   -995   -995   -995   -995    -995    -995    -995
 KIN2   133   715     96   22.0    0.8    0.8   112   10.5    0.1    1.1    0.00   979.35    52   22.8    0.0   -995   -995   -995   -995   -995    -995    -995    -995
 KIN2   133   720     95   22.2    0.5    0.5   132    6.8    0.2    1.0    0.00   979.32    65   22.9    0.0   24.7   28.2   24.5   24.8   23.2    3.42    2.68    2.18
 KIN2   133   725     94   22.4    0.6    0.6   126   12.4    0.2    1.0    0.00   979.34    79   23.0    0.0   -995   -995   -995   -995   -995    -995    -995    -995
 KIN2   133   730     93   22.8    1.2    1.1   141    8.2    0.2    1.5    0.00   979.31    94   23.1    0.3   -995   -995   -995   -995   -995    -995    -995    -995
 KIN2   133   735     92   23.0    1.5    1.5   145    9.7    0.2    1.8    0.00   979.28   109   23.1    1.0   24.6   28.1   24.4   24.7   23.2    -995    -995    -995
 KIN2   133   740     92   23.1    1.3    1.3   146    8.5    0.2    1.8    0.00   979.30   123   23.2    0.9   -995   -995   -995   -995   -995    -995    -995    -995
 KIN2   133   745     92   23.1    1.4    1.4   161   10.1    0.3    2.2    0.00   979.37   137   23.2    1.0   -995   -995   -995   -995   -995    -995    -995    -995
 KIN2   133   750     92   23.2    1.5    1.5   182   10.4    0.3    2.3    0.00   979.36   151   23.3    1.1   24.5   28.0   24.4   24.6   23.1    3.42    2.68    2.18
 KIN2   133   755     92   23.2    1.8    1.8   172    8.7    0.3    2.5    0.00   979.32   165   23.3    1.6   -995   -995   -995   -995   -995    -995    -995    -995
 KIN2   133   760     92   23.2    2.1    2.1   173    5.5    0.2    2.6    0.00   979.35   180   23.3    1.7   -995   -995   -995   -995   -995    -995    -995    -995
 KIN2   133   765     91   23.5    2.1    2.1   176    9.0    0.3    2.6    0.00   979.32   194   23.4    1.7   24.5   27.8   24.4   24.6   23.1    -995    -995    -995
 KIN2   133   770     91   23.7    2.5    2.5   170    8.1    0.3    3.1    0.00   979.30   209   23.5    2.1   -995   -995   -995   -995   -995    -995    -995    -995
 KIN2   133   775     90   23.9    2.9    2.9   175    9.8    0.4    4.0    0.00   979.36   225   23.7    2.4   -995   -995   -995   -995   -995    -995    -995    -995
 KIN2   133   780     87   24.1    3.5    3.5   168    9.3    0.5    4.5    0.00   979.34   241   23.9    2.9   24.4   27.8   24.4   24.6   23.1    3.42    2.68    2.18
 KIN2   133   785     85   24.3    4.1    4.0   177    8.9    0.7    5.3    0.00   979.30   258   24.1    3.4   -995   -995   -995   -995   -995    -995    -995    -995
 KIN2   133   790     83   24.5    4.6    4.6   184    7.6    0.7    6.2    0.00   979.31   276   24.2    3.7   -995   -995   -995   -995   -995    -995    -995    -995
 KIN2   133   795     81   24.7    4.3    4.3   185    9.9    0.9    5.8    0.00   979.29   291   24.3    3.6   24.4   27.7   24.4   24.5   23.1    -995    -995    -995
 KIN2   133   800     81   24.8    3.6    3.5   166   15.1    0.4    4.4    0.00   979.32   308   24.5    3.1   -995   -995   -995   -995   -995    -995    -995    -995
 KIN2   133   805     80   25.0    3.4    3.4   159   10.5    0.5    4.5    0.00   979.40   326   24.6    2.9   -995   -995   -995   -995   -995    -995    -995    -995
 KIN2   133   810     78   25.1    3.4    3.3   160    9.5    0.4    3.9    0.00   979.45   342   24.7    2.9   24.4   27.8   24.4   24.5   23.1    3.43    2.68    2.19
 KIN2   133   815     77   25.2    3.2    3.1   164   10.5    0.5    4.4    0.00   979.51   357   24.7    2.7   -995   -995   -995   -995   -995    -995    -995    -995
 KIN2   133   820     76   25.4    3.5    3.4   179   10.0    0.4    4.3    0.00   979.61   374   24.9    3.0   -995   -995   -995   -995   -995    -995    -995    -995
 KIN2   133   825     76   25.5    3.8    3.8   163   10.0    0.5    4.8    0.00   979.67   390   24.9    3.2   24.3   27.8   24.5   24.5   23.1    -995    -995    -995
 KIN2   133   830     75   25.5    3.8    3.7   165    8.1    0.6    5.2    0.00   979.64   407   25.0    3.3   -995   -995   -995   -995   -995    -995    -995    -995
 KIN2   133   835     75   25.8    3.9    3.8   177   13.4    0.6    5.5    0.00   979.60   425   25.1    3.2   -995   -995   -995   -995   -995    -995    -995    -995
 KIN2   133   840     74   26.2    3.3    3.2   174   15.1    0.7    4.9    0.00   979.63   440   25.6    3.0   24.3   27.9   24.5   24.5   23.1    3.42    2.69    2.18
 KIN2   133   845     72   26.6    3.5    3.4   172   12.1    0.7    4.9    0.00   979.74   456   25.8    2.9   -995   -995   -995   -995   -995    -995    -995    -995
 KIN2   133   850     71   26.5    4.2    4.1   177   13.0    0.8    5.6    0.00   979.79   470   25.8    3.6   -995   -995   -995   -995   -995    -995    -995    -995
 KIN2   133   855     71   26.6    4.2    4.2   183   11.8    0.7    6.3    0.00   979.76   486   25.9    3.7   24.3   28.0   24.6   24.5   23.1    -995    -995    -995
 KIN2   133   860     71   26.8    3.8    3.8   175   11.3    0.7    5.9    0.00   979.79   503   26.0    3.2   -995   -995   -995   -995   -995    -995    -995    -995
 KIN2   133   865     72   26.8    3.8    3.6   159   14.6    0.6    5.0    0.00   979.77   519   26.1    3.2   -995   -995   -995   -995   -995    -995    -995    -995
 KIN2   133   870     71   27.0    3.7    3.6   156   13.7    0.6    4.9    0.00   979.77   534   26.3    3.2   24.3   28.2   24.6   24.5   23.1    3.41    2.69    2.18
 KIN2   133   875     71   27.3    3.8    3.7   162   11.2    1.0    5.7    0.00   979.80   551   26.4    3.1   -995   -995   -995   -995   -995    -995    -995    -995
 KIN2   133   880     70   27.2    4.1    4.0   157   10.9    0.8    5.6    0.00   979.76   567   26.4    3.6   -995   -995   -995   -995   -995    -995    -995    -995
 KIN2   133   885     69   27.5    4.5    4.4   166   10.1    0.7    5.8    0.00   979.72   581   26.5    3.7   24.4   28.4   24.7   24.5   23.1    -995    -995    -995
 KIN2   133   890     69   27.5    4.2    4.1   172   16.6    0.5    5.9    0.00   979.72   594   26.6    3.7   -995   -995   -995   -995   -995    -995    -995    -995
 KIN2   133   895     69   27.7    3.9    3.9   149    9.6    0.8    5.7    0.00   979.76   611   26.9    3.5   -995   -995   -995   -995   -995    -995    -995    -995
 KIN2   133   900     69   28.0    4.7    4.7   146    6.6    0.8    6.0    0.00   979.76   624   26.9    4.1   24.4   28.6   24.8   24.5   23.2    3.41    2.71    2.19
 KIN2   133   905     68   28.0    4.3    4.2   154    8.8    1.1    6.1    0.00   979.74   636   27.1    3.8   -995   -995   -995   -995   -995    -995    -995    -995
 KIN2   133   910     68   28.2    4.8    4.7   159   11.6    1.0    6.7    0.00   979.70   602   27.1    4.0   -995   -995   -995   -995   -995    -995    -995    -995
 KIN2   133   915     68   28.4    3.9    3.8   160   11.6    1.0    6.1    0.00   979.74   661   27.4    3.4   24.4   28.9   24.9   24.5   23.2    -995    -995    -995
 KIN2   133   920     68   28.1    4.1    4.0   153   10.0    1.0    6.3    0.00   979.76   676   27.2    3.5   -995   -995   -995   -995   -995    -995    -995    -995
 KIN2   133   925     67   28.3    4.0    4.0   156    7.8    1.0    5.5    0.00   979.70   696   27.1    3.4   -995   -995   -995   -995   -995    -995    -995    -995
 KIN2   133   930     67   28.6    3.4    3.3   167   13.9    1.0    5.3    0.00   979.67   700   27.7    2.9   24.5   29.1   25.0   24.5   23.2    3.41    2.72    2.19
 KIN2   133   935     66   28.4    3.6    3.5   176   13.7    0.8    5.1    0.00   979.69   717   27.6    3.0   -995   -995   -995   -995   -995    -995    -995    -995
 KIN2   133   940     66   28.8    2.8    2.7   172   16.6    0.9    5.5    0.00   979.73   734   27.9    2.5   -995   -995   -995   -995   -995    -995    -995    -995
 KIN2   133   945     64   29.2    2.9    2.8   139   12.9    0.7    5.7    0.00   979.73   747   28.3    2.5   24.5   29.4   25.1   24.5   23.2    -995    -995    -995
 KIN2   133   950     64   29.1    3.2    3.2   133   11.6    0.6    4.4    0.00   979.68   763   28.3    2.9   -995   -995   -995   -995   -995    -995    -995    -995
 KIN2   133   955     62   29.5    4.2    4.1   133   12.3    0.9    5.8    0.00   979.67   777   28.6    3.7   -995   -995   -995   -995   -995    -995    -995    -995
 KIN2   133   960     61   29.4    3.7    3.6   133   11.3    1.0    6.0    0.00   979.68   786   28.5    3.2   24.5   29.7   25.3   24.5   23.2    3.40    2.74    2.20
 KIN2   133   965     60   29.9    3.7    3.7   142   11.3    0.9    5.6    0.00   979.69   805   28.8    3.2   -995   -995   -995   -995   -995    -995    -995    -995
 KIN2   133   970     59   29.5    2.9    2.8   124   13.8    0.7    5.1    0.00   979.66   809   28.7    2.4   -995   -995   -995   -995   -995    -995    -995    -995
 KIN2   133   975     60   29.8    3.1    3.1   122   11.8    1.0    5.3    0.00   979.67   840   28.8    2.6   24.5   30.1   25.4   24.5   23.2    -995    -995    -995
 KIN2   133   980     58   30.3    2.6    2.4   148   21.4    1.1    5.0    0.00   979.66   871   29.4    2.4   -995   -995   -995   -995   -995    -995    -995    -995
 KIN2   133   985     56   30.3    3.1    3.0   160   14.6    0.9    5.0    0.00   979.62   859   29.3    2.7   -995   -995   -995   -995   -995    -995    -995    -995
 KIN2   133   990     55   30.4    3.1    3.0   133   15.3    1.0    5.0    0.00   979.64   874   29.4    2.8   24.6   30.4   25.5   24.5   23.2    3.41    2.75    2.22
 KIN2   133   995     54   30.3    3.5    3.2   157   24.1    0.8    4.8    0.00   979.65   692   29.4    3.0   -995   -995   -995   -995   -995    -995    -995    -995
 KIN2   133  1000     56   29.9    2.6    2.5   121   14.4    0.5    4.0    0.00   979.64   773   29.1    2.2   -995   -995   -995   -995   -995    -995    -995    -995
 KIN2   133  1005     55   30.6    4.7    4.6   130   10.5    1.0    6.5    0.00   979.60   933   29.6    4.0   24.7   30.8   25.7   24.5   23.2    -995    -995    -995
 KIN2   133  1010     55   30.2    2.4    2.3   148   11.8    0.8    4.2    0.00   979.57   910   29.3    2.0   -995   -995   -995   -995   -995    -995    -995    -995
 KIN2   133  1015     55   30.5    2.9    2.8   158   17.5    1.0    5.2    0.00   979.53   931   29.6    2.6   -995   -995   -995   -995   -995    -995    -995    -995
 KIN2   133  1020     54   30.6    4.3    4.1   150   15.8    1.7    7.1    0.00   979.49   953   29.6    3.8   24.7   31.2   25.8   24.6   23.3    3.40    2.76    2.22
 KIN2   133  1025     53   31.2    3.7    3.6   154   17.8    1.3    6.4    0.00   979.46   930   30.0    3.0   -995   -995   -995   -995   -995    -995    -995    -995
 KIN2   133  1030     50   31.2    3.6    3.3   130   24.5    1.1    6.4    0.00   979.44   943   30.0    3.0   -995   -995   -995   -995   -995    -995    -995    -995
 KIN2   133  1035     49   31.4    4.5    4.4   128   10.4    0.6    5.6    0.00   979.49   966   30.1    3.8   24.8   31.5   25.9   24.6   23.3    -995    -995    -995
 KIN2   133  1040     49   31.2    4.3    4.1   140   16.4    1.0    7.2    0.00   979.48   946   29.9    3.7   -995   -995   -995   -995   -995    -995    -995    -995
 KIN2   133  1045     49   31.1    2.8    2.8   142   12.1    1.3    5.5    0.00   979.45   924   30.0    2.4   -995   -995   -995   -995   -995    -995    -995    -995
 KIN2   133  1050     49   31.5    4.0    3.8   139   17.5    1.5    7.4    0.00   979.41   945   30.3    3.3   24.9   32.0   26.0   24.6   23.3    3.40    2.77    2.24
 KIN2   133  1055     50   31.4    3.3    3.1   135   15.3    0.9    6.0    0.00   979.40   955   30.1    3.0   -995   -995   -995   -995   -995    -995    -995    -995
 KIN2   133  1060     50   31.1    4.4    4.2   163   16.5    1.2    7.0    0.00   979.29   972   30.1    3.7   -995   -995   -995   -995   -995    -995    -995    -995
 KIN2   133  1065     50   31.4    4.0    3.4   127   30.1    1.2    6.1    0.00   979.21   898   30.2    3.3   25.0   32.3   26.2   24.6   23.3    -995    -995    -995
 KIN2   133  1070     51   31.1    3.2    3.0   118   22.7    1.0    5.7    0.00   979.18   960   30.1    2.8   -995   -995   -995   -995   -995    -995    -995    -995
 KIN2   133  1075     49   31.9    5.3    5.2   156   12.2    0.7    7.1    0.00   979.13   966   30.7    4.6   -995   -995   -995   -995   -995    -995    -995    -995
 KIN2   133  1080     48   31.3    4.3    4.1   158   13.6    1.0    6.6    0.00   979.07   966   30.2    3.6   25.1   32.7   26.4   24.6   23.3    3.40    2.78    2.25
 KIN2   133  1085     49   31.2    4.7    4.6   164   15.9    1.1    7.5    0.00   979.00   640   30.0    4.0   -995   -995   -995   -995   -995    -995    -995    -995
 KIN2   133  1090     49   31.6    5.5    5.3   130   15.9    1.0    7.9    0.00   978.95   981   30.5    4.7   -995   -995   -995   -995   -995    -995    -995    -995
 KIN2   133  1095     47   32.0    4.4    4.3   112   14.0    0.8    6.5    0.00   978.94   985   30.5    3.6   25.3   33.2   26.5   24.7   23.4    -995    -995    -995
 KIN2   133  1100     48   31.8    4.7    4.6   140   12.3    1.0    7.1    0.00   978.95   975   30.4    4.0   -995   -995   -995   -995   -995    -995    -995    -995
 KIN2   133  1105     48   31.8    5.5    5.4   132   10.7    1.2    7.8    0.00   978.88   970   30.4    4.6   -995   -995   -995   -995   -995    -995    -995    -995
 KIN2   133  1110     46   31.9    4.1    3.9   128   16.8    1.1    6.5    0.00   978.86   982   30.5    3.5   25.4   33.5   26.6   24.7   23.4    3.40    2.80    2.26
 KIN2   133  1115     47   31.9    4.4    4.3   133   11.5    1.2    6.7    0.00   978.79   978   30.5    3.8   -995   -995   -995   -995   -995    -995    -995    -995
 KIN2   133  1120     47   32.0    5.3    5.2   151   10.1    1.1    7.5    0.00   978.76   976   30.7    4.4   -995   -995   -995   -995   -995    -995    -995    -995
 KIN2   133  1125     47   31.8    4.4    4.2   108   14.0    0.9    6.0    0.00   978.71   881   30.5    3.7   25.5   33.8   26.7   24.7   23.3    -995    -995    -995
 KIN2   133  1130     47   32.0    5.4    5.2   136   16.3    1.0    8.0    0.00   978.74   988   30.7    4.5   -995   -995   -995   -995   -995    -995    -995    -995
 KIN2   133  1135     48   31.9    4.0    3.8   114   17.4    1.2    6.5    0.00   978.73  1013   30.7    3.6   -995   -995   -995   -995   -995    -995    -995    -995
 KIN2   133  1140     49   31.7    4.7    4.5   105   14.1    1.4    7.9    0.00   978.65  1001   30.3    3.6   25.7   34.2   26.8   24.7   23.3    3.40    2.81    2.28
 KIN2   133  1145     50   31.1    5.0    4.9   137   12.4    0.9    7.8    0.00   978.63   400   30.3    4.0   -995   -995   -995   -995   -995    -995    -995    -995
 KIN2   133  1150     49   31.9    4.6    4.4   149   15.2    0.8    6.8    0.00   978.58   937   31.0    4.0   -995   -995   -995   -995   -995    -995    -995    -995
 KIN2   133  1155     49   31.5    4.4    4.3   126   12.2    1.3    8.0    0.00   978.52   813   30.7    4.0   25.8   34.5   27.0   24.7   23.3    -995    -995    -995
 KIN2   133  1160     48   32.2    5.3    5.2   135   12.7    0.8    7.2    0.00   978.46  1018   30.8    4.6   -995   -995   -995   -995   -995    -995    -995    -995
 KIN2   133  1165     48   32.0    4.9    4.8   148   13.5    1.2    6.9    0.00   978.41   999   30.9    4.2   -995   -995   -995   -995   -995    -995    -995    -995
 KIN2   133  1170     48   32.2    5.5    5.4   145   11.0    1.4    9.0    0.00   978.30   853   30.9    4.8   25.9   34.7   27.0   24.7   23.3    3.39    2.81    2.28
 KIN2   133  1175     48   32.4    4.8    4.7   144   13.5    0.9    7.2    0.00   978.19   950   31.3    4.0   -995   -995   -995   -995   -995    -995    -995    -995
 KIN2   133  1180     48   32.3    6.1    5.9   151   14.2    1.0    8.1    0.00   978.12   956   30.9    5.0   -995   -995   -995   -995   -995    -995    -995    -995
 KIN2   133  1185     49   32.0    5.5    5.0   138   24.9    1.1    8.0    0.00   978.09   968   30.6    4.6   25.9   34.9   27.1   24.7   23.3    -995    -995    -995
 KIN2   133  1190     47   32.0    5.1    5.0   135   10.0    0.9    7.3    0.00   978.15   963   30.8    4.4   -995   -995   -995   -995   -995    -995    -995    -995
 KIN2   133  1195     47   32.2    4.4    4.3   145   10.5    1.8    6.8    0.00   978.11   981   31.1    3.8   -995   -995   -995   -995   -995    -995    -995    -995
 KIN2   133  1200     47   32.2    4.4    4.2   153   15.1    0.9    6.3    0.00   978.06   953   30.8    3.7   26.0   35.1   27.1   24.7   23.3    3.39    2.84    2.30
 KIN2   133  1205     46   32.5    4.6    4.4   122   17.8    1.0    6.9    0.00   978.04   757   31.2    4.0   -995   -995   -995   -995   -995    -995    -995    -995
 KIN2   133  1210     47   31.8    4.6    4.6   116   10.9    1.2    7.1    0.00   978.01   930   30.6    4.0   -995   -995   -995   -995   -995    -995    -995    -995
 KIN2   133  1215     46   32.1    5.1    5.0   137   11.7    0.9    7.0    0.00   977.99   899   31.0    4.5   26.1   35.4   27.2   24.8   23.3    -995    -995    -995
 KIN2   133  1220     44   32.1    4.8    4.7   131    9.5    1.0    6.9    0.00   978.00   914   30.9    4.1   -995   -995   -995   -995   -995    -995    -995    -995
 KIN2   133  1225     46   32.0    4.3    4.3   123   10.2    0.8    6.0    0.00   977.93   906   30.6    3.7   -995   -995   -995   -995   -995    -995    -995    -995
 KIN2   133  1230     45   32.0    4.3    4.1   120   14.2    1.3    6.8    0.00   977.84   906   31.0    3.7   26.1   35.6   27.2   24.8   23.3    3.40    2.84    2.31
 KIN2   133  1235     45   32.4    4.5    4.4   137   14.5    1.2    7.8    0.00   977.81   928   31.3    4.0   -995   -995   -995   -995   -995    -995    -995    -995
 KIN2   133  1240     45   32.2    5.0    4.8   154   15.0    1.1    7.3    0.00   977.79   906   31.0    4.1   -995   -995   -995   -995   -995    -995    -995    -995
 KIN2   133  1245     45   32.2    4.0    3.8   137   15.0    1.0    6.4    0.00   977.82   882   31.1    3.3   26.2   35.8   27.3   24.8   23.3    -995    -995    -995
 KIN2   133  1250     44   32.2    3.7    3.5   129   15.9    1.0    5.2    0.00   977.82   863   31.2    3.2   -995   -995   -995   -995   -995    -995    -995    -995
 KIN2   133  1255     44   32.4    4.5    4.0   123   26.9    1.5    7.5    0.00   977.74   856   31.5    3.7   -995   -995   -995   -995   -995    -995    -995    -995
 KIN2   133  1260     45   32.2    4.3    4.2   149   15.5    1.4    7.0    0.00   977.74   746   31.0    3.7   26.2   35.9   27.3   24.8   23.3    3.41    2.86    2.32
 KIN2   133  1265     46   31.7    3.5    3.4   130   10.8    1.4    6.5    0.00   977.71   684   31.0    2.7   -995   -995   -995   -995   -995    -995    -995    -995
 KIN2   133  1270     47   32.0    4.5    4.2   126   21.3    0.8    6.9    0.00   977.66   659   31.2    3.8   -995   -995   -995   -995   -995    -995    -995    -995
 KIN2   133  1275     45   32.4    3.4    3.1   133   23.1    1.0    5.7    0.00   977.61   722   31.4    3.0   26.3   36.1   27.3   24.9   23.3    -995    -995    -995
 KIN2   133  1280     46   32.2    4.7    4.6   140   10.5    1.0    7.0    0.00   977.55   503   31.1    3.9   -995   -995   -995   -995   -995    -995    -995    -995
 KIN2   133  1285     47   31.6    3.4    3.3   150   12.8    1.0    5.9    0.00   977.50   545   30.9    2.8   -995   -995   -995   -995   -995    -995    -995    -995
 KIN2   133  1290     46   32.2    3.5    3.1   142   27.2    1.1    6.6    0.00   977.45   883   31.4    3.0   26.4   36.3   27.3   24.9   23.3    3.41    2.86    2.33
 KIN2   133  1295     45   32.7    4.5    4.4   144   14.6    0.8    6.4    0.00   977.38   872   31.6    3.8   -995   -995   -995   -995   -995    -995    -995    -995
 KIN2   133  1300     45   32.5    4.7    4.6   139   12.9    1.3    6.8    0.00   977.23   813   31.4    4.0   -995   -995   -995   -995   -995    -995    -995    -995
 KIN2   133  1305     45   32.6    4.6    4.4   130   14.1    0.8    6.6    0.00   977.16   802   31.4    3.8   26.4   36.3   27.3   24.9   23.3    -995    -995    -995
 KIN2   133  1310     45   32.7    4.0    3.9   116   12.6    0.9    6.4    0.00   977.15   728   31.4    3.5   -995   -995   -995   -995   -995    -995    -995    -995
 KIN2   133  1315     45   32.3    4.8    4.7   135   12.3    1.3    7.3    0.00   977.16   562   31.2    4.1   -995   -995   -995   -995   -995    -995    -995    -995
 KIN2   133  1320     46   32.0    3.9    3.8   152   12.8    0.8    6.4    0.00   977.15   633   31.2    3.4   26.4   36.5   27.3   24.9   23.3    3.41    2.87    2.35
 KIN2   133  1325     45   32.3    4.2    3.9   152   20.5    1.4    8.1    0.00   977.12   672   31.3    3.5   -995   -995   -995   -995   -995    -995    -995    -995
 KIN2   133  1330     45   32.4    4.2    4.0   109   15.2    0.5    5.3    0.00   977.08   685   31.4    3.5   -995   -995   -995   -995   -995    -995    -995    -995
 KIN2   133  1335     45   32.2    4.1    4.0   145   13.1    0.8    6.2    0.00   977.06   574   31.5    3.6   26.5   36.5   27.2   25.0   23.3    -995    -995    -995
 KIN2   133  1340     45   32.1    5.9    5.8   117   13.9    0.9    8.1    0.00   976.92   643   31.0    4.7   -995   -995   -995   -995   -995    -995    -995    -995
 KIN2   133  1345     45   31.9    5.1    4.8   121   16.5    0.8    6.3    0.00   976.89   621   30.9    4.1   -995   -995   -995   -995   -995    -995    -995    -995
 KIN2   133  1350     45   31.7    4.2    4.0   112   19.3    0.9    6.1    0.00   976.86   606   30.9    3.6   26.5   36.6   27.2   25.0   23.3    3.42    2.89    2.36
 KIN2   133  1355     46   31.6    4.1    4.0   118   12.8    0.6    5.4    0.00   976.87   516   31.0    3.5   -995   -995   -995   -995   -995    -995    -995    -995
 KIN2   133  1360     46   31.7    4.8    4.7   142   13.1    1.3    7.0    0.00   976.92   363   31.1    4.0   -995   -995   -995   -995   -995    -995    -995    -995
 KIN2   133  1365     46   31.6    3.3    3.3   157    9.7    0.8    5.2    0.00   976.94   569   31.0    3.0   26.5   36.7   27.2   25.1   23.4    -995    -995    -995
 KIN2   133  1370     45   31.9    4.2    4.1   145   11.3    0.8    5.9    0.00   976.91   573   31.2    3.5   -995   -995   -995   -995   -995    -995    -995    -995
 KIN2   133  1375     45   32.0    4.5    4.4   138    9.7    0.7    6.0    0.00   976.88   552   31.2    3.7   -995   -995   -995   -995   -995    -995    -995    -995
 KIN2   133  1380     45   32.0    4.6    4.5   152   12.1    0.8    6.6    0.00   976.87   530   31.4    4.1   26.5   36.7   27.1   25.1   23.4    3.43    2.88    2.36
 KIN2   133  1385     45   32.0    5.0    4.9   132    8.1    0.9    7.7    0.00   976.85   499   31.2    4.2   -995   -995   -995   -995   -995    -995    -995    -995
 KIN2   133  1390     45   31.9    4.3    4.2   123   12.6    0.8    5.9    0.00   976.78   477   31.2    3.6   -995   -995   -995   -995   -995    -995    -995    -995
 KIN2   133  1395     44   31.9    4.3    4.2   122    9.4    1.1    7.0    0.00   976.71   486   31.3    3.6   26.5   36.7   27.1   25.1   23.4    -995    -995    -995
 KIN2   133  1400     46   31.8    5.5    5.4   127   12.5    1.0    7.5    0.00   976.65   477   31.1    4.6   -995   -995   -995   -995   -995    -995    -995    -995
 KIN2   133  1405     47   31.4    5.8    5.5   120   16.0    1.2    8.2    0.00   976.63   372   30.7    4.6   -995   -995   -995   -995   -995    -995    -995    -995
 KIN2   133  1410     48   31.0    5.3    5.3   131    8.5    0.7    7.0    0.00   976.67   161   30.6    4.4   26.5   36.6   27.0   25.1   23.4    3.44    2.90    2.37
 KIN2   133  1415     50   30.6    4.5    4.5   132    9.7    0.9    6.5    0.00   976.63   180   30.4    3.8   -995   -995   -995   -995   -995    -995    -995    -995
 KIN2   133  1420     50   30.7    4.7    4.6   150    8.6    0.9    6.9    0.00   976.64   237   30.5    3.7   -995   -995   -995   -995   -995    -995    -995    -995
 KIN2   133  1425     49   31.4    4.6    4.5   143   10.8    1.0    6.2    0.00   976.62   365   30.9    3.8   26.5   36.6   27.0   25.2   23.4    -995    -995    -995
 KIN2   133  1430     48   31.5    5.7    5.6   158    9.6    1.0    7.8    0.00   976.58   355   30.9    4.6   -995   -995   -995   -995   -995    -995    -995    -995
 KIN2   133  1435     48   31.1    6.1    6.1   157    6.2    0.8    8.0    0.00   976.56   280   30.7    4.8   -995   -995   -995   -995   -995    -995    -995    -995
</pre>