<pre>  101 ! (c) 2019 Oklahoma Climatological Survey and the Oklahoma Mesonet - all rights reserved
  21 2019 02 24 00 00 00
 STID  STNM  TIME   RELH   TAIR   WSPD   WVEC  WDIR   WDSD   WSSD   WMAX    RAIN     PRES  SRAD   TA9M   WS2M   TS10   TB10   TS05   TS25   TS60    TR05    TR25    TR60
 KIN2   133     0     63    5.1    5.8    5.7   309   12.8    1.5    9.6    1.27   973.90    13    5.2    4.5    8.0   10.4    8.1    7.4    7.4    1.46    1.57    1.62
 KIN2   133     5     62    5.1    6.5    6.4   306   11.7    1.5    9.5    0.00   974.04     7    5.2    5.4   -995   -995   -995   -995   -995    -995    -995    -995
 KIN2   133    10     63    5.1    5.9    5.7   303   12.7    1.3    9.8    0.00   974.25     4    5.2    4.3   -995   -995   -995   -995   -995    -995    -995    -995
 KIN2   133    15     63    5.1    6.4    6.3   306   10.2    1.5    9.5    0.00   974.48     2    5.1    4.9    8.0   10.2    8.0    7.4    7.3    -995    -995    -995
 KIN2   133    20     63    5.1    6.1    5.9   303   11.3    1.9   10.7    0.00   974.61     1    5.1    4.8   -995   -995   -995   -995   -995    -995    -995    -995
 KIN2   133    25     63    5.1    6.5    6.4   305   12.9    1.8   13.2    0.00   974.78     1    5.1    5.5   -995   -995   -995   -995   -995    -995    -995    -995
 KIN2   133    30     64    5.1    6.0    5.8   308   14.3    1.5    9.8    0.00   974.98     1    5.1    4.7    7.9   10.0    7.9    7.3    7.3    1.47    1.56    1.62
 KIN2   133    35     65    5.1    6.9    6.7   304   15.9    1.7   11.7    0.00   975.24     0    5.1    5.2   -995   -995   -995   -995   -995    -995    -995    -995
 KIN2   133    40     63    4.9    9.1    8.8   307   12.6    2.0   13.4    0.00   975.55     0    5.0    7.2   -995   -995   -995   -995   -995    -995    -995    -995
 KIN2   133    45     63    4.9    8.9    8.7   302   11.9    2.2   15.0    0.00   975.76     0    4.9    6.8    7.9    9.8    7.8    7.3    7.3    -995    -995    -995
 KIN2   133    50     64    4.8    9.2    9.1   307   11.3    2.0   14.1    0.00   975.95     0    4.8    7.2   -995   -995   -995   -995   -995    -995    -995    -995
 KIN2   133    55     65    4.7    9.2    9.0   308   11.9    2.1   13.4    0.00   976.22     0    4.7    7.2   -995   -995   -995   -995   -995    -995    -995    -995
 KIN2   133    60     65    4.6    9.7    9.5   304   11.3    1.8   14.7    0.00   976.49     0    4.6    7.7    7.8    9.6    7.7    7.3    7.3    1.46    1.56    1.62
 KIN2   133    65     65    4.5    9.2    9.0   306   12.8    2.0   14.6    0.00   976.64     0    4.5    7.1   -995   -995   -995   -995   -995    -995    -995    -995
 KIN2   133    70     66    4.4    7.7    7.6   309   11.2    1.8   12.4    0.00   976.76     0    4.5    6.1   -995   -995   -995   -995   -995    -995    -995    -995
 KIN2   133    75     66    4.4    8.0    7.8   305   12.9    1.7   12.0    0.00   976.77     0    4.4    6.2    7.8    9.5    7.6    7.4    7.3    -995    -995    -995
 KIN2   133    80     66    4.3    8.1    7.9   310   13.0    1.8   12.6    0.00   976.88     0    4.4    6.4   -995   -995   -995   -995   -995    -995    -995    -995
 KIN2   133    85     66    4.3    8.5    8.4   308   11.7    2.3   14.1    0.00   977.01     0    4.3    6.5   -995   -995   -995   -995   -995    -995    -995    -995
 KIN2   133    90     66    4.1    8.3    8.2   307   10.7    1.6   12.4    0.00   977.06     0    4.2    6.4    7.7    9.3    7.5    7.4    7.3    1.47    1.57    1.63
 KIN2   133    95     67    3.9    6.7    6.5   309   12.4    1.8   11.9    0.00   977.23     0    4.1    5.3   -995   -995   -995   -995   -995    -995    -995    -995
 KIN2   133   100     68    3.9    5.4    5.3   308   13.0    1.5    9.5    0.00   977.46     0    4.0    4.4   -995   -995   -995   -995   -995    -995    -995    -995
 KIN2   133   105     68    3.8    6.9    6.7   308   12.5    2.0   12.3    0.00   977.71     0    4.0    5.6    7.7    9.2    7.4    7.4    7.3    -995    -995    -995
 KIN2   133   110     67    3.7    6.2    6.1   311   11.1    1.6   10.8    0.00   977.77     0    3.9    4.9   -995   -995   -995   -995   -995    -995    -995    -995
 KIN2   133   115     68    3.5    6.2    6.1   316   12.9    1.4   10.1    0.00   977.75     0    3.8    4.9   -995   -995   -995   -995   -995    -995    -995    -995
 KIN2   133   120     68    3.4    5.3    5.2   319   13.0    1.1    8.6    0.00   977.71     0    3.6    4.0    7.6    9.0    7.4    7.4    7.4    1.47    1.56    1.63
 KIN2   133   125     68    3.3    5.5    5.3   314   13.1    1.3    9.1    0.00   977.95     0    3.6    4.2   -995   -995   -995   -995   -995    -995    -995    -995
 KIN2   133   130     69    3.3    4.4    4.3   317   13.9    1.1    7.2    0.00   977.97     0    3.5    3.6   -995   -995   -995   -995   -995    -995    -995    -995
 KIN2   133   135     69    3.2    4.6    4.5   313   12.0    1.2    8.4    0.00   978.00     0    3.5    3.8    7.6    8.9    7.3    7.4    7.4    -995    -995    -995
 KIN2   133   140     69    3.3    4.9    4.8   310   12.8    1.4    8.3    0.00   978.06     0    3.5    3.8   -995   -995   -995   -995   -995    -995    -995    -995
 KIN2   133   145     69    3.3    5.1    5.0   312   11.3    1.3    8.0    0.00   977.94     0    3.5    4.0   -995   -995   -995   -995   -995    -995    -995    -995
 KIN2   133   150     70    3.1    3.8    3.7   309   13.2    0.9    6.9    0.00   978.09     0    3.4    2.9    7.5    8.7    7.2    7.4    7.4    1.46    1.56    1.62
 KIN2   133   155     70    3.1    4.1    4.0   302    9.8    1.1    6.3    0.00   978.33     0    3.4    3.0   -995   -995   -995   -995   -995    -995    -995    -995
 KIN2   133   160     70    3.2    5.8    5.7   296   11.4    1.8   10.9    0.00   978.41     0    3.5    4.4   -995   -995   -995   -995   -995    -995    -995    -995
 KIN2   133   165     68    3.7    7.3    7.0   302   14.4    1.6   11.4    0.00   978.63     0    3.9    5.3    7.4    8.5    7.1    7.4    7.4    -995    -995    -995
 KIN2   133   170     67    3.9    7.4    7.3   315   11.9    1.6   11.3    0.00   978.88     0    4.0    5.8   -995   -995   -995   -995   -995    -995    -995    -995
 KIN2   133   175     67    3.8    6.2    6.0   315   12.1    1.8   11.4    0.00   979.19     0    4.0    4.9   -995   -995   -995   -995   -995    -995    -995    -995
 KIN2   133   180     68    3.7    5.4    5.3   317   13.4    1.5    9.4    0.00   979.41     0    3.9    4.3    7.4    8.3    7.0    7.3    7.3    1.47    1.56    1.63
 KIN2   133   185     69    3.6    5.9    5.8   315   12.9    1.6   10.3    0.00   979.54     0    3.8    4.6   -995   -995   -995   -995   -995    -995    -995    -995
 KIN2   133   190     70    3.4    5.5    5.4   313   12.0    1.3    9.2    0.00   979.70     0    3.7    4.3   -995   -995   -995   -995   -995    -995    -995    -995
 KIN2   133   195     70    3.3    6.6    6.5   308   10.5    1.6    9.5    0.00   979.74     0    3.5    4.9    7.3    8.1    6.9    7.3    7.3    -995    -995    -995
 KIN2   133   200     70    3.2    7.6    7.3   312   14.9    1.4   10.2    0.00   979.70     0    3.5    5.8   -995   -995   -995   -995   -995    -995    -995    -995
 KIN2   133   205     70    3.1    6.3    6.2   315   12.1    1.5   10.3    0.00   979.64     0    3.3    5.0   -995   -995   -995   -995   -995    -995    -995    -995
 KIN2   133   210     70    3.0    7.0    6.9   312   10.8    1.9   12.1    0.00   979.98     0    3.3    5.5    7.3    8.0    6.8    7.3    7.3    1.46    1.56    1.62
 KIN2   133   215     70    3.0    6.9    6.8   314   11.3    1.6   10.6    0.00   980.31     0    3.3    5.5   -995   -995   -995   -995   -995    -995    -995    -995
 KIN2   133   220     70    2.9    5.7    5.5   315   12.7    1.3    8.5    0.00   980.46     0    3.2    4.4   -995   -995   -995   -995   -995    -995    -995    -995
 KIN2   133   225     71    2.8    5.3    5.2   316   12.0    1.2    7.8    0.00   980.51     0    3.1    4.2    7.2    7.9    6.8    7.3    7.3    -995    -995    -995
 KIN2   133   230     72    2.8    5.8    5.7   316   11.0    1.1    8.2    0.00   980.60     0    3.1    4.5   -995   -995   -995   -995   -995    -995    -995    -995
 KIN2   133   235     72    2.8    5.6    5.4   316   13.0    1.2    8.6    0.00   980.80     0    3.1    4.3   -995   -995   -995   -995   -995    -995    -995    -995
 KIN2   133   240     72    2.7    5.6    5.4   312   14.4    1.2    9.3    0.00   980.95     0    3.1    4.4    7.2    7.8    6.7    7.3    7.4    1.47    1.56    1.63
 KIN2   133   245     72    2.7    5.3    5.2   311   12.1    1.2    8.8    0.00   981.10     0    3.0    4.2   -995   -995   -995   -995   -995    -995    -995    -995
 KIN2   133   250     72    2.7    6.1    5.9   309   11.2    1.3    9.3    0.00   981.29     0    3.1    4.7   -995   -995   -995   -995   -995    -995    -995    -995
 KIN2   133   255     72    2.7    4.7    4.6   310   11.9    1.2    7.9    0.00   981.36     0    3.0    3.7    7.1    7.6    6.6    7.3    7.4    -995    -995    -995
 KIN2   133   260     72    2.7    5.0    4.9   312   12.7    1.2    8.1    0.00   981.45     0    3.0    3.9   -995   -995   -995   -995   -995    -995    -995    -995
 KIN2   133   265     71    2.8    5.2    5.1   310   14.1    1.1    8.9    0.00   981.59     0    3.1    4.0   -995   -995   -995   -995   -995    -995    -995    -995
 KIN2   133   270     70    2.8    5.3    5.1   315   12.1    1.2    8.9    0.00   981.67     0    3.1    4.2    7.1    7.5    6.6    7.3    7.4    1.47    1.56    1.63
 KIN2   133   275     69    2.8    4.5    4.4   322   12.6    1.1    6.9    0.00   981.67     0    3.1    3.5   -995   -995   -995   -995   -995    -995    -995    -995
 KIN2   133   280     68    2.7    4.8    4.7   324   11.6    1.0    7.0    0.00   981.73     0    3.1    3.7   -995   -995   -995   -995   -995    -995    -995    -995
 KIN2   133   285     69    2.6    4.5    4.4   329   13.3    0.9    7.5    0.00   981.76     0    2.9    3.7    7.0    7.3    6.5    7.3    7.4    -995    -995    -995
 KIN2   133   290     70    2.4    4.2    4.1   328   13.0    0.8    6.6    0.00   981.74     0    2.7    3.3   -995   -995   -995   -995   -995    -995    -995    -995
 KIN2   133   295     71    2.2    3.7    3.6   326   12.0    0.7    6.1    0.00   981.84     0    2.6    2.9   -995   -995   -995   -995   -995    -995    -995    -995
 KIN2   133   300     71    2.2    3.4    3.3   322   13.0    0.7    5.6    0.00   981.99     0    2.5    2.6    7.0    7.2    6.4    7.3    7.4    1.46    1.56    1.63
 KIN2   133   305     72    2.0    3.4    3.3   319   12.3    0.8    5.6    0.00   982.05     0    2.4    2.5   -995   -995   -995   -995   -995    -995    -995    -995
 KIN2   133   310     72    1.9    3.1    3.0   318   12.8    0.8    5.9    0.00   982.17     0    2.3    2.2   -995   -995   -995   -995   -995    -995    -995    -995
 KIN2   133   315     72    1.8    2.8    2.7   314   13.9    0.6    4.3    0.00   982.25     0    2.3    1.8    6.9    7.1    6.4    7.3    7.4    -995    -995    -995
 KIN2   133   320     73    1.7    2.7    2.6   299   12.9    0.5    4.0    0.00   982.47     0    2.2    1.8   -995   -995   -995   -995   -995    -995    -995    -995
 KIN2   133   325     74    1.5    2.4    2.4   289    9.9    0.6    4.6    0.00   982.84     0    2.0    1.6   -995   -995   -995   -995   -995    -995    -995    -995
 KIN2   133   330     75    1.2    2.3    2.2   292   10.9    0.6    3.7    0.00   983.08     0    1.8    1.3    6.9    7.0    6.3    7.3    7.4    1.47    1.56    1.63
 KIN2   133   335     76    1.2    2.2    2.2   294   14.0    0.5    3.6    0.00   983.06     0    1.7    1.5   -995   -995   -995   -995   -995    -995    -995    -995
 KIN2   133   340     75    1.2    2.5    2.5   295   12.0    0.6    4.2    0.00   983.10     0    1.8    1.6   -995   -995   -995   -995   -995    -995    -995    -995
 KIN2   133   345     74    1.3    2.9    2.8   295   13.3    0.6    4.3    0.00   983.17     0    1.8    2.1    6.8    6.8    6.3    7.3    7.4    -995    -995    -995
 KIN2   133   350     73    1.4    3.1    3.0   302   13.4    0.8    5.8    0.00   983.15     0    1.8    2.2   -995   -995   -995   -995   -995    -995    -995    -995
 KIN2   133   355     73    1.2    2.6    2.5   299   12.8    0.7    4.6    0.00   983.22     0    1.7    1.7   -995   -995   -995   -995   -995    -995    -995    -995
 KIN2   133   360     74    1.1    3.0    2.9   298   13.3    0.7    4.6    0.00   983.28     0    1.6    2.0    6.8    6.7    6.2    7.3    7.4    1.47    1.57    1.62
 KIN2   133   365     73    1.1    3.1    3.0   293   13.4    0.7    4.8    0.00   983.34     0    1.5    2.2   -995   -995   -995   -995   -995    -995    -995    -995
 KIN2   133   370     73    1.0    2.9    2.9   298   10.7    0.7    4.9    0.00   983.45     0    1.4    2.0   -995   -995   -995   -995   -995    -995    -995    -995
 KIN2   133   375     73    1.0    3.3    3.2   300   12.8    0.6    4.6    0.00   983.53     0    1.4    2.3    6.7    6.6    6.1    7.3    7.4    -995    -995    -995
 KIN2   133   380     73    0.9    3.5    3.5   293   10.3    0.8    5.3    0.00   983.59     0    1.4    2.4   -995   -995   -995   -995   -995    -995    -995    -995
 KIN2   133   385     73    0.7    3.4    3.3   294   11.4    0.7    5.8    0.00   983.69     0    1.2    2.2   -995   -995   -995   -995   -995    -995    -995    -995
 KIN2   133   390     73    0.7    3.3    3.3   295    9.8    0.8    5.1    0.00   983.75     0    1.2    2.2    6.7    6.4    6.1    7.2    7.4    1.46    1.56    1.63
 KIN2   133   395     74    0.5    2.4    2.3   298   14.6    0.7    4.6    0.00   983.81     0    1.0    1.7   -995   -995   -995   -995   -995    -995    -995    -995
 KIN2   133   400     74    0.5    2.7    2.7   299   11.5    0.6    4.0    0.00   983.82     0    1.0    1.9   -995   -995   -995   -995   -995    -995    -995    -995
 KIN2   133   405     73    0.5    2.7    2.7   298   12.8    0.6    4.1    0.00   983.92     0    1.0    1.8    6.6    6.3    6.0    7.2    7.4    -995    -995    -995
 KIN2   133   410     73    0.6    3.0    2.9   295   12.2    0.7    4.7    0.00   983.97     0    1.0    2.1   -995   -995   -995   -995   -995    -995    -995    -995
 KIN2   133   415     72    0.4    2.5    2.4   300   13.4    0.7    4.2    0.00   984.00     0    0.9    1.6   -995   -995   -995   -995   -995    -995    -995    -995
 KIN2   133   420     73    0.3    2.7    2.6   298   12.0    0.6    4.8    0.00   984.06     0    0.9    1.8    6.5    6.1    5.9    7.2    7.4    1.45    1.56    1.62
 KIN2   133   425     72    0.5    2.8    2.7   303   13.0    0.7    4.4    0.00   984.08     0    0.9    2.1   -995   -995   -995   -995   -995    -995    -995    -995
 KIN2   133   430     71    0.4    2.5    2.4   302   13.0    0.6    4.1    0.00   984.14     0    0.9    1.7   -995   -995   -995   -995   -995    -995    -995    -995
 KIN2   133   435     72    0.1    2.5    2.4   306   13.1    0.7    4.0    0.00   984.18     0    0.7    1.6    6.5    6.0    5.9    7.2    7.4    -995    -995    -995
 KIN2   133   440     72    0.2    2.5    2.4   311   11.6    0.6    4.0    0.00   984.22     0    0.7    1.6   -995   -995   -995   -995   -995    -995    -995    -995
 KIN2   133   445     72    0.1    2.7    2.6   300   10.2    0.6    4.1    0.00   984.32     0    0.6    1.8   -995   -995   -995   -995   -995    -995    -995    -995
 KIN2   133   450     73   -0.1    2.1    2.0   301   12.1    0.5    3.5    0.00   984.45     0    0.5    1.3    6.4    5.9    5.8    7.2    7.4    1.46    1.56    1.63
 KIN2   133   455     73   -0.1    2.3    2.2   296   11.8    0.5    3.4    0.00   984.59     0    0.4    1.5   -995   -995   -995   -995   -995    -995    -995    -995
 KIN2   133   460     73   -0.1    2.4    2.4   292   10.3    0.4    4.0    0.00   984.75     0    0.4    1.5   -995   -995   -995   -995   -995    -995    -995    -995
 KIN2   133   465     73   -0.4    1.9    1.9   291   10.0    0.4    2.8    0.00   984.87     0    0.3    1.0    6.4    5.7    5.7    7.2    7.4    -995    -995    -995
 KIN2   133   470     73   -0.4    1.8    1.8   287    9.4    0.4    2.6    0.00   984.93     0    0.3    0.9   -995   -995   -995   -995   -995    -995    -995    -995
 KIN2   133   475     73   -0.5    1.7    1.7   281    7.5    0.3    2.4    0.00   985.01     0    0.3    0.9   -995   -995   -995   -995   -995    -995    -995    -995
 KIN2   133   480     73   -0.7    1.7    1.7   281   10.0    0.4    2.6    0.00   985.06     0    0.3    1.0    6.3    5.6    5.7    7.1    7.4    1.45    1.56    1.63
 KIN2   133   485     74   -0.8    2.0    1.9   279    9.1    0.3    2.7    0.00   985.09     0    0.3    0.9   -995   -995   -995   -995   -995    -995    -995    -995
 KIN2   133   490     74   -0.9    2.2    2.2   281    8.8    0.3    3.0    0.00   985.16     0    0.2    1.2   -995   -995   -995   -995   -995    -995    -995    -995
 KIN2   133   495     74   -0.9    2.3    2.3   283   10.1    0.4    3.7    0.00   985.27     0    0.1    1.4    6.3    5.5    5.6    7.1    7.4    -995    -995    -995
 KIN2   133   500     73   -0.8    2.3    2.2   282    9.0    0.3    3.1    0.00   985.29     0    0.1    1.3   -995   -995   -995   -995   -995    -995    -995    -995
 KIN2   133   505     73   -0.9    2.3    2.3   279    8.1    0.4    3.5    0.00   985.33     0    0.1    1.3   -995   -995   -995   -995   -995    -995    -995    -995
 KIN2   133   510     74   -0.9    2.2    2.2   274    8.3    0.4    3.2    0.00   985.36     0    0.0    1.2    6.2    5.4    5.6    7.1    7.4    1.45    1.56    1.63
 KIN2   133   515     73   -1.0    2.2    2.2   273    9.0    0.3    2.9    0.00   985.46     0   -0.1    1.0   -995   -995   -995   -995   -995    -995    -995    -995
 KIN2   133   520     73   -0.9    2.0    2.0   268   10.6    0.5    3.3    0.00   985.52     0   -0.2    0.7   -995   -995   -995   -995   -995    -995    -995    -995
 KIN2   133   525     73   -1.0    2.1    2.1   271    9.5    0.3    3.0    0.00   985.61     0   -0.2    0.7    6.2    5.3    5.5    7.1    7.4    -995    -995    -995
 KIN2   133   530     73   -1.0    1.8    1.8   270   10.5    0.5    2.7    0.00   985.72     0   -0.3    0.5   -995   -995   -995   -995   -995    -995    -995    -995
 KIN2   133   535     73   -1.1    2.0    2.0   278    9.9    0.4    3.2    0.00   985.80     0   -0.3    0.9   -995   -995   -995   -995   -995    -995    -995    -995
 KIN2   133   540     72   -1.1    1.6    1.6   282   10.4    0.3    2.2    0.00   985.82     0   -0.2    0.7    6.1    5.2    5.4    7.1    7.4    1.45    1.56    1.62
 KIN2   133   545     72   -1.2    1.7    1.7   281    9.3    0.4    3.0    0.00   985.84     0   -0.2    0.9   -995   -995   -995   -995   -995    -995    -995    -995
 KIN2   133   550     72   -1.0    1.8    1.8   282   12.7    0.3    2.5    0.00   985.84     0   -0.2    0.8   -995   -995   -995   -995   -995    -995    -995    -995
 KIN2   133   555     71   -1.2    1.7    1.7   293   11.5    0.5    3.1    0.00   985.87     0   -0.1    0.6    6.1    5.1    5.4    7.0    7.4    -995    -995    -995
 KIN2   133   560     70   -1.1    1.4    1.3   296   11.5    0.4    2.2    0.00   985.92     0   -0.1    0.3   -995   -995   -995   -995   -995    -995    -995    -995
 KIN2   133   565     69   -0.7    2.0    2.0   290   11.0    0.5    3.4    0.00   985.91     0    0.3    1.2   -995   -995   -995   -995   -995    -995    -995    -995
 KIN2   133   570     67   -0.4    2.0    2.0   292   10.1    0.5    3.4    0.00   985.88     0    0.4    1.3    6.0    5.0    5.3    7.0    7.4    1.45    1.56    1.63
 KIN2   133   575     65   -0.1    2.6    2.5   296   10.7    0.7    4.4    0.00   985.89     0    0.7    1.7   -995   -995   -995   -995   -995    -995    -995    -995
 KIN2   133   580     64    0.0    2.7    2.7   298   11.4    0.5    4.1    0.00   985.94     0    0.8    1.7   -995   -995   -995   -995   -995    -995    -995    -995
 KIN2   133   585     63    0.1    2.8    2.8   294   11.9    0.7    4.2    0.00   985.97     0    0.8    2.1    5.9    4.9    5.2    7.0    7.4    -995    -995    -995
 KIN2   133   590     62    0.3    3.2    3.1   296   12.5    0.7    4.5    0.00   986.04     0    0.8    2.2   -995   -995   -995   -995   -995    -995    -995    -995
 KIN2   133   595     61    0.2    2.6    2.6   302   12.1    0.6    4.0    0.00   986.10     0    0.8    1.8   -995   -995   -995   -995   -995    -995    -995    -995
 KIN2   133   600     62    0.2    3.3    3.2   298   11.9    0.8    4.8    0.00   986.14     0    0.8    2.3    5.9    4.8    5.1    6.9    7.3    1.45    1.57    1.63
 KIN2   133   605     62    0.0    2.7    2.7   299   11.8    0.6    4.1    0.00   986.23     0    0.6    1.7   -995   -995   -995   -995   -995    -995    -995    -995
 KIN2   133   610     63    0.0    2.7    2.6   297   11.6    0.6    4.5    0.00   986.31     0    0.5    1.8   -995   -995   -995   -995   -995    -995    -995    -995
 KIN2   133   615     62   -0.1    2.7    2.7   290   10.6    0.6    4.1    0.00   986.42     0    0.4    1.9    5.8    4.7    5.0    6.9    7.3    -995    -995    -995
 KIN2   133   620     63   -0.3    2.6    2.6   286   11.5    0.6    4.5    0.00   986.53     0    0.4    1.6   -995   -995   -995   -995   -995    -995    -995    -995
 KIN2   133   625     64   -0.6    2.4    2.4   279   10.2    0.4    3.4    0.00   986.67     0    0.3    1.5   -995   -995   -995   -995   -995    -995    -995    -995
 KIN2   133   630     65   -0.8    1.5    1.5   262   11.1    0.3    2.1    0.00   986.74     0   -0.2    0.9    5.8    4.6    5.0    6.9    7.4    1.45    1.57    1.63
 KIN2   133   635     71   -1.5    1.4    1.4   247    8.3    0.2    2.0    0.00   986.87     0   -0.8    0.9   -995   -995   -995   -995   -995    -995    -995    -995
 KIN2   133   640     74   -1.8    1.4    1.4   246    8.4    0.2    1.9    0.00   986.97     0   -1.2    0.6   -995   -995   -995   -995   -995    -995    -995    -995
 KIN2   133   645     77   -2.3    0.9    0.9   237   10.2    0.2    1.4    0.00   986.99     0   -1.4    0.3    5.8    4.5    5.0    6.9    7.4    -995    -995    -995
 KIN2   133   650     80   -3.2    0.9    0.8   193   15.4    0.2    1.1    0.00   987.00     0   -1.8    0.8   -995   -995   -995   -995   -995    -995    -995    -995
 KIN2   133   655     83   -3.5    1.0    1.0   183   12.4    0.2    1.3    0.00   987.06     0   -1.9    0.4   -995   -995   -995   -995   -995    -995    -995    -995
 KIN2   133   660     84   -3.3    1.1    1.0   206   14.0    0.2    1.4    0.00   987.10     0   -1.5    0.9    5.7    4.5    5.0    6.9    7.5    1.45    1.56    1.63
 KIN2   133   665     83   -3.7    1.5    1.5   210    7.7    0.3    2.0    0.00   987.17     0   -1.3    0.7   -995   -995   -995   -995   -995    -995    -995    -995
 KIN2   133   670     85   -3.4    2.3    2.3   220    5.0    0.2    2.7    0.00   987.25     0   -1.2    1.1   -995   -995   -995   -995   -995    -995    -995    -995
 KIN2   133   675     84   -3.2    2.6    2.6   224    4.1    0.2    2.9    0.00   987.34     0   -1.3    1.3    5.7    4.4    4.9    7.0    7.5    -995    -995    -995
 KIN2   133   680     83   -3.1    2.8    2.8   222    3.7    0.1    3.1    0.00   987.48     0   -1.4    1.3   -995   -995   -995   -995   -995    -995    -995    -995
 KIN2   133   685     83   -3.0    2.5    2.5   224    4.1    0.3    3.1    0.00   987.59     0   -1.6    1.2   -995   -995   -995   -995   -995    -995    -995    -995
 KIN2   133   690     82   -2.9    2.1    2.1   227    6.0    0.2    2.4    0.00   987.73     0   -1.6    0.8    5.6    4.3    4.9    6.9    7.5    1.45    1.56    1.63
 KIN2   133   695     79   -2.2    2.0    2.0   249    9.8    0.2    2.6    0.00   987.76     0   -1.3    0.8   -995   -995   -995   -995   -995    -995    -995    -995
 KIN2   133   700     75   -2.6    2.2    2.2   272    7.1    0.4    3.3    0.00   987.78     0   -1.1    1.1   -995   -995   -995   -995   -995    -995    -995    -995
 KIN2   133   705     75   -2.2    2.5    2.5   282    8.1    0.3    3.5    0.00   987.86     0   -0.7    1.4    5.6    4.2    4.8    6.8    7.4    -995    -995    -995
 KIN2   133   710     71   -1.7    2.2    2.2   293    9.2    0.4    3.3    0.00   987.88     0   -0.6    1.3   -995   -995   -995   -995   -995    -995    -995    -995
 KIN2   133   715     69   -1.5    2.4    2.3   297    9.6    0.3    3.4    0.00   987.89     0   -0.6    1.3   -995   -995   -995   -995   -995    -995    -995    -995
 KIN2   133   720     68   -1.5    2.3    2.3   301    7.9    0.4    3.5    0.00   987.92     0   -0.6    1.4    5.5    4.1    4.7    6.8    7.4    1.45    1.56    1.63
 KIN2   133   725     68   -1.7    2.2    2.2   296   10.4    0.4    3.3    0.00   988.00     0   -0.7    1.3   -995   -995   -995   -995   -995    -995    -995    -995
 KIN2   133   730     69   -1.7    2.3    2.3   294   10.1    0.4    3.5    0.00   988.09     0   -0.8    1.4   -995   -995   -995   -995   -995    -995    -995    -995
 KIN2   133   735     69   -1.7    2.1    2.0   292   10.9    0.4    3.3    0.00   988.20     0   -0.8    1.3    5.5    4.0    4.6    6.8    7.4    -995    -995    -995
 KIN2   133   740     69   -1.8    1.8    1.8   288    9.7    0.4    3.1    0.00   988.30     0   -0.9    1.2   -995   -995   -995   -995   -995    -995    -995    -995
 KIN2   133   745     70   -1.9    2.3    2.2   286    9.7    0.4    3.2    0.00   988.34     0   -1.0    1.4   -995   -995   -995   -995   -995    -995    -995    -995
 KIN2   133   750     71   -2.3    2.0    2.0   280    8.3    0.3    2.5    0.00   988.35     0   -1.2    1.2    5.4    4.0    4.6    6.7    7.4    1.45    1.57    1.63
 KIN2   133   755     71   -2.1    1.8    1.8   289    9.9    0.4    2.9    0.00   988.35     0   -1.2    1.0   -995   -995   -995   -995   -995    -995    -995    -995
 KIN2   133   760     71   -2.0    1.6    1.6   294   12.0    0.4    2.3    0.00   988.39     0   -1.2    0.7   -995   -995   -995   -995   -995    -995    -995    -995
 KIN2   133   765     70   -1.8    1.4    1.3   294   11.5    0.3    2.2    0.00   988.47     0   -1.1    0.3    5.4    3.9    4.5    6.7    7.4    -995    -995    -995
 KIN2   133   770     69   -1.7    1.4    1.4   291    6.9    0.3    2.0    0.00   988.50     0   -1.1    0.6   -995   -995   -995   -995   -995    -995    -995    -995
 KIN2   133   775     69   -1.8    1.7    1.7   294    9.4    0.3    2.8    0.00   988.53     1   -1.1    0.9   -995   -995   -995   -995   -995    -995    -995    -995
 KIN2   133   780     69   -1.9    1.9    1.8   300   10.7    0.3    2.7    0.00   988.49     2   -1.2    1.1    5.3    3.8    4.5    6.7    7.4    1.45    1.56    1.63
 KIN2   133   785     70   -2.1    2.0    1.9   314   11.0    0.4    2.7    0.00   988.45     3   -1.2    1.1   -995   -995   -995   -995   -995    -995    -995    -995
 KIN2   133   790     70   -1.9    1.7    1.6   317   11.1    0.3    2.7    0.00   988.51     6   -1.2    0.8   -995   -995   -995   -995   -995    -995    -995    -995
 KIN2   133   795     70   -1.9    1.5    1.4   324   13.5    0.3    2.2    0.00   988.57     9   -1.1    0.7    5.3    3.7    4.4    6.7    7.4    -995    -995    -995
 KIN2   133   800     70   -1.9    0.8    0.8   321   13.1    0.2    1.4    0.00   988.62    18   -1.1    0.0   -995   -995   -995   -995   -995    -995    -995    -995
 KIN2   133   805     70   -1.6    1.1    1.1   320   12.1    0.4    2.5    0.00   988.71    28   -1.0    0.3   -995   -995   -995   -995   -995    -995    -995    -995
 KIN2   133   810     69   -1.6    1.3    1.3   320   17.9    0.4    2.6    0.00   988.81    41   -1.0    0.5    5.2    3.6    4.4    6.6    7.4    1.45    1.56    1.63
 KIN2   133   815     69   -1.5    1.4    1.4   315   12.9    0.3    2.1    0.00   988.92    57   -0.9    0.9   -995   -995   -995   -995   -995    -995    -995    -995
 KIN2   133   820     69   -1.3    1.4    1.3   310   15.1    0.4    2.4    0.00   989.07    75   -0.8    0.5   -995   -995   -995   -995   -995    -995    -995    -995
 KIN2   133   825     69   -1.3    1.0    0.7   193   39.2    0.6    2.1    0.00   989.23    95   -0.7    0.7    5.1    3.5    4.3    6.6    7.3    -995    -995    -995
 KIN2   133   830     76   -2.5    2.8    2.8   188    3.7    0.5    3.4    0.00   989.42   115   -1.7    2.1   -995   -995   -995   -995   -995    -995    -995    -995
 KIN2   133   835     80   -2.2    3.0    3.0   190    2.9    0.3    3.5    0.00   989.64   133   -1.8    1.9   -995   -995   -995   -995   -995    -995    -995    -995
 KIN2   133   840     79   -1.7    2.5    2.5   206    9.7    0.3    3.0    0.00   989.74   150   -1.4    1.7    5.0    3.4    4.2    6.5    7.2    1.45    1.56    1.62
 KIN2   133   845     76   -1.1    1.6    1.6   227    8.5    0.4    2.8    0.00   989.77   167   -0.9    1.2   -995   -995   -995   -995   -995    -995    -995    -995
 KIN2   133   850     72   -0.6    1.3    1.2   263   12.4    0.3    1.9    0.00   989.87   184   -0.5    0.5   -995   -995   -995   -995   -995    -995    -995    -995
 KIN2   133   855     67   -0.2    1.6    1.6   271    8.9    0.3    2.2    0.00   990.03   201   -0.1    1.0    5.0    3.3    4.1    6.4    7.2    -995    -995    -995
 KIN2   133   860     66    0.1    1.7    1.7   266   11.5    0.5    2.6    0.00   990.19   218    0.1    1.2   -995   -995   -995   -995   -995    -995    -995    -995
 KIN2   133   865     65    0.3    1.3    1.2   281   21.3    0.4    2.6    0.00   990.29   235    0.4    0.9   -995   -995   -995   -995   -995    -995    -995    -995
 KIN2   133   870     62    0.7    1.7    1.6   284   17.4    0.5    2.8    0.00   990.42   253    0.7    1.2    4.9    3.2    4.0    6.3    7.1    1.45    1.56    1.62
 KIN2   133   875     63    0.8    1.1    0.9   277   35.7    0.5    2.6    0.00   990.51   271    1.0    1.0   -995   -995   -995   -995   -995    -995    -995    -995
 KIN2   133   880     60    1.1    2.0    2.0   308   11.5    0.5    3.1    0.00   990.53   289    1.1    1.7   -995   -995   -995   -995   -995    -995    -995    -995
 KIN2   133   885     59    1.3    2.5    2.5   326    9.8    0.6    3.6    0.00   990.55   307    1.3    2.1    4.8    3.1    4.0    6.3    7.1    -995    -995    -995
 KIN2   133   890     60    1.6    2.9    2.8   321   13.9    0.6    4.3    0.00   990.49   325    1.5    2.3   -995   -995   -995   -995   -995    -995    -995    -995
 KIN2   133   895     58    1.7    3.2    3.2   321   10.9    0.6    4.6    0.00   990.44   343    1.6    2.6   -995   -995   -995   -995   -995    -995    -995    -995
 KIN2   133   900     58    2.2    3.1    3.0   334   13.6    0.7    4.6    0.00   990.52   360    1.8    2.5    4.8    3.1    4.0    6.3    7.1    1.45    1.57    1.63
 KIN2   133   905     57    2.3    3.3    3.1   342   15.4    0.9    5.2    0.00   990.57   377    2.1    2.8   -995   -995   -995   -995   -995    -995    -995    -995
 KIN2   133   910     55    2.4    3.3    3.2   338   12.7    0.6    4.8    0.00   990.68   394    2.2    2.8   -995   -995   -995   -995   -995    -995    -995    -995
 KIN2   133   915     55    2.7    2.5    2.4   337   17.4    0.8    4.1    0.00   990.73   411    2.5    2.3    4.8    3.1    4.1    6.3    7.2    -995    -995    -995
 KIN2   133   920     54    3.1    2.7    2.6   338   10.6    0.7    4.4    0.00   990.84   428    2.7    2.2   -995   -995   -995   -995   -995    -995    -995    -995
 KIN2   133   925     52    3.1    3.1    3.1   336   10.7    0.6    4.5    0.00   990.89   444    2.6    2.5   -995   -995   -995   -995   -995    -995    -995    -995
 KIN2   133   930     52    3.6    2.9    2.8   353   17.9    0.9    4.6    0.00   990.82   461    3.0    2.5    4.8    3.1    4.2    6.3    7.2    1.46    1.56    1.63
 KIN2   133   935     51    3.8    3.3    3.2     1   12.3    0.6    4.2    0.00   990.75   477    3.2    2.8   -995   -995   -995   -995   -995    -995    -995    -995
 KIN2   133   940     50    3.8    3.8    3.7     8   15.4    0.7    5.2    0.00   990.73   492    3.3    3.3   -995   -995   -995   -995   -995    -995    -995    -995
 KIN2   133   945     49    4.0    3.5    3.5    12   12.9    0.4    4.6    0.00   990.73   508    3.4    3.1    4.8    3.1    4.4    6.3    7.2    -995    -995    -995
 KIN2   133   950     49    4.0    3.2    3.1    17   14.2    0.6    4.6    0.00   990.79   523    3.4    2.7   -995   -995   -995   -995   -995    -995    -995    -995
 KIN2   133   955     49    3.9    3.0    2.9     3   15.4    0.6    4.0    0.00   990.92   537    3.4    2.7   -995   -995   -995   -995   -995    -995    -995    -995
 KIN2   133   960     50    4.1    2.6    2.5    31   12.9    0.5    3.8    0.00   990.85   551    3.6    2.3    4.8    3.3    4.6    6.3    7.3    1.47    1.56    1.63
 KIN2   133   965     49    4.3    2.6    2.4    23   21.4    0.6    3.7    0.00   990.76   565    3.9    2.4   -995   -995   -995   -995   -995    -995    -995    -995
 KIN2   133   970     49    4.2    3.1    3.0    31   14.3    0.4    4.3    0.00   990.71   579    3.6    2.6   -995   -995   -995   -995   -995    -995    -995    -995
 KIN2   133   975     48    4.4    2.4    2.3    32   22.5    0.6    3.5    0.00   990.76   592    3.9    2.1    4.9    3.4    4.8    6.3    7.3    -995    -995    -995
 KIN2   133   980     47    4.9    2.3    2.3    12   16.0    0.7    4.2    0.00   990.87   605    4.4    2.1   -995   -995   -995   -995   -995    -995    -995    -995
 KIN2   133   985     46    5.1    1.6    1.5    11   15.9    0.8    3.1    0.00   990.88   617    4.5    1.4   -995   -995   -995   -995   -995    -995    -995    -995
 KIN2   133   990     43    5.1    2.3    2.2    14   16.3    0.5    3.4    0.00   990.93   630    4.8    1.8    4.9    3.7    5.1    6.3    7.3    1.48    1.56    1.63
 KIN2   133   995     42    5.5    2.5    2.4    13   14.2    0.5    4.0    0.00   990.99   642    5.1    2.1   -995   -995   -995   -995   -995    -995    -995    -995
 KIN2   133  1000     42    5.7    2.1    1.9    45   25.0    0.6    3.4    0.00   991.00   654    5.3    2.0   -995   -995   -995   -995   -995    -995    -995    -995
 KIN2   133  1005     41    5.5    2.6    2.5    20   14.4    0.5    3.8    0.00   990.88   665    4.9    2.1    5.0    4.0    5.3    6.3    7.3    -995    -995    -995
 KIN2   133  1010     42    5.8    2.4    2.3    14   18.0    0.5    3.8    0.00   990.80   676    5.3    2.1   -995   -995   -995   -995   -995    -995    -995    -995
 KIN2   133  1015     41    6.0    2.9    2.8    36   21.0    0.6    4.3    0.00   990.83   686    5.3    2.6   -995   -995   -995   -995   -995    -995    -995    -995
 KIN2   133  1020     40    5.9    3.0    3.0    23   10.7    0.5    4.2    0.00   990.87   695    5.3    2.6    5.1    4.3    5.6    6.3    7.3    1.48    1.56    1.62
 KIN2   133  1025     41    6.1    2.2    2.1    30   19.1    0.6    3.5    0.00   990.93   704    5.6    2.1   -995   -995   -995   -995   -995    -995    -995    -995
 KIN2   133  1030     42    6.3    2.5    2.5    72   11.6    0.5    3.6    0.00   990.89   713    5.7    1.9   -995   -995   -995   -995   -995    -995    -995    -995
 KIN2   133  1035     42    6.3    2.6    2.5    67   15.6    0.8    4.8    0.00   990.89   721    5.6    2.2    5.2    4.7    5.9    6.4    7.4    -995    -995    -995
 KIN2   133  1040     42    6.9    2.0    1.6    30   38.2    0.7    3.8    0.00   990.90   729    6.2    1.7   -995   -995   -995   -995   -995    -995    -995    -995
 KIN2   133  1045     40    6.6    1.7    1.5    44   22.9    1.1    4.1    0.00   990.93   737    6.2    1.3   -995   -995   -995   -995   -995    -995    -995    -995
 KIN2   133  1050     39    7.1    2.5    2.3    65   19.9    0.9    4.5    0.00   990.90   744    6.5    1.9    5.4    5.1    6.2    6.4    7.4    1.47    1.57    1.62
 KIN2   133  1055     36    7.1    3.1    3.0    10   14.4    0.6    4.2    0.00   990.89   751    6.4    2.8   -995   -995   -995   -995   -995    -995    -995    -995
 KIN2   133  1060     35    7.1    1.9    1.9     9   16.3    0.7    3.5    0.00   990.83   759    6.4    1.7   -995   -995   -995   -995   -995    -995    -995    -995
 KIN2   133  1065     34    7.4    2.6    2.5     5   12.6    0.6    3.9    0.00   990.77   764    6.7    2.2    5.5    5.5    6.5    6.4    7.4    -995    -995    -995
 KIN2   133  1070     35    7.6    2.9    2.8    13   13.9    0.8    4.3    0.00   990.65   769    6.8    2.5   -995   -995   -995   -995   -995    -995    -995    -995
 KIN2   133  1075     34    7.8    3.2    3.0     1   17.4    0.5    4.6    0.00   990.56   774    6.9    3.0   -995   -995   -995   -995   -995    -995    -995    -995
 KIN2   133  1080     35    7.5    1.8    1.6     9   26.4    0.6    3.1    0.00   990.59   778    7.2    1.7    5.7    6.0    6.8    6.4    7.4    1.47    1.57    1.63
 KIN2   133  1085     35    7.6    1.1    0.7     7   48.4    0.7    3.1    0.00   990.65   782    7.5    0.9   -995   -995   -995   -995   -995    -995    -995    -995
 KIN2   133  1090     35    7.7    2.9    2.8    67   14.9    0.4    3.8    0.00   990.59   786    7.1    2.3   -995   -995   -995   -995   -995    -995    -995    -995
 KIN2   133  1095     36    8.0    1.8    1.6    81   20.5    0.7    3.2    0.00   990.53   788    7.4    1.4    5.8    6.4    7.1    6.4    7.4    -995    -995    -995
 KIN2   133  1100     35    8.4    1.9    1.4    12   42.0    0.8    4.2    0.00   990.51   792    7.9    1.8   -995   -995   -995   -995   -995    -995    -995    -995
 KIN2   133  1105     34    8.5    2.2    2.0     9   22.5    0.7    3.8    0.00   990.52   794    7.7    1.8   -995   -995   -995   -995   -995    -995    -995    -995
 KIN2   133  1110     35    8.4    2.2    2.1     5   22.3    0.7    3.7    0.00   990.43   795    7.7    1.7    6.0    6.8    7.3    6.4    7.4    1.47    1.56    1.62
 KIN2   133  1115     35    8.2    1.9    1.8   330   23.7    0.7    3.3    0.00   990.47   796    7.7    1.9   -995   -995   -995   -995   -995    -995    -995    -995
 KIN2   133  1120     35    8.5    1.4    0.4   318   68.5    0.7    2.7    0.00   990.47   797    8.2    1.3   -995   -995   -995   -995   -995    -995    -995    -995
 KIN2   133  1125     33    8.3    0.9    0.6    35   44.3    0.6    2.0    0.00   990.46   798    8.1    0.8    6.1    7.2    7.6    6.4    7.4    -995    -995    -995
 KIN2   133  1130     34    8.6    1.5    0.9    30   50.5    0.6    2.6    0.00   990.35   797    8.5    1.0   -995   -995   -995   -995   -995    -995    -995    -995
 KIN2   133  1135     34    8.6    1.5    1.4    39   19.3    0.9    3.9    0.00   990.23   795    8.2    1.4   -995   -995   -995   -995   -995    -995    -995    -995
 KIN2   133  1140     33    8.8    0.9    0.8    64   27.0    0.5    2.0    0.00   990.06   795    8.7    0.8    6.3    7.6    7.8    6.4    7.4    1.47    1.57    1.63
 KIN2   133  1145     32    9.1    1.5    1.2    12   31.4    1.1    3.2    0.00   989.97   793    8.9    1.0   -995   -995   -995   -995   -995    -995    -995    -995
 KIN2   133  1150     30    8.9    2.4    2.3   359   13.3    0.6    4.1    0.00   989.96   791    8.4    2.2   -995   -995   -995   -995   -995    -995    -995    -995
 KIN2   133  1155     31    8.8    1.8    1.5     7   33.4    0.4    2.6    0.00   989.77   788    8.4    1.5    6.5    8.1    8.1    6.4    7.4    -995    -995    -995
 KIN2   133  1160     30    8.6    0.6    0.4   272   38.8    0.3    1.7    0.00   989.64   785    8.9    0.5   -995   -995   -995   -995   -995    -995    -995    -995
 KIN2   133  1165     32    9.2    0.9    0.4   352   60.6    0.6    2.5    0.00   989.52   781    9.5    0.8   -995   -995   -995   -995   -995    -995    -995    -995
 KIN2   133  1170     33    9.4    2.2    2.1   355   16.1    0.6    3.2    0.00   989.47   777    8.9    2.0    6.6    8.5    8.3    6.4    7.4    1.48    1.56    1.64
 KIN2   133  1175     32    9.2    1.7    1.4   338   34.8    0.7    3.2    0.00   989.36   771    8.9    1.6   -995   -995   -995   -995   -995    -995    -995    -995
 KIN2   133  1180     32    9.0    1.4    1.1     2   35.8    0.8    2.7    0.00   989.28   766    8.6    1.5   -995   -995   -995   -995   -995    -995    -995    -995
 KIN2   133  1185     33    9.6    0.9    0.2    94   67.7    0.4    1.8    0.00   989.08   760    9.4    1.0    6.8    8.9    8.6    6.4    7.4    -995    -995    -995
 KIN2   133  1190     33    9.8    1.9    1.7    79   26.1    0.7    3.7    0.00   989.01   754    9.2    1.5   -995   -995   -995   -995   -995    -995    -995    -995
 KIN2   133  1195     32    9.2    2.0    1.9    61   21.2    0.5    2.9    0.00   988.95   746    8.8    2.0   -995   -995   -995   -995   -995    -995    -995    -995
 KIN2   133  1200     33    9.8    1.4    1.2   107   28.3    0.5    3.3    0.00   988.86   738    9.2    1.2    7.0    9.3    8.8    6.5    7.4    1.46    1.57    1.64
 KIN2   133  1205     31    9.5    1.5    1.5    77   18.7    0.3    2.5    0.00   988.83   731    9.1    1.2   -995   -995   -995   -995   -995    -995    -995    -995
 KIN2   133  1210     31    9.9    1.4    1.3    18   23.4    0.6    3.4    0.00   988.84   723    9.5    1.1   -995   -995   -995   -995   -995    -995    -995    -995
 KIN2   133  1215     31   10.1    2.2    2.1     3   21.9    0.6    3.8    0.00   988.83   716    9.6    1.9    7.2    9.7    8.9    6.5    7.4    -995    -995    -995
 KIN2   133  1220     30   10.1    2.0    1.8    23   23.6    0.7    3.3    0.00   988.78   707    9.6    1.8   -995   -995   -995   -995   -995    -995    -995    -995
 KIN2   133  1225     29    9.7    1.7    1.6    41   21.1    0.6    2.7    0.00   988.69   698    9.5    1.4   -995   -995   -995   -995   -995    -995    -995    -995
 KIN2   133  1230     31   10.2    1.7    0.5     8   67.9    0.7    2.7    0.00   988.65   689    9.6    1.4    7.3   10.1    9.0    6.5    7.4    1.46    1.57    1.64
 KIN2   133  1235     29   10.2    1.4    1.4   309   19.9    0.5    2.6    0.00   988.65   681    9.8    1.4   -995   -995   -995   -995   -995    -995    -995    -995
 KIN2   133  1240     30   10.1    2.2    1.9    13   29.8    0.7    3.3    0.00   988.65   671    9.8    1.9   -995   -995   -995   -995   -995    -995    -995    -995
 KIN2   133  1245     30   10.2    1.3    1.1    36   29.7    0.8    3.2    0.00   988.60   661    9.9    1.0    7.5   10.4    9.1    6.6    7.5    -995    -995    -995
 KIN2   133  1250     29    9.9    2.1    2.0    34   14.3    0.4    3.1    0.00   988.56   652    9.5    1.8   -995   -995   -995   -995   -995    -995    -995    -995
 KIN2   133  1255     30   10.2    0.5    0.2    36   61.5    0.5    1.7    0.00   988.56   641   10.2    0.4   -995   -995   -995   -995   -995    -995    -995    -995
 KIN2   133  1260     31   10.2    2.2    2.1    62    9.8    0.4    3.1    0.00   988.54   629    9.8    1.9    7.7   10.7    9.2    6.6    7.5    1.47    1.56    1.64
 KIN2   133  1265     30    9.9    1.4    1.2    33   31.8    0.7    3.2    0.00   988.54   618    9.8    1.0   -995   -995   -995   -995   -995    -995    -995    -995
 KIN2   133  1270     30   10.2    0.8    0.7     0   24.8    0.3    1.5    0.00   988.53   605   10.0    0.4   -995   -995   -995   -995   -995    -995    -995    -995
 KIN2   133  1275     30   10.5    0.8    0.8   359   23.2    0.5    1.9    0.00   988.50   592   10.3    0.7    7.8   11.0    9.2    6.6    7.5    -995    -995    -995
 KIN2   133  1280     30   10.7    0.4    0.2   270   53.7    0.3    1.0    0.00   988.44   576   10.7    0.3   -995   -995   -995   -995   -995    -995    -995    -995
 KIN2   133  1285     29   10.8    0.8    0.7   196   15.1    0.5    1.7    0.00   988.43   562   11.1    0.7   -995   -995   -995   -995   -995    -995    -995    -995
 KIN2   133  1290     29   10.6    1.8    1.7   141   15.4    0.4    2.7    0.00   988.47   550   10.4    1.7    7.9   11.2    9.3    6.6    7.5    1.47    1.58    1.64
 KIN2   133  1295     30   10.5    1.5    1.5   187   15.1    0.4    2.8    0.00   988.52   522   10.3    1.5   -995   -995   -995   -995   -995    -995    -995    -995
 KIN2   133  1300     30   10.3    1.5    1.4   233   25.1    0.5    2.8    0.00   988.53   520   10.3    1.5   -995   -995   -995   -995   -995    -995    -995    -995
 KIN2   133  1305     30   10.6    1.2    0.9    80   39.0    0.7    2.4    0.00   988.53   511   10.6    0.8    8.1   11.4    9.3    6.7    7.5    -995    -995    -995
 KIN2   133  1310     30   10.4    1.1    1.1    69   14.7    0.7    2.7    0.00   988.46   507   10.3    1.0   -995   -995   -995   -995   -995    -995    -995    -995
 KIN2   133  1315     30   10.4    1.0    1.0    32   13.9    0.5    2.1    0.00   988.44   493   10.5    0.9   -995   -995   -995   -995   -995    -995    -995    -995
 KIN2   133  1320     29   10.5    0.7    0.6   360   31.3    0.5    1.8    0.00   988.45   485   10.6    0.5    8.2   11.6    9.4    6.8    7.5    1.46    1.56    1.64
 KIN2   133  1325     30   10.6    1.4    1.3   340   22.3    0.4    2.7    0.00   988.40   471   10.5    1.2   -995   -995   -995   -995   -995    -995    -995    -995
 KIN2   133  1330     30   10.7    0.5    0.4   351   22.2    0.5    1.6    0.00   988.37   436   10.8    0.5   -995   -995   -995   -995   -995    -995    -995    -995
 KIN2   133  1335     29   10.9    0.6    0.4    29   39.9    0.3    1.4    0.00   988.29   392   10.9    0.1    8.2   11.7    9.3    6.8    7.5    -995    -995    -995
 KIN2   133  1340     29   10.9    0.9    0.6   155   45.8    0.3    1.4    0.00   988.34   405   11.2    0.5   -995   -995   -995   -995   -995    -995    -995    -995
 KIN2   133  1345     29   10.7    1.4    1.4    75   17.0    0.4    2.4    0.00   988.33   406   10.7    1.0   -995   -995   -995   -995   -995    -995    -995    -995
 KIN2   133  1350     30   11.0    0.7    0.6   114   26.7    0.4    1.6    0.00   988.29   378   10.9    0.3    8.3   11.8    9.3    6.8    7.5    1.46    1.57    1.65
 KIN2   133  1355     28   11.2    0.5    0.5   119   20.2    0.3    1.1    0.00   988.23   342   11.3    0.3   -995   -995   -995   -995   -995    -995    -995    -995
 KIN2   133  1360     29   10.9    1.7    1.6   132   21.5    0.5    2.6    0.00   988.17   311   10.8    1.4   -995   -995   -995   -995   -995    -995    -995    -995
 KIN2   133  1365     29   10.9    1.2    1.1   130   28.2    0.4    2.8    0.00   988.15   239   10.8    0.7    8.4   11.8    9.3    6.9    7.6    -995    -995    -995
 KIN2   133  1370     30   10.6    1.4    1.3   120   24.1    0.7    2.8    0.00   988.11   209   10.7    1.0   -995   -995   -995   -995   -995    -995    -995    -995
 KIN2   133  1375     30   10.3    1.6    1.5    90   14.6    0.3    2.5    0.00   988.03   190   10.4    1.1   -995   -995   -995   -995   -995    -995    -995    -995
 KIN2   133  1380     30   10.2    2.3    2.2    87    9.5    0.5    3.1    0.00   987.98   160   10.3    1.8    8.5   11.9    9.3    7.0    7.6    1.47    1.57    1.65
 KIN2   133  1385     31   10.1    2.2    2.2    73   12.8    0.3    3.0    0.00   987.99   152   10.2    1.6   -995   -995   -995   -995   -995    -995    -995    -995
 KIN2   133  1390     32   10.1    2.6    2.6    92   11.7    0.3    3.1    0.00   987.95   128   10.2    2.0   -995   -995   -995   -995   -995    -995    -995    -995
 KIN2   133  1395     33   10.0    2.1    2.0    92   13.6    0.2    2.8    0.00   987.95   123   10.2    1.5    8.6   11.9    9.3    7.2    7.7    -995    -995    -995
 KIN2   133  1400     33    9.8    1.9    1.8    63   14.3    0.5    3.3    0.00   987.88   115   10.1    1.3   -995   -995   -995   -995   -995    -995    -995    -995
 KIN2   133  1405     34    9.8    2.9    2.9    73    4.6    0.3    3.6    0.00   987.84   113   10.1    2.0   -995   -995   -995   -995   -995    -995    -995    -995
 KIN2   133  1410     35    9.8    2.3    2.3    73    9.5    0.3    3.0    0.00   987.80   129   10.0    1.6    8.6   11.8    9.2    7.3    7.8    1.47    1.56    1.64
 KIN2   133  1415     35    9.8    2.7    2.7    84    9.1    0.5    3.8    0.00   987.77    91   10.0    1.8   -995   -995   -995   -995   -995    -995    -995    -995
 KIN2   133  1420     36    9.6    3.1    3.1    73    3.9    0.3    3.7    0.00   987.75    81    9.9    2.1   -995   -995   -995   -995   -995    -995    -995    -995
 KIN2   133  1425     36    9.4    3.0    3.0    72    5.7    0.3    3.6    0.00   987.67    68    9.9    2.1    8.6   11.7    9.0    7.3    7.8    -995    -995    -995
 KIN2   133  1430     37    9.3    2.7    2.7    69    5.9    0.5    3.6    0.00   987.64    51    9.8    1.9   -995   -995   -995   -995   -995    -995    -995    -995
 KIN2   133  1435     37    9.2    2.3    2.3    76    4.3    0.4    2.9    0.00   987.67    38    9.7    1.3   -995   -995   -995   -995   -995    -995    -995    -995
</pre>