<pre>  101 ! (c) 2019 Oklahoma Climatological Survey and the Oklahoma Mesonet - all rights reserved
  21 2019 07 27 00 00 00
 STID  STNM  TIME   RELH   TAIR   WSPD   WVEC  WDIR   WDSD   WSSD   WMAX    RAIN     PRES  SRAD   TA9M   WS2M   TS10   TB10   TS05   TS25   TS60    TR05    TR25    TR60
 KIN2   133     0     37   29.4    5.5    5.4   146    8.8    0.9    7.6    0.00   980.33   105   29.5    4.2   28.7   -999   28.7   26.6   24.9    3.81    3.86    3.78
 KIN2   133     5     37   29.3    5.9    5.8   140    9.3    0.9    8.2    0.00   980.35    98   29.4    4.6   -995   -995   -995   -995   -995    -995    -995    -995
 KIN2   133    10     37   29.2    5.8    5.7   141    8.3    1.0    7.9    0.00   980.37    87   29.3    4.7   -995   -995   -995   -995   -995    -995    -995    -995
 KIN2   133    15     37   29.2    6.2    6.1   142    6.8    1.1    8.5    0.00   980.40    82   29.3    5.0   28.7   -999   28.6   26.6   24.9    -995    -995    -995
 KIN2   133    20     37   29.1    5.5    5.4   142    9.2    0.8    7.4    0.00   980.41    79   29.3    4.3   -995   -995   -995   -995   -995    -995    -995    -995
 KIN2   133    25     37   29.1    5.3    5.2   140    8.3    1.1    8.3    0.00   980.43    76   29.2    4.3   -995   -995   -995   -995   -995    -995    -995    -995
 KIN2   133    30     38   29.0    5.0    4.9   140    9.9    0.8    6.8    0.00   980.44    75   29.2    4.0   28.6   -999   28.5   26.6   24.9    3.81    3.86    3.78
 KIN2   133    35     38   28.9    5.3    5.3   146    7.3    0.9    7.4    0.00   980.43    69   29.1    4.0   -995   -995   -995   -995   -995    -995    -995    -995
 KIN2   133    40     38   28.9    5.5    5.5   151    7.7    0.8    7.3    0.00   980.43    62   29.1    4.4   -995   -995   -995   -995   -995    -995    -995    -995
 KIN2   133    45     38   28.8    4.9    4.9   147    7.9    0.8    7.3    0.00   980.43    56   29.0    3.7   28.5   -999   28.4   26.6   24.9    -995    -995    -995
 KIN2   133    50     37   28.8    6.4    6.3   152    6.3    0.7    8.2    0.00   980.41    49   29.0    5.0   -995   -995   -995   -995   -995    -995    -995    -995
 KIN2   133    55     37   28.7    5.4    5.3   153    7.2    1.0    8.3    0.00   980.40    43   29.0    4.1   -995   -995   -995   -995   -995    -995    -995    -995
 KIN2   133    60     38   28.5    5.7    5.6   150    8.3    0.9    7.6    0.00   980.50    43   28.9    4.2   28.5   -999   28.3   26.6   24.9    3.81    3.85    3.80
 KIN2   133    65     39   28.5    5.7    5.6   150    7.1    0.9    7.6    0.00   980.58    32   28.8    4.4   -995   -995   -995   -995   -995    -995    -995    -995
 KIN2   133    70     40   28.4    5.4    5.3   151    8.8    0.8    7.3    0.00   980.65    27   28.6    4.1   -995   -995   -995   -995   -995    -995    -995    -995
 KIN2   133    75     40   28.3    5.2    5.1   154    6.8    0.9    6.9    0.00   980.69    21   28.6    4.0   28.4   -999   28.2   26.7   24.9    -995    -995    -995
 KIN2   133    80     41   28.1    4.6    4.6   154    6.8    0.8    6.3    0.00   980.70    15   28.5    3.5   -995   -995   -995   -995   -995    -995    -995    -995
 KIN2   133    85     41   28.0    5.0    5.0   159    5.9    0.6    6.3    0.00   980.74    11   28.3    3.7   -995   -995   -995   -995   -995    -995    -995    -995
 KIN2   133    90     41   27.9    6.3    6.2   158    6.0    0.7    7.8    0.00   980.73     8   28.2    4.9   28.4   -999   28.1   26.7   24.9    3.81    3.86    3.78
 KIN2   133    95     41   27.7    5.0    5.0   157    7.2    0.8    7.1    0.00   980.77     5   28.1    3.9   -995   -995   -995   -995   -995    -995    -995    -995
 KIN2   133   100     42   27.5    4.6    4.6   156    7.9    0.8    6.9    0.00   980.83     3   27.9    3.5   -995   -995   -995   -995   -995    -995    -995    -995
 KIN2   133   105     42   27.5    5.4    5.4   157    7.5    0.6    6.9    0.00   980.87     2   27.9    4.1   28.3   -999   28.0   26.7   24.9    -995    -995    -995
 KIN2   133   110     42   27.4    4.8    4.8   158    7.6    0.7    6.5    0.00   980.95     1   27.8    3.6   -995   -995   -995   -995   -995    -995    -995    -995
 KIN2   133   115     43   27.2    4.6    4.5   158    7.2    0.7    6.1    0.00   981.02     1   27.6    3.4   -995   -995   -995   -995   -995    -995    -995    -995
 KIN2   133   120     43   27.0    4.7    4.7   158    6.0    0.6    6.0    0.00   981.04     0   27.5    3.4   28.2   -999   27.9   26.7   24.9    3.81    3.86    3.80
 KIN2   133   125     43   26.9    4.5    4.4   155    6.4    0.6    5.8    0.00   981.11     0   27.4    3.2   -995   -995   -995   -995   -995    -995    -995    -995
 KIN2   133   130     43   26.8    4.4    4.3   154    7.4    0.6    5.6    0.00   981.14     0   27.4    3.3   -995   -995   -995   -995   -995    -995    -995    -995
 KIN2   133   135     44   26.6    4.2    4.1   157    6.6    0.5    5.3    0.00   981.15     0   27.2    3.1   28.2   -999   27.8   26.7   24.9    -995    -995    -995
 KIN2   133   140     44   26.6    4.5    4.5   155    6.6    0.5    5.7    0.00   981.16     0   27.1    3.4   -995   -995   -995   -995   -995    -995    -995    -995
 KIN2   133   145     45   26.4    4.2    4.2   158    6.8    0.5    5.3    0.00   981.20     0   26.9    3.0   -995   -995   -995   -995   -995    -995    -995    -995
 KIN2   133   150     46   26.2    3.9    3.9   161    6.7    0.6    5.3    0.00   981.28     0   26.8    2.7   28.1   -999   27.8   26.7   24.9    3.81    3.85    3.78
 KIN2   133   155     47   26.1    4.0    4.0   160    6.1    0.5    5.1    0.00   981.37     0   26.7    3.0   -995   -995   -995   -995   -995    -995    -995    -995
 KIN2   133   160     47   26.1    3.9    3.9   164    5.8    0.5    5.1    0.00   981.42     0   26.6    2.8   -995   -995   -995   -995   -995    -995    -995    -995
 KIN2   133   165     47   26.1    4.0    4.0   162    6.4    0.5    5.2    0.00   981.44     0   26.6    2.9   28.0   -999   27.7   26.7   24.9    -995    -995    -995
 KIN2   133   170     47   26.0    3.9    3.8   160    6.5    0.4    5.3    0.00   981.50     0   26.5    2.9   -995   -995   -995   -995   -995    -995    -995    -995
 KIN2   133   175     48   25.9    3.7    3.7   161    5.2    0.4    4.8    0.00   981.61     0   26.5    2.7   -995   -995   -995   -995   -995    -995    -995    -995
 KIN2   133   180     48   25.7    3.3    3.2   159    7.2    0.4    4.4    0.00   981.71     0   26.4    2.2   28.0   -999   27.6   26.7   24.9    3.82    3.86    3.78
 KIN2   133   185     49   25.6    3.1    3.1   154    7.3    0.4    4.3    0.00   981.80     0   26.2    2.2   -995   -995   -995   -995   -995    -995    -995    -995
 KIN2   133   190     49   25.5    3.3    3.3   157    6.4    0.3    4.1    0.00   981.88     0   26.2    2.4   -995   -995   -995   -995   -995    -995    -995    -995
 KIN2   133   195     50   25.3    3.0    3.0   154    6.3    0.3    3.7    0.00   981.93     0   26.0    2.0   27.9   -999   27.5   26.7   24.9    -995    -995    -995
 KIN2   133   200     51   25.2    3.4    3.3   151    6.4    0.4    4.4    0.00   981.93     0   25.9    2.3   -995   -995   -995   -995   -995    -995    -995    -995
 KIN2   133   205     51   25.1    3.4    3.4   151    6.7    0.3    4.1    0.00   981.90     0   25.8    2.4   -995   -995   -995   -995   -995    -995    -995    -995
 KIN2   133   210     51   25.0    3.2    3.2   154    6.8    0.4    4.7    0.00   981.95     0   25.7    2.3   27.8   -999   27.4   26.7   24.9    3.81    3.86    3.78
 KIN2   133   215     52   24.8    3.4    3.4   159    6.1    0.4    4.2    0.00   981.95     0   25.6    2.4   -995   -995   -995   -995   -995    -995    -995    -995
 KIN2   133   220     53   24.7    3.8    3.8   158    5.2    0.4    4.7    0.00   981.94     0   25.4    2.6   -995   -995   -995   -995   -995    -995    -995    -995
 KIN2   133   225     53   24.6    4.0    3.9   158    4.9    0.4    4.7    0.00   981.98     0   25.2    2.7   27.8   -999   27.3   26.7   24.9    -995    -995    -995
 KIN2   133   230     54   24.4    3.6    3.6   158    6.1    0.4    4.6    0.00   982.04     0   25.1    2.5   -995   -995   -995   -995   -995    -995    -995    -995
 KIN2   133   235     54   24.1    3.3    3.3   161    6.1    0.4    4.3    0.00   982.10     0   25.0    2.1   -995   -995   -995   -995   -995    -995    -995    -995
 KIN2   133   240     55   24.1    3.5    3.5   163    6.6    0.4    4.5    0.00   982.13     0   24.9    2.3   27.7   -999   27.3   26.7   24.9    3.82    3.86    3.80
 KIN2   133   245     55   24.1    4.0    3.9   163    5.5    0.3    4.8    0.00   982.09     0   24.9    2.6   -995   -995   -995   -995   -995    -995    -995    -995
 KIN2   133   250     54   24.2    3.8    3.8   168    5.8    0.5    4.8    0.00   982.15     0   25.0    2.6   -995   -995   -995   -995   -995    -995    -995    -995
 KIN2   133   255     54   24.4    4.2    4.2   167    6.6    0.4    5.3    0.00   982.12     0   25.1    3.0   27.6   -999   27.2   26.7   24.9    -995    -995    -995
 KIN2   133   260     54   24.5    4.4    4.4   168    6.1    0.5    5.5    0.00   982.18     0   25.1    3.2   -995   -995   -995   -995   -995    -995    -995    -995
 KIN2   133   265     54   24.5    4.1    4.1   167    7.3    0.6    5.6    0.00   982.24     0   25.1    3.1   -995   -995   -995   -995   -995    -995    -995    -995
 KIN2   133   270     54   24.5    4.5    4.4   168    7.0    0.8    6.3    0.00   982.28     0   25.1    3.1   27.5   -999   27.1   26.7   24.9    3.83    3.87    3.78
 KIN2   133   275     54   24.3    4.2    4.1   168    8.1    0.6    5.4    0.00   982.32     0   25.0    3.0   -995   -995   -995   -995   -995    -995    -995    -995
 KIN2   133   280     54   24.3    4.6    4.6   169    6.9    0.6    6.3    0.00   982.33     0   24.9    3.4   -995   -995   -995   -995   -995    -995    -995    -995
 KIN2   133   285     54   24.3    4.7    4.7   168    7.5    0.8    6.4    0.00   982.38     0   24.9    3.4   27.5   -999   27.0   26.7   24.9    -995    -995    -995
 KIN2   133   290     54   24.3    4.9    4.9   171    6.0    0.6    5.9    0.00   982.42     0   24.9    3.5   -995   -995   -995   -995   -995    -995    -995    -995
 KIN2   133   295     55   24.2    4.7    4.6   173    6.8    0.6    5.8    0.00   982.45     0   24.8    3.3   -995   -995   -995   -995   -995    -995    -995    -995
 KIN2   133   300     55   24.0    4.3    4.2   176    5.4    0.5    5.2    0.00   982.47     0   24.6    3.0   27.4   -999   26.9   26.6   24.9    3.83    3.86    3.80
 KIN2   133   305     56   23.8    4.3    4.3   178    4.5    0.5    5.6    0.00   982.44     0   24.4    3.0   -995   -995   -995   -995   -995    -995    -995    -995
 KIN2   133   310     57   23.5    4.0    3.9   179    4.7    0.4    4.9    0.00   982.44     0   24.2    2.6   -995   -995   -995   -995   -995    -995    -995    -995
 KIN2   133   315     58   23.1    3.5    3.5   177    4.8    0.3    4.0    0.00   982.40     0   24.0    2.2   27.3   -999   26.9   26.6   24.9    -995    -995    -995
 KIN2   133   320     59   22.9    3.4    3.4   173    5.3    0.3    4.1    0.00   982.34     0   23.8    2.0   -995   -995   -995   -995   -995    -995    -995    -995
 KIN2   133   325     59   23.0    3.5    3.5   171    6.2    0.4    4.3    0.00   982.36     0   23.8    2.1   -995   -995   -995   -995   -995    -995    -995    -995
 KIN2   133   330     59   22.9    3.1    3.0   170    5.6    0.3    3.9    0.00   982.38     0   23.7    1.9   27.3   -999   26.8   26.6   24.9    3.82    3.86    3.78
 KIN2   133   335     60   22.7    3.0    2.9   166    5.7    0.3    3.8    0.00   982.41     0   23.7    1.7   -995   -995   -995   -995   -995    -995    -995    -995
 KIN2   133   340     60   22.6    2.9    2.9   162    4.9    0.2    3.5    0.00   982.41     0   23.6    1.7   -995   -995   -995   -995   -995    -995    -995    -995
 KIN2   133   345     61   22.5    2.8    2.8   160    5.8    0.3    3.5    0.00   982.39     0   23.4    1.7   27.2   -999   26.8   26.6   24.9    -995    -995    -995
 KIN2   133   350     62   22.4    2.8    2.8   157    6.2    0.3    3.6    0.00   982.33     0   23.3    1.7   -995   -995   -995   -995   -995    -995    -995    -995
 KIN2   133   355     62   22.4    3.1    3.0   157    7.1    0.4    4.1    0.00   982.25     0   23.3    2.0   -995   -995   -995   -995   -995    -995    -995    -995
 KIN2   133   360     61   22.5    3.1    3.1   156    7.4    0.4    4.2    0.00   982.18     0   23.3    2.0   27.2   -999   26.7   26.6   24.9    3.83    3.87    3.80
 KIN2   133   365     61   22.4    3.0    3.0   154    6.4    0.4    3.9    0.00   982.18     0   23.3    1.9   -995   -995   -995   -995   -995    -995    -995    -995
 KIN2   133   370     61   22.5    3.0    3.0   156    7.3    0.4    3.8    0.00   982.16     0   23.3    2.0   -995   -995   -995   -995   -995    -995    -995    -995
 KIN2   133   375     61   22.4    3.0    3.0   160    6.2    0.3    3.6    0.00   982.13     0   23.2    2.0   27.1   -999   26.6   26.6   24.9    -995    -995    -995
 KIN2   133   380     61   22.3    2.5    2.5   160    7.2    0.3    3.1    0.00   982.13     0   23.2    1.6   -995   -995   -995   -995   -995    -995    -995    -995
 KIN2   133   385     61   22.2    2.5    2.5   163    6.4    0.4    3.7    0.00   982.15     0   23.1    1.4   -995   -995   -995   -995   -995    -995    -995    -995
 KIN2   133   390     62   22.0    2.7    2.7   161    6.6    0.3    3.4    0.00   982.11     0   23.0    1.5   27.0   -999   26.5   26.6   24.9    3.82    3.85    3.78
 KIN2   133   395     62   22.0    2.6    2.6   168    5.7    0.3    3.3    0.00   982.03     0   22.9    1.7   -995   -995   -995   -995   -995    -995    -995    -995
 KIN2   133   400     62   21.8    2.7    2.7   175    7.2    0.3    3.9    0.00   982.05     0   22.8    1.6   -995   -995   -995   -995   -995    -995    -995    -995
 KIN2   133   405     65   20.8    1.7    1.5   239   26.6    0.3    2.5    0.00   982.10     0   22.0    1.2   27.0   -999   26.5   26.6   24.9    -995    -995    -995
 KIN2   133   410     69   20.4    1.9    1.9   234   15.2    0.2    2.4    0.00   982.05     0   21.7    1.2   -995   -995   -995   -995   -995    -995    -995    -995
 KIN2   133   415     66   21.0    1.9    1.9   207    9.9    0.2    2.4    0.00   982.03     0   21.9    0.8   -995   -995   -995   -995   -995    -995    -995    -995
 KIN2   133   420     66   21.0    1.7    1.7   200    4.7    0.1    2.1    0.00   981.99     0   21.9    0.9   26.9   -999   26.4   26.6   25.0    3.83    3.87    3.81
 KIN2   133   425     66   20.8    1.5    1.5   195    7.4    0.1    1.7    0.00   981.93     0   21.5    0.8   -995   -995   -995   -995   -995    -995    -995    -995
 KIN2   133   430     68   20.2    1.8    1.8   175    8.0    0.2    2.4    0.00   981.89     0   21.5    0.7   -995   -995   -995   -995   -995    -995    -995    -995
 KIN2   133   435     68   20.5    1.8    1.8   179    5.5    0.1    2.2    0.00   981.89     0   21.7    1.0   26.9   -999   26.4   26.6   25.0    -995    -995    -995
 KIN2   133   440     66   20.7    1.7    1.7   182    8.0    0.2    2.3    0.00   981.96     0   21.7    0.5   -995   -995   -995   -995   -995    -995    -995    -995
 KIN2   133   445     69   20.1    1.3    1.2   182   11.4    0.2    1.8    0.00   981.96     0   21.7    0.1   -995   -995   -995   -995   -995    -995    -995    -995
 KIN2   133   450     70   20.0    0.7    0.7   193   12.6    0.2    1.4    0.00   981.99     0   21.6    0.1   26.8   -999   26.3   26.6   25.0    3.83    3.87    3.80
 KIN2   133   455     71   19.8    0.4    0.4   181   13.8    0.1    0.6    0.00   981.97     0   21.5    0.0   -995   -995   -995   -995   -995    -995    -995    -995
 KIN2   133   460     72   19.8    0.3    0.3   157    9.2    0.2    0.8    0.00   981.97     0   21.3    0.0   -995   -995   -995   -995   -995    -995    -995    -995
 KIN2   133   465     72   19.9    0.4    0.4   167   11.7    0.2    1.1    0.00   981.95     0   21.2    0.0   26.8   -999   26.2   26.5   25.0    -995    -995    -995
 KIN2   133   470     72   19.7    0.5    0.5   170    8.5    0.1    1.0    0.00   981.95     0   21.2    0.0   -995   -995   -995   -995   -995    -995    -995    -995
 KIN2   133   475     73   19.3    0.6    0.6   173    7.3    0.1    0.9    0.00   981.90     0   21.1    0.0   -995   -995   -995   -995   -995    -995    -995    -995
 KIN2   133   480     76   18.8    0.8    0.8   165    9.6    0.1    1.2    0.00   981.88     0   21.1    0.0   26.7   -999   26.2   26.5   25.0    3.83    3.86    3.80
 KIN2   133   485     76   19.2    1.3    1.3   165   11.7    0.2    2.1    0.00   981.83     0   21.2    0.1   -995   -995   -995   -995   -995    -995    -995    -995
 KIN2   133   490     71   20.0    2.3    2.3   173    4.3    0.4    3.3    0.00   981.79     0   21.5    1.0   -995   -995   -995   -995   -995    -995    -995    -995
 KIN2   133   495     69   20.1    2.4    2.4   179    3.7    0.2    2.9    0.00   981.75     0   21.7    1.2   26.6   -999   26.1   26.5   25.0    -995    -995    -995
 KIN2   133   500     69   19.8    2.3    2.3   178    2.7    0.1    2.5    0.00   981.74     0   21.5    1.0   -995   -995   -995   -995   -995    -995    -995    -995
 KIN2   133   505     69   19.8    1.8    1.8   182    2.8    0.2    2.3    0.00   981.78     0   21.2    0.9   -995   -995   -995   -995   -995    -995    -995    -995
 KIN2   133   510     68   20.1    1.8    1.8   197    8.8    0.2    2.2    0.00   981.75     0   20.9    1.0   26.6   -999   26.0   26.5   25.0    3.83    3.87    3.80
 KIN2   133   515     70   20.0    2.1    2.0   203    8.0    0.2    2.5    0.00   981.68     0   20.7    1.2   -995   -995   -995   -995   -995    -995    -995    -995
 KIN2   133   520     70   20.0    2.2    2.2   206    6.3    0.2    2.7    0.00   981.65     0   20.7    1.2   -995   -995   -995   -995   -995    -995    -995    -995
 KIN2   133   525     70   20.0    2.2    2.1   213    7.6    0.1    2.6    0.00   981.65     0   20.7    1.0   26.5   -999   25.9   26.4   24.9    -995    -995    -995
 KIN2   133   530     71   19.8    2.0    2.0   212    5.9    0.1    2.3    0.00   981.70     0   20.6    0.6   -995   -995   -995   -995   -995    -995    -995    -995
 KIN2   133   535     71   20.0    2.1    2.1   209    5.0    0.1    2.4    0.00   981.70     0   20.7    1.0   -995   -995   -995   -995   -995    -995    -995    -995
 KIN2   133   540     71   19.7    1.9    1.9   191    5.1    0.1    2.3    0.00   981.69     0   20.6    1.0   26.4   -999   25.8   26.4   24.9    3.83    3.86    3.80
 KIN2   133   545     72   19.7    1.8    1.8   189    2.0    0.1    2.0    0.00   981.72     0   20.6    1.1   -995   -995   -995   -995   -995    -995    -995    -995
 KIN2   133   550     71   19.8    1.7    1.7   185    2.1    0.1    1.9    0.00   981.79     0   20.7    0.8   -995   -995   -995   -995   -995    -995    -995    -995
 KIN2   133   555     71   20.0    1.6    1.6   191    4.5    0.1    2.1    0.00   981.86     0   20.9    0.8   26.4   -999   25.8   26.3   24.9    -995    -995    -995
 KIN2   133   560     70   20.0    1.5    1.5   200    3.8    0.1    1.8    0.00   981.97     0   21.0    0.4   -995   -995   -995   -995   -995    -995    -995    -995
 KIN2   133   565     71   19.9    1.4    1.4   195    4.5    0.1    1.7    0.00   981.99     0   20.7    0.3   -995   -995   -995   -995   -995    -995    -995    -995
 KIN2   133   570     71   19.7    1.7    1.7   197    2.2    0.1    2.0    0.00   981.98     0   20.8    1.2   26.3   -999   25.7   26.3   24.9    3.84    3.86    3.78
 KIN2   133   575     72   19.6    2.0    2.0   201    3.3    0.1    2.3    0.00   982.00     0   20.8    1.2   -995   -995   -995   -995   -995    -995    -995    -995
 KIN2   133   580     72   19.5    2.4    2.4   196    2.9    0.2    2.8    0.00   982.02     0   20.9    1.4   -995   -995   -995   -995   -995    -995    -995    -995
 KIN2   133   585     74   19.0    3.0    3.0   194    1.9    0.3    3.5    0.00   982.00     0   20.8    1.7   26.2   -999   25.7   26.3   24.9    -995    -995    -995
 KIN2   133   590     75   18.8    3.6    3.6   194    1.5    0.1    3.8    0.00   981.97     0   20.7    1.8   -995   -995   -995   -995   -995    -995    -995    -995
 KIN2   133   595     75   18.6    3.3    3.3   188    2.1    0.2    3.7    0.00   982.01     0   20.2    1.5   -995   -995   -995   -995   -995    -995    -995    -995
 KIN2   133   600     76   18.5    2.7    2.7   189    2.4    0.3    3.2    0.00   982.02     0   20.1    1.3   26.2   -999   25.6   26.3   24.9    3.83    3.86    3.80
 KIN2   133   605     76   18.0    2.0    2.0   183    0.9    0.1    2.3    0.00   982.01     0   19.7    0.1   -995   -995   -995   -995   -995    -995    -995    -995
 KIN2   133   610     77   18.0    1.9    1.9   183    1.6    0.0    2.0    0.00   982.01     0   19.6    0.0   -995   -995   -995   -995   -995    -995    -995    -995
 KIN2   133   615     75   18.6    1.9    1.9   192    2.5    0.1    2.0    0.00   982.09     0   19.8    0.5   26.1   -999   25.6   26.3   25.0    -995    -995    -995
 KIN2   133   620     75   18.8    1.7    1.7   194    2.0    0.1    1.8    0.00   982.19     0   19.9    1.0   -995   -995   -995   -995   -995    -995    -995    -995
 KIN2   133   625     76   18.5    1.8    1.7   197    4.7    0.1    1.9    0.00   982.23     0   19.7    0.8   -995   -995   -995   -995   -995    -995    -995    -995
 KIN2   133   630     76   18.4    1.3    1.3   218   10.7    0.2    1.7    0.00   982.23     0   19.4    0.4   26.1   -999   25.5   26.3   25.0    3.84    3.86    3.80
 KIN2   133   635     77   18.3    1.2    1.2   216    7.2    0.1    1.6    0.00   982.26     0   19.2    0.1   -995   -995   -995   -995   -995    -995    -995    -995
 KIN2   133   640     78   18.3    1.1    1.1   213    6.2    0.1    1.3    0.00   982.33     0   19.0    0.0   -995   -995   -995   -995   -995    -995    -995    -995
 KIN2   133   645     78   18.2    1.2    1.2   200    6.1    0.1    1.4    0.00   982.32     0   19.0    0.0   26.1   -999   25.5   26.2   25.0    -995    -995    -995
 KIN2   133   650     78   18.1    1.6    1.6   189    1.5    0.2    1.9    0.00   982.34     0   19.0    0.6   -995   -995   -995   -995   -995    -995    -995    -995
 KIN2   133   655     79   17.9    1.7    1.7   187    1.3    0.1    1.9    0.00   982.41     0   19.0    0.4   -995   -995   -995   -995   -995    -995    -995    -995
 KIN2   133   660     78   18.0    1.4    1.4   183    1.8    0.1    1.7    0.00   982.44     0   18.9    0.4   26.0   -999   25.4   26.2   25.0    3.84    3.87    3.78
 KIN2   133   665     78   17.7    1.1    1.1   169    7.1    0.1    1.4    0.00   982.45     0   18.9    0.0   -995   -995   -995   -995   -995    -995    -995    -995
 KIN2   133   670     79   17.4    1.1    1.1   155    3.4    0.1    1.3    0.00   982.48     0   18.8    0.0   -995   -995   -995   -995   -995    -995    -995    -995
 KIN2   133   675     79   17.4    1.1    1.1   148    3.8    0.1    1.3    0.00   982.52     0   18.5    0.0   26.0   -999   25.4   26.2   25.0    -995    -995    -995
 KIN2   133   680     79   17.4    1.4    1.4   158    4.5    0.2    1.9    0.00   982.56     0   18.5    0.0   -995   -995   -995   -995   -995    -995    -995    -995
 KIN2   133   685     79   17.5    2.2    2.2   165    3.0    0.2    2.5    0.00   982.59     1   18.7    0.3   -995   -995   -995   -995   -995    -995    -995    -995
 KIN2   133   690     79   17.5    2.0    2.0   169    2.2    0.2    2.4    0.00   982.63     2   18.9    0.2   25.9   -999   25.3   26.2   25.0    3.84    3.87    3.78
 KIN2   133   695     78   17.7    1.7    1.7   162    3.8    0.2    2.0    0.00   982.66     4   18.8    0.0   -995   -995   -995   -995   -995    -995    -995    -995
 KIN2   133   700     78   17.9    1.3    1.3   146    6.2    0.1    1.7    0.00   982.71     6   18.8    0.0   -995   -995   -995   -995   -995    -995    -995    -995
 KIN2   133   705     79   17.9    1.0    1.0   159   10.5    0.2    1.3    0.00   982.74     9   18.6    0.0   25.8   -999   25.2   26.1   25.0    -995    -995    -995
 KIN2   133   710     79   17.8    0.9    0.9   156    9.0    0.2    1.4    0.00   982.78    16   18.6    0.0   -995   -995   -995   -995   -995    -995    -995    -995
 KIN2   133   715     80   18.0    1.1    1.1   167    8.2    0.2    1.5    0.00   982.79    23   18.6    0.0   -995   -995   -995   -995   -995    -995    -995    -995
 KIN2   133   720     80   18.1    1.2    1.1   167   10.7    0.2    1.5    0.00   982.80    31   18.6    0.2   25.8   -999   25.1   26.1   24.9    3.84    3.86    3.78
 KIN2   133   725     80   18.1    1.4    1.4   151    8.6    0.2    2.0    0.00   982.86    40   18.8    0.0   -995   -995   -995   -995   -995    -995    -995    -995
 KIN2   133   730     80   18.3    1.9    1.9   146    8.3    0.3    2.7    0.00   982.88    53   19.1    0.7   -995   -995   -995   -995   -995    -995    -995    -995
 KIN2   133   735     79   18.9    1.8    1.8   142    9.1    0.4    3.0    0.00   982.89    69   19.4    1.0   25.7   -999   25.0   26.0   24.9    -995    -995    -995
 KIN2   133   740     77   19.1    2.4    2.4   145    7.9    0.4    3.2    0.00   982.93    83   19.6    1.5   -995   -995   -995   -995   -995    -995    -995    -995
 KIN2   133   745     76   19.4    2.5    2.5   150    9.6    0.4    3.4    0.00   983.01    98   19.8    1.8   -995   -995   -995   -995   -995    -995    -995    -995
 KIN2   133   750     75   19.6    2.7    2.7   149    6.0    0.3    3.9    0.00   983.04   112   19.9    2.1   25.5   -999   24.9   25.9   24.8    3.85    3.87    3.80
 KIN2   133   755     75   19.8    2.6    2.6   145    7.9    0.4    3.5    0.00   983.07   126   20.1    1.8   -995   -995   -995   -995   -995    -995    -995    -995
 KIN2   133   760     74   20.1    2.0    1.9   148   10.6    0.4    2.8    0.00   983.14   141   20.3    1.5   -995   -995   -995   -995   -995    -995    -995    -995
 KIN2   133   765     72   20.3    2.3    2.3   153    9.9    0.5    3.3    0.00   983.21   156   20.4    1.8   25.5   -999   24.9   25.9   24.8    -995    -995    -995
 KIN2   133   770     71   20.6    2.3    2.2   158   12.0    0.4    3.4    0.00   983.31   171   20.6    1.9   -995   -995   -995   -995   -995    -995    -995    -995
 KIN2   133   775     70   20.9    2.5    2.4   156    8.2    0.5    3.6    0.00   983.35   186   20.8    2.0   -995   -995   -995   -995   -995    -995    -995    -995
 KIN2   133   780     69   21.1    2.6    2.6   160   10.1    0.3    3.3    0.00   983.34   201   21.1    2.2   25.4   -999   24.9   25.8   24.7    3.85    3.87    3.80
 KIN2   133   785     68   21.5    2.7    2.6   166   11.1    0.5    3.7    0.00   983.37   217   21.4    2.2   -995   -995   -995   -995   -995    -995    -995    -995
 KIN2   133   790     67   21.7    3.1    3.1   162    8.5    0.4    3.9    0.00   983.38   233   21.6    2.7   -995   -995   -995   -995   -995    -995    -995    -995
 KIN2   133   795     66   22.1    3.2    3.2   161    8.5    0.4    4.1    0.00   983.39   250   21.9    2.6   25.3   -999   24.9   25.8   24.7    -995    -995    -995
 KIN2   133   800     65   22.5    3.9    3.9   167    7.3    0.5    5.0    0.00   983.37   266   22.1    3.2   -995   -995   -995   -995   -995    -995    -995    -995
 KIN2   133   805     64   22.9    3.5    3.4   165    9.0    0.5    4.4    0.00   983.39   283   22.5    2.9   -995   -995   -995   -995   -995    -995    -995    -995
 KIN2   133   810     62   23.2    3.8    3.8   161    7.3    0.6    4.9    0.00   983.39   300   22.9    3.2   25.3   -999   24.9   25.7   24.7    3.85    3.87    3.80
 KIN2   133   815     61   23.6    4.3    4.3   166    6.1    0.8    6.2    0.00   983.38   318   23.1    3.5   -995   -995   -995   -995   -995    -995    -995    -995
 KIN2   133   820     59   23.9    4.7    4.6   171    8.1    0.7    6.6    0.00   983.40   335   23.4    3.8   -995   -995   -995   -995   -995    -995    -995    -995
 KIN2   133   825     58   24.1    5.3    5.2   168    7.4    0.6    6.8    0.00   983.44   352   23.6    4.3   25.2   -999   25.0   25.7   24.7    -995    -995    -995
 KIN2   133   830     57   24.5    4.5    4.5   168    9.1    0.6    5.9    0.00   983.47   369   24.0    3.7   -995   -995   -995   -995   -995    -995    -995    -995
 KIN2   133   835     56   24.8    5.3    5.3   176    7.5    0.7    6.8    0.00   983.48   387   24.1    4.3   -995   -995   -995   -995   -995    -995    -995    -995
 KIN2   133   840     54   25.3    4.8    4.8   170    9.2    0.7    6.6    0.00   983.52   405   24.8    4.0   25.2   -999   25.0   25.7   24.7    3.84    3.87    3.80
 KIN2   133   845     53   25.5    5.4    5.4   167    8.1    0.7    7.4    0.00   983.53   422   24.9    4.3   -995   -995   -995   -995   -995    -995    -995    -995
 KIN2   133   850     53   25.8    5.2    5.2   168    9.1    0.6    6.3    0.00   983.47   438   25.2    4.3   -995   -995   -995   -995   -995    -995    -995    -995
 KIN2   133   855     52   26.2    6.2    6.1   172    8.8    0.8    8.4    0.00   983.44   455   25.5    4.9   25.2   -999   25.1   25.7   24.7    -995    -995    -995
 KIN2   133   860     51   26.5    5.8    5.7   170    8.7    0.7    7.5    0.00   983.40   472   25.8    4.5   -995   -995   -995   -995   -995    -995    -995    -995
 KIN2   133   865     51   26.7    6.2    6.1   167    9.8    0.8    7.7    0.00   983.37   488   26.0    4.8   -995   -995   -995   -995   -995    -995    -995    -995
 KIN2   133   870     50   27.0    6.6    6.5   176    8.2    0.8    8.7    0.00   983.29   505   26.1    5.2   25.2   -999   25.2   25.6   24.7    3.84    3.86    3.78
 KIN2   133   875     49   27.2    6.5    6.3   175   12.3    0.9    8.2    0.00   983.29   522   26.4    5.3   -995   -995   -995   -995   -995    -995    -995    -995
 KIN2   133   880     49   27.3    7.1    7.0   174    9.2    1.1    8.9    0.00   983.22   537   26.4    5.7   -995   -995   -995   -995   -995    -995    -995    -995
 KIN2   133   885     49   27.5    6.7    6.6   178    9.6    0.9    8.9    0.00   983.22   553   26.6    5.3   25.2   -999   25.3   25.6   24.7    -995    -995    -995
 KIN2   133   890     48   27.8    7.0    7.0   178    7.8    0.9    9.3    0.00   983.20   533   26.8    5.6   -995   -995   -995   -995   -995    -995    -995    -995
 KIN2   133   895     48   28.1    6.2    6.2   176    8.7    0.9    8.3    0.00   983.14   567   27.1    5.1   -995   -995   -995   -995   -995    -995    -995    -995
 KIN2   133   900     47   28.5    6.3    6.3   174    8.5    0.9    8.3    0.00   983.11   598   27.4    5.2   25.3   -999   25.4   25.6   24.8    3.84    3.87    3.78
 KIN2   133   905     46   28.3    7.1    7.0   181   10.0    1.0    9.9    0.00   983.03   612   27.3    5.8   -995   -995   -995   -995   -995    -995    -995    -995
 KIN2   133   910     47   28.4    6.6    6.5   176    8.4    0.8    8.4    0.00   983.05   628   27.3    5.4   -995   -995   -995   -995   -995    -995    -995    -995
 KIN2   133   915     46   28.8    6.2    6.1   174   10.5    0.9    8.2    0.00   983.07   643   27.7    5.2   25.3   -999   25.6   25.6   24.8    -995    -995    -995
 KIN2   133   920     45   29.2    6.0    6.0   173    9.2    0.8    7.6    0.00   983.05   656   28.1    5.1   -995   -995   -995   -995   -995    -995    -995    -995
 KIN2   133   925     43   29.4    6.9    6.8   190    7.1    1.1    9.8    0.00   982.98   672   28.1    5.5   -995   -995   -995   -995   -995    -995    -995    -995
 KIN2   133   930     43   29.3    7.3    7.2   175    7.7    1.0    9.4    0.00   982.99   688   27.9    5.8   25.4   -999   25.7   25.6   24.8    3.83    3.87    3.80
 KIN2   133   935     43   29.4    7.5    7.5   176    6.7    1.3   10.0    0.00   982.92   702   28.0    6.0   -995   -995   -995   -995   -995    -995    -995    -995
 KIN2   133   940     43   29.4    7.8    7.7   178    6.2    0.9   10.1    0.00   982.91   714   28.0    6.3   -995   -995   -995   -995   -995    -995    -995    -995
 KIN2   133   945     43   29.5    7.4    7.3   167   11.0    1.1    9.8    0.00   982.95   726   28.3    6.0   25.4   -999   25.8   25.6   24.8    -995    -995    -995
 KIN2   133   950     42   29.9    7.1    7.0   183    8.7    1.4    9.8    0.00   983.01   739   28.5    5.7   -995   -995   -995   -995   -995    -995    -995    -995
 KIN2   133   955     41   30.3    6.7    6.6   180   11.3    1.2    9.4    0.00   982.99   752   28.9    5.5   -995   -995   -995   -995   -995    -995    -995    -995
 KIN2   133   960     40   30.3    6.6    6.5   178   10.4    0.9    8.7    0.00   983.05   764   28.9    5.2   25.5   -999   26.0   25.6   24.8    3.84    3.86    3.78
 KIN2   133   965     40   30.4    7.3    7.2   180    8.5    1.3   10.2    0.00   983.02   775   28.9    5.9   -995   -995   -995   -995   -995    -995    -995    -995
 KIN2   133   970     39   30.6    7.8    7.7   184   10.6    0.9    9.6    0.00   983.02   788   29.0    6.1   -995   -995   -995   -995   -995    -995    -995    -995
 KIN2   133   975     39   30.8    6.2    6.0   185   15.4    1.7   10.8    0.00   983.00   798   29.4    5.2   25.6   -999   26.1   25.6   24.8    -995    -995    -995
 KIN2   133   980     38   31.1    7.5    7.4   180    7.7    1.6   10.2    0.00   982.93   811   29.5    6.1   -995   -995   -995   -995   -995    -995    -995    -995
 KIN2   133   985     38   31.1    6.8    6.6   185   10.1    1.6   11.3    0.00   982.91   820   29.7    5.7   -995   -995   -995   -995   -995    -995    -995    -995
 KIN2   133   990     38   31.1    7.5    7.4   174   11.6    1.4   10.3    0.00   982.84   832   29.7    6.1   25.6   -999   26.3   25.6   24.8    3.82    3.86    3.78
 KIN2   133   995     37   31.2    7.7    7.7   184    7.3    1.1   10.4    0.00   982.81   841   29.6    6.4   -995   -995   -995   -995   -995    -995    -995    -995
 KIN2   133  1000     38   31.2    6.5    6.3   186   10.5    1.5    9.3    0.00   982.79   850   29.8    5.4   -995   -995   -995   -995   -995    -995    -995    -995
 KIN2   133  1005     36   31.7    7.2    7.1   188    9.8    1.2    9.5    0.00   982.80   859   30.0    5.8   25.7   -999   26.4   25.6   24.9    -995    -995    -995
 KIN2   133  1010     36   31.9    5.8    5.7   202   11.1    1.3    8.5    0.00   982.75   867   30.2    4.8   -995   -995   -995   -995   -995    -995    -995    -995
 KIN2   133  1015     36   31.8    6.4    6.3   188   12.4    1.6    9.7    0.00   982.67   876   30.3    5.4   -995   -995   -995   -995   -995    -995    -995    -995
 KIN2   133  1020     36   31.7    6.7    6.7   187    7.6    1.2    9.3    0.00   982.61   883   30.1    5.5   25.8   -999   26.6   25.6   24.9    3.83    3.86    3.80
 KIN2   133  1025     36   31.9    6.3    6.0   188   15.1    1.4    9.9    0.00   982.53   892   30.2    5.1   -995   -995   -995   -995   -995    -995    -995    -995
 KIN2   133  1030     36   31.8    7.0    7.0   172    7.8    1.0    9.5    0.00   982.46   902   30.2    5.8   -995   -995   -995   -995   -995    -995    -995    -995
 KIN2   133  1035     35   32.2    7.2    7.1   193   10.0    1.2    9.7    0.00   982.42   908   30.5    5.8   26.0   -999   26.8   25.6   24.9    -995    -995    -995
 KIN2   133  1040     35   31.9    6.9    6.6   194   15.3    1.3    9.9    0.00   982.35   912   30.4    5.7   -995   -995   -995   -995   -995    -995    -995    -995
 KIN2   133  1045     35   32.1    6.9    6.7   180   14.1    1.2    9.8    0.00   982.34   928   30.5    5.8   -995   -995   -995   -995   -995    -995    -995    -995
 KIN2   133  1050     35   32.1    5.8    5.7   171   12.1    1.2    8.4    0.00   982.33   936   30.6    4.8   26.1   -999   27.0   25.7   24.9    3.83    3.86    3.80
 KIN2   133  1055     34   32.5    6.5    6.4   198    9.5    1.2    9.4    0.00   982.33   909   30.7    5.4   -995   -995   -995   -995   -995    -995    -995    -995
 KIN2   133  1060     35   32.4    5.6    5.3   204   17.3    1.1    8.2    0.00   982.26   773   30.8    4.4   -995   -995   -995   -995   -995    -995    -995    -995
 KIN2   133  1065     35   32.2    5.4    5.2   184   12.2    1.7    9.4    0.00   982.24   894   30.8    4.5   26.3   -999   27.3   25.7   24.9    -995    -995    -995
 KIN2   133  1070     34   32.8    5.9    5.7   183   13.9    1.3    9.1    0.00   982.17  1003   31.0    4.8   -995   -995   -995   -995   -995    -995    -995    -995
 KIN2   133  1075     34   32.9    6.5    6.3   197   11.7    0.9    8.8    0.00   982.11  1050   30.9    5.2   -995   -995   -995   -995   -995    -995    -995    -995
 KIN2   133  1080     33   33.3    6.3    6.1   213   14.1    1.3    9.8    0.00   982.10   999   31.3    5.1   26.4   -999   27.4   25.7   24.9    3.82    3.86    3.80
 KIN2   133  1085     32   32.9    6.1    6.0   206    9.7    1.3    8.4    0.00   982.08  1078   31.1    5.1   -995   -995   -995   -995   -995    -995    -995    -995
 KIN2   133  1090     35   32.6    5.5    4.9   202   26.2    1.4   11.0    0.00   982.02   788   31.0    4.4   -995   -995   -995   -995   -995    -995    -995    -995
 KIN2   133  1095     33   32.9    6.8    6.7   205    9.1    1.0    9.1    0.00   982.02   712   31.3    5.5   26.6   -999   27.6   25.7   24.9    -995    -995    -995
 KIN2   133  1100     33   32.9    4.7    4.6   211   10.0    1.3    7.8    0.00   981.99  1111   31.1    3.9   -995   -995   -995   -995   -995    -995    -995    -995
 KIN2   133  1105     33   33.4    5.5    5.4   184   13.9    1.9    8.8    0.00   981.89  1066   31.7    4.8   -995   -995   -995   -995   -995    -995    -995    -995
 KIN2   133  1110     33   32.7    4.0    3.9   169   14.6    1.7    7.3    0.00   981.84   946   31.2    3.5   26.8   -999   27.8   25.7   24.9    3.81    3.86    3.78
 KIN2   133  1115     34   33.3    6.2    6.0   197   14.8    1.6    8.8    0.00   981.75  1032   31.6    5.1   -995   -995   -995   -995   -995    -995    -995    -995
 KIN2   133  1120     34   33.0    4.8    4.5   170   17.2    1.1    7.0    0.00   981.71   979   31.6    4.0   -995   -995   -995   -995   -995    -995    -995    -995
 KIN2   133  1125     33   33.9    4.5    4.3   186   18.2    1.6    9.2    0.00   981.65   907   32.2    3.8   27.0   -999   28.0   25.7   24.9    -995    -995    -995
 KIN2   133  1130     33   33.0    5.8    5.8   190    9.7    1.7    9.5    0.00   981.58   507   31.4    4.7   -995   -995   -995   -995   -995    -995    -995    -995
 KIN2   133  1135     33   33.1    6.5    6.4   188   11.4    1.1    9.7    0.00   981.52   554   31.5    5.3   -995   -995   -995   -995   -995    -995    -995    -995
 KIN2   133  1140     33   33.0    6.0    5.8   179   13.1    0.8    8.5    0.00   981.43   484   31.6    4.9   27.2   -999   28.2   25.8   24.9    3.81    3.87    3.78
 KIN2   133  1145     33   33.2    5.9    5.6   178   17.3    2.0   10.8    0.00   981.31   802   31.8    4.9   -995   -995   -995   -995   -995    -995    -995    -995
 KIN2   133  1150     32   33.6    5.1    5.0   200   12.6    1.7    8.0    0.00   981.21   848   32.0    4.1   -995   -995   -995   -995   -995    -995    -995    -995
 KIN2   133  1155     31   33.1    5.1    5.0   198   10.3    1.3    9.2    0.00   981.10   638   31.7    4.3   27.4   -999   28.3   25.8   24.9    -995    -995    -995
 KIN2   133  1160     32   33.4    4.6    4.5   197   14.4    1.1    6.9    0.00   981.04   743   32.1    3.9   -995   -995   -995   -995   -995    -995    -995    -995
 KIN2   133  1165     32   33.6    5.6    5.4   207   14.3    1.2    8.0    0.00   980.93   678   32.1    4.5   -995   -995   -995   -995   -995    -995    -995    -995
 KIN2   133  1170     32   33.3    5.8    5.8   180   10.4    1.4    8.5    0.00   980.91   686   32.0    4.9   27.6   -999   28.4   25.8   24.9    3.81    3.87    3.78
 KIN2   133  1175     32   33.2    7.5    7.4   188   10.2    1.3   10.4    0.00   980.78   568   31.9    5.9   -995   -995   -995   -995   -995    -995    -995    -995
 KIN2   133  1180     33   32.9    6.5    6.4   179   10.3    1.2    9.0    0.00   980.76   480   31.7    5.3   -995   -995   -995   -995   -995    -995    -995    -995
 KIN2   133  1185     34   32.4    6.3    6.2   180   11.7    1.4   10.2    0.00   980.72   448   31.6    5.1   27.8   -999   28.5   25.9   24.9    -995    -995    -995
 KIN2   133  1190     33   32.6    6.9    6.8   169   11.7    0.8    8.6    0.00   980.64   450   31.8    5.6   -995   -995   -995   -995   -995    -995    -995    -995
 KIN2   133  1195     33   32.9    5.4    5.3   174   13.0    0.9    8.2    0.00   980.64   447   32.2    4.5   -995   -995   -995   -995   -995    -995    -995    -995
 KIN2   133  1200     32   33.1    5.2    5.0   193   14.1    1.1    7.4    0.00   980.61   472   32.2    4.1   27.9   -999   28.6   26.0   25.0    3.81    3.87    3.78
 KIN2   133  1205     32   33.7    5.6    5.4   191   15.8    1.4    8.7    0.00   980.53   837   32.5    4.6   -995   -995   -995   -995   -995    -995    -995    -995
 KIN2   133  1210     31   33.9    6.9    6.8   200   12.7    1.2    9.6    0.00   980.51   743   32.3    5.7   -995   -995   -995   -995   -995    -995    -995    -995
 KIN2   133  1215     32   33.9    6.0    5.8   204   14.1    1.3    8.7    0.00   980.48   922   32.6    5.0   28.0   -999   28.6   26.0   24.9    -995    -995    -995
 KIN2   133  1220     30   34.7    6.7    6.6   214   10.8    1.1    8.9    0.00   980.47  1045   32.7    5.4   -995   -995   -995   -995   -995    -995    -995    -995
 KIN2   133  1225     30   34.6    6.7    6.4   178   17.6    0.9    8.6    0.00   980.52   802   32.8    5.6   -995   -995   -995   -995   -995    -995    -995    -995
 KIN2   133  1230     30   34.7    7.1    7.0   180   10.6    1.3   10.1    0.00   980.51   613   32.8    5.9   28.0   -999   28.6   25.9   24.9    3.81    3.86    3.77
 KIN2   133  1235     29   34.8    6.8    6.6   173   13.1    1.2    9.8    0.00   980.54   393   32.8    5.7   -995   -995   -995   -995   -995    -995    -995    -995
 KIN2   133  1240     29   34.2    6.0    5.8   196   12.7    0.8    8.1    0.00   980.50   381   32.5    4.9   -995   -995   -995   -995   -995    -995    -995    -995
 KIN2   133  1245     28   34.7    6.0    5.8   180   14.6    0.8    8.5    0.00   980.46   368   32.8    4.9   28.1   -999   28.7   25.9   24.8    -995    -995    -995
 KIN2   133  1250     30   34.2    7.3    7.2   172    8.8    1.3   10.0    0.00   980.38   417   32.6    6.0   -995   -995   -995   -995   -995    -995    -995    -995
 KIN2   133  1255     32   33.1    4.9    4.8   174   11.9    1.3    7.5    0.00   980.35   308   32.1    4.0   -995   -995   -995   -995   -995    -995    -995    -995
 KIN2   133  1260     32   33.8    6.0    5.9   178   10.5    1.2    8.3    0.00   980.32   839   32.7    4.8   28.2   -999   28.8   26.0   24.9    3.81    3.86    3.78
 KIN2   133  1265     32   33.4    6.1    6.1   166    7.4    1.1    8.7    0.00   980.26   618   32.2    4.9   -995   -995   -995   -995   -995    -995    -995    -995
 KIN2   133  1270     31   34.1    6.7    6.6   158   13.3    1.0    9.3    0.00   980.15   859   32.6    5.3   -995   -995   -995   -995   -995    -995    -995    -995
 KIN2   133  1275     30   34.3    6.2    5.7   192   24.1    1.0    7.8    0.00   980.06   691   32.9    5.1   28.3   -999   29.0   26.1   24.9    -995    -995    -995
 KIN2   133  1280     30   34.2    6.5    6.2   188   18.8    1.4    9.4    0.00   980.06   539   32.9    5.1   -995   -995   -995   -995   -995    -995    -995    -995
 KIN2   133  1285     32   33.7    4.8    4.7   164   11.4    1.2    7.5    0.00   980.04   694   32.6    3.8   -995   -995   -995   -995   -995    -995    -995    -995
 KIN2   133  1290     31   34.0    6.6    5.9   200   27.2    2.1   13.1    0.00   979.90   710   32.9    5.2   28.4   -999   29.1   26.1   24.9    3.81    3.85    3.78
 KIN2   133  1295     30   34.9    6.8    6.6   200   12.9    1.2    9.7    0.00   979.90   873   33.5    5.7   -995   -995   -995   -995   -995    -995    -995    -995
 KIN2   133  1300     29   34.7    5.9    5.8   194    9.7    0.9    8.0    0.00   979.89   584   33.2    4.7   -995   -995   -995   -995   -995    -995    -995    -995
 KIN2   133  1305     30   33.4    6.0    5.9   180   12.0    1.6    9.4    0.00   979.83   410   32.6    4.9   28.5   -999   29.1   26.1   24.9    -995    -995    -995
 KIN2   133  1310     31   33.8    8.0    7.9   186    7.2    1.0   10.8    0.00   979.73   629   32.7    6.3   -995   -995   -995   -995   -995    -995    -995    -995
 KIN2   133  1315     31   34.0    6.0    5.9   173   10.2    1.0    8.9    0.00   979.76   473   32.8    5.0   -995   -995   -995   -995   -995    -995    -995    -995
 KIN2   133  1320     32   33.1    5.7    5.6   166   13.0    1.1    8.8    0.00   979.71   410   32.6    4.5   28.6   -999   29.2   26.2   24.9    3.81    3.86    3.78
 KIN2   133  1325     32   33.7    7.1    7.0   158    7.7    0.9    9.3    0.00   979.62   713   32.8    5.7   -995   -995   -995   -995   -995    -995    -995    -995
 KIN2   133  1330     31   34.0    6.6    6.3   180   18.3    1.5   10.4    0.00   979.61   479   33.0    5.4   -995   -995   -995   -995   -995    -995    -995    -995
 KIN2   133  1335     31   33.4    5.9    5.8   189   10.7    1.6    9.8    0.00   979.65   343   32.6    4.6   28.6   -999   29.2   26.3   24.9    -995    -995    -995
 KIN2   133  1340     31   33.7    5.4    5.2   195   13.7    1.5    8.7    0.00   979.58   526   32.9    4.2   -995   -995   -995   -995   -995    -995    -995    -995
 KIN2   133  1345     30   33.7    5.7    5.6   189   11.4    1.1    7.7    0.00   979.52   342   32.8    4.5   -995   -995   -995   -995   -995    -995    -995    -995
 KIN2   133  1350     31   33.3    5.6    5.5   192   10.9    0.9    7.6    0.00   979.42   420   32.7    4.4   28.7   -999   29.2   26.3   24.9    3.81    3.86    3.78
 KIN2   133  1355     31   33.8    6.0    5.9   173    8.0    1.1    9.1    0.00   979.34   528   32.9    4.8   -995   -995   -995   -995   -995    -995    -995    -995
 KIN2   133  1360     31   33.5    5.6    5.5   181   11.6    1.1    8.1    0.00   979.30   307   33.0    4.5   -995   -995   -995   -995   -995    -995    -995    -995
 KIN2   133  1365     32   33.6    6.6    6.4   168   11.0    0.8    9.5    0.00   979.29   463   32.9    5.4   28.7   -999   29.1   26.3   24.9    -995    -995    -995
 KIN2   133  1370     31   33.8    6.0    5.8   168   13.3    1.3    9.2    0.00   979.29   429   33.1    4.8   -995   -995   -995   -995   -995    -995    -995    -995
 KIN2   133  1375     31   33.8    5.4    5.3   185    8.9    0.9    7.7    0.00   979.25   503   33.2    4.4   -995   -995   -995   -995   -995    -995    -995    -995
 KIN2   133  1380     31   34.1    4.8    4.7   174   10.9    0.6    6.2    0.00   979.20   504   33.3    3.9   28.7   -999   29.1   26.4   24.9    3.81    3.86    3.80
 KIN2   133  1385     31   33.7    6.1    6.1   168    9.4    1.4    8.8    0.00   979.19   487   33.1    5.0   -995   -995   -995   -995   -995    -995    -995    -995
 KIN2   133  1390     30   33.9    6.1    6.0   188   10.0    1.3    8.9    0.00   979.14   444   33.1    4.9   -995   -995   -995   -995   -995    -995    -995    -995
 KIN2   133  1395     31   33.7    5.1    5.0   158   14.7    1.2    8.1    0.00   979.10   416   33.1    4.4   28.7   -999   29.0   26.4   24.9    -995    -995    -995
 KIN2   133  1400     32   33.6    5.7    5.6   177   10.2    1.1    8.3    0.00   979.06   399   33.1    4.5   -995   -995   -995   -995   -995    -995    -995    -995
 KIN2   133  1405     31   33.6    5.8    5.6   170   14.9    1.1    9.7    0.00   979.02   382   33.0    4.6   -995   -995   -995   -995   -995    -995    -995    -995
 KIN2   133  1410     32   33.6    7.4    7.3   173    8.5    1.0    9.9    0.00   978.99   363   33.0    5.7   28.7   -999   29.0   26.4   24.9    3.81    3.87    3.81
 KIN2   133  1415     32   33.2    6.1    6.0   157    9.7    0.8    8.3    0.00   979.04   341   32.7    4.8   -995   -995   -995   -995   -995    -995    -995    -995
 KIN2   133  1420     32   33.2    7.8    7.6   163   11.9    1.3   10.3    0.00   978.98   324   32.7    6.0   -995   -995   -995   -995   -995    -995    -995    -995
 KIN2   133  1425     33   33.0    6.4    6.3   161   11.2    0.9    8.2    0.00   978.98   303   32.7    5.1   28.8   -999   29.0   26.5   24.9    -995    -995    -995
 KIN2   133  1430     33   33.0    6.6    6.3   167   15.9    0.9    8.9    0.00   978.97   283   32.7    5.1   -995   -995   -995   -995   -995    -995    -995    -995
 KIN2   133  1435     33   32.8    6.1    5.9   152   12.1    0.9    7.8    0.00   978.97   266   32.6    4.8   -995   -995   -995   -995   -995    -995    -995    -995
</pre>