<pre>  101 ! (c) 2019 Oklahoma Climatological Survey and the Oklahoma Mesonet - all rights reserved
  21 2019 12 01 00 00 00
 STID  STNM  TIME   RELH   TAIR   WSPD   WVEC  WDIR   WDSD   WSSD   WMAX    RAIN     PRES  SRAD   TA9M   WS2M   TS10   TB10   TS05   TS25   TS60    TR05    TR25    TR60
 KIN2   133     0     43   10.0    3.0    2.9   303   10.4    0.5    4.1    1.52   968.07     0   10.9    1.7   10.3   10.0   10.2   10.7   11.8    1.45    1.52    1.56
 KIN2   133     5     44    9.9    3.1    3.0   303   10.3    0.5    4.7    0.00   968.20     0   10.7    1.9   -995   -995   -995   -995   -995    -995    -995    -995
 KIN2   133    10     44    9.7    2.9    2.9   300   10.8    0.6    4.6    0.00   968.30     0   10.6    1.7   -995   -995   -995   -995   -995    -995    -995    -995
 KIN2   133    15     45    9.6    3.0    2.9   303   10.8    0.6    4.6    0.00   968.39     0   10.4    2.1   10.2    9.8   10.1   10.7   11.8    -995    -995    -995
 KIN2   133    20     45    9.6    3.1    3.1   308   11.2    0.6    4.8    0.00   968.51     0   10.3    2.2   -995   -995   -995   -995   -995    -995    -995    -995
 KIN2   133    25     47    9.3    3.3    3.2   310   10.6    0.5    4.3    0.00   968.64     0   10.0    2.0   -995   -995   -995   -995   -995    -995    -995    -995
 KIN2   133    30     47    9.3    3.0    3.0   319   12.1    0.7    4.8    0.00   968.81     0   10.1    2.0   10.2    9.6   10.0   10.7   11.7    1.45    1.52    1.57
 KIN2   133    35     46    9.7    4.6    4.4   326   16.3    1.1    7.3    0.00   968.98     0   10.4    3.3   -995   -995   -995   -995   -995    -995    -995    -995
 KIN2   133    40     44   10.1    5.4    5.3   328   11.7    1.1    8.9    0.00   969.21     0   10.6    4.2   -995   -995   -995   -995   -995    -995    -995    -995
 KIN2   133    45     45    9.8    4.7    4.6   327   11.7    1.0    7.6    0.00   969.44     0   10.3    3.6   10.1    9.4    9.9   10.6   11.7    -995    -995    -995
 KIN2   133    50     47    9.4    4.8    4.7   325   11.6    1.1    7.8    0.00   969.62     0    9.9    3.7   -995   -995   -995   -995   -995    -995    -995    -995
 KIN2   133    55     46    9.6    5.8    5.7   327   11.9    1.0    8.4    0.00   969.81     0   10.0    4.7   -995   -995   -995   -995   -995    -995    -995    -995
 KIN2   133    60     46    9.4    6.1    6.0   324   10.4    1.3   10.4    0.00   970.01     0    9.9    4.5   10.1    9.2    9.8   10.6   11.6    1.45    1.53    1.56
 KIN2   133    65     46    9.4    5.9    5.8   325   13.7    1.0    9.1    0.00   970.14     0    9.8    4.2   -995   -995   -995   -995   -995    -995    -995    -995
 KIN2   133    70     45    9.3    5.4    5.3   324   10.9    1.1    7.9    0.00   970.26     0    9.8    4.1   -995   -995   -995   -995   -995    -995    -995    -995
 KIN2   133    75     45    9.3    5.5    5.4   324   11.4    1.3    8.6    0.00   970.43     0    9.7    4.4   10.0    9.1    9.7   10.6   11.6    -995    -995    -995
 KIN2   133    80     45    9.2    5.6    5.5   327   10.7    1.2    8.3    0.00   970.52     0    9.6    4.4   -995   -995   -995   -995   -995    -995    -995    -995
 KIN2   133    85     44    9.0    6.1    5.9   326   14.1    1.3    9.5    0.00   970.68     0    9.5    4.6   -995   -995   -995   -995   -995    -995    -995    -995
 KIN2   133    90     43    9.1    5.8    5.7   323   12.6    1.1    8.8    0.00   970.81     0    9.5    4.5   10.0    8.9    9.6   10.6   11.6    1.46    1.53    1.56
 KIN2   133    95     43    8.9    6.1    6.0   325    9.7    1.1    8.7    0.00   970.95     0    9.3    4.7   -995   -995   -995   -995   -995    -995    -995    -995
 KIN2   133   100     43    8.8    6.3    6.2   322   12.2    1.1   10.1    0.00   971.04     0    9.2    4.9   -995   -995   -995   -995   -995    -995    -995    -995
 KIN2   133   105     42    8.6    6.2    6.1   322   11.7    1.6   10.5    0.00   971.18     0    9.1    4.8   10.0    8.8    9.6   10.6   11.6    -995    -995    -995
 KIN2   133   110     42    8.6    5.7    5.5   318   13.4    1.0    8.0    0.00   971.24     0    9.0    4.2   -995   -995   -995   -995   -995    -995    -995    -995
 KIN2   133   115     41    8.6    6.3    6.1   320   13.2    1.3    9.6    0.00   971.36     0    8.9    4.9   -995   -995   -995   -995   -995    -995    -995    -995
 KIN2   133   120     42    8.3    5.3    5.1   320   13.2    1.4    8.7    0.00   971.44     0    8.7    4.3    9.9    8.6    9.6   10.6   11.6    1.45    1.53    1.56
 KIN2   133   125     42    8.1    4.6    4.4   316   15.0    0.9    7.3    0.00   971.49     0    8.5    3.6   -995   -995   -995   -995   -995    -995    -995    -995
 KIN2   133   130     43    7.9    5.4    5.3   314   13.5    1.6    9.5    0.00   971.67     0    8.3    4.2   -995   -995   -995   -995   -995    -995    -995    -995
 KIN2   133   135     41    8.0    6.0    5.8   316   13.9    1.2    8.7    0.00   971.76     0    8.4    4.5    9.9    8.5    9.5   10.6   11.6    -995    -995    -995
 KIN2   133   140     40    8.0    6.6    6.4   314   15.2    1.4    9.2    0.00   971.82     0    8.3    5.1   -995   -995   -995   -995   -995    -995    -995    -995
 KIN2   133   145     41    7.7    5.2    5.0   316   14.4    1.4   10.5    0.00   971.86     0    8.1    3.8   -995   -995   -995   -995   -995    -995    -995    -995
 KIN2   133   150     40    7.6    5.6    5.4   314   13.2    1.3    8.1    0.00   971.92     0    8.0    4.5    9.9    8.3    9.5   10.6   11.6    1.46    1.52    1.56
 KIN2   133   155     41    7.4    5.3    5.2   312   12.8    1.4    9.9    0.00   971.96     0    7.8    3.9   -995   -995   -995   -995   -995    -995    -995    -995
 KIN2   133   160     41    7.3    5.6    5.4   310   12.7    1.3    9.6    0.00   972.00     0    7.7    4.1   -995   -995   -995   -995   -995    -995    -995    -995
 KIN2   133   165     41    7.2    5.4    5.3   309   10.3    1.4    8.8    0.00   972.05     0    7.6    4.2    9.8    8.2    9.4   10.6   11.6    -995    -995    -995
 KIN2   133   170     40    7.1    5.1    4.9   304   14.8    1.1    8.2    0.00   972.21     0    7.5    3.9   -995   -995   -995   -995   -995    -995    -995    -995
 KIN2   133   175     40    7.0    4.8    4.7   303   12.7    1.1    7.7    0.00   972.30     0    7.4    3.8   -995   -995   -995   -995   -995    -995    -995    -995
 KIN2   133   180     42    6.7    4.8    4.7   299   11.6    1.1    7.4    0.00   972.37     0    7.2    3.5    9.8    8.1    9.4   10.6   11.6    1.46    1.52    1.56
 KIN2   133   185     42    6.5    4.7    4.6   296    9.9    1.0    7.5    0.00   972.40     0    7.0    3.3   -995   -995   -995   -995   -995    -995    -995    -995
 KIN2   133   190     43    6.3    4.5    4.4   291   12.3    1.0    7.3    0.00   972.48     0    6.8    3.3   -995   -995   -995   -995   -995    -995    -995    -995
 KIN2   133   195     42    6.3    4.6    4.5   289   12.2    1.1    8.1    0.00   972.54     0    6.8    3.4    9.8    7.9    9.3   10.6   11.6    -995    -995    -995
 KIN2   133   200     41    6.3    5.8    5.7   300   13.2    1.7    9.4    0.00   972.54     0    6.8    4.7   -995   -995   -995   -995   -995    -995    -995    -995
 KIN2   133   205     41    6.3    5.2    5.1   303   13.9    1.1    8.5    0.00   972.51     0    6.7    3.9   -995   -995   -995   -995   -995    -995    -995    -995
 KIN2   133   210     41    6.3    6.3    6.2   305   11.8    1.4    9.3    0.00   972.62     0    6.8    4.6    9.8    7.8    9.2   10.6   11.6    1.46    1.52    1.56
 KIN2   133   215     40    6.3    6.2    6.0   307   13.4    1.3   10.3    0.00   972.72     0    6.7    4.7   -995   -995   -995   -995   -995    -995    -995    -995
 KIN2   133   220     40    6.3    6.5    6.4   307   12.8    1.3    9.5    0.00   972.80     0    6.6    4.8   -995   -995   -995   -995   -995    -995    -995    -995
 KIN2   133   225     40    6.2    6.5    6.3   309   14.0    1.5   10.5    0.00   972.89     0    6.6    4.9    9.7    7.6    9.2   10.5   11.6    -995    -995    -995
 KIN2   133   230     39    6.3    8.0    7.8   314   12.7    1.9   13.9    0.00   972.97     0    6.7    6.1   -995   -995   -995   -995   -995    -995    -995    -995
 KIN2   133   235     39    6.3    8.5    8.3   315   13.4    1.7   13.6    0.00   973.08     0    6.7    6.0   -995   -995   -995   -995   -995    -995    -995    -995
 KIN2   133   240     40    6.1    6.7    6.5   314   15.5    1.5   11.6    0.00   973.23     0    6.4    5.2    9.7    7.4    9.1   10.5   11.6    1.46    1.53    1.56
 KIN2   133   245     41    5.8    5.9    5.8   316   13.9    1.3   11.1    0.00   973.36     0    6.1    4.6   -995   -995   -995   -995   -995    -995    -995    -995
 KIN2   133   250     41    5.9    8.0    7.8   314   12.0    2.1   13.6    0.00   973.44     0    6.2    6.2   -995   -995   -995   -995   -995    -995    -995    -995
 KIN2   133   255     40    5.8    8.0    7.8   316   12.3    1.9   12.3    0.00   973.58     0    6.1    6.4    9.6    7.3    9.0   10.5   11.6    -995    -995    -995
 KIN2   133   260     41    5.7    7.6    7.4   318   14.0    1.5   11.3    0.00   973.67     0    6.0    6.0   -995   -995   -995   -995   -995    -995    -995    -995
 KIN2   133   265     40    5.6    8.1    7.9   317   12.1    2.1   13.9    0.00   973.78     0    6.0    6.6   -995   -995   -995   -995   -995    -995    -995    -995
 KIN2   133   270     41    5.5    7.5    7.1   320   16.5    2.0   15.4    0.00   973.69     0    5.8    5.8    9.6    7.2    9.0   10.5   11.6    1.46    1.53    1.56
 KIN2   133   275     41    5.5    8.6    8.4   318   12.4    2.2   15.5    0.00   973.79     0    5.8    6.7   -995   -995   -995   -995   -995    -995    -995    -995
 KIN2   133   280     41    5.5    9.2    9.0   318   11.8    2.1   13.3    0.00   973.93     0    5.8    7.2   -995   -995   -995   -995   -995    -995    -995    -995
 KIN2   133   285     41    5.4    8.5    8.1   321   17.2    1.7   13.7    0.00   974.04     0    5.7    6.3    9.6    7.0    8.9   10.5   11.6    -995    -995    -995
 KIN2   133   290     42    5.3    7.8    7.5   315   16.6    1.8   12.4    0.00   974.09     0    5.6    6.1   -995   -995   -995   -995   -995    -995    -995    -995
 KIN2   133   295     41    5.3    8.7    8.4   322   15.2    1.9   13.9    0.00   974.15     0    5.7    6.6   -995   -995   -995   -995   -995    -995    -995    -995
 KIN2   133   300     42    5.2    7.9    7.7   323   13.7    2.1   13.3    0.00   974.25     0    5.5    6.0    9.5    6.9    8.9   10.4   11.6    1.46    1.52    1.56
 KIN2   133   305     43    5.0    7.2    7.0   317   15.8    1.6   10.9    0.00   974.43     0    5.3    5.8   -995   -995   -995   -995   -995    -995    -995    -995
 KIN2   133   310     44    4.8    6.4    6.3   310   11.5    1.3   10.1    0.00   974.58     0    5.1    5.1   -995   -995   -995   -995   -995    -995    -995    -995
 KIN2   133   315     45    4.8    6.7    6.5   308   13.1    1.5   10.0    0.00   974.66     0    5.1    5.2    9.5    6.7    8.8   10.4   11.6    -995    -995    -995
 KIN2   133   320     45    4.6    6.0    5.9   312   13.2    1.3   10.4    0.00   974.75     0    5.0    4.8   -995   -995   -995   -995   -995    -995    -995    -995
 KIN2   133   325     46    4.5    6.1    6.0   312   12.4    1.3    9.8    0.00   974.80     0    4.8    4.8   -995   -995   -995   -995   -995    -995    -995    -995
 KIN2   133   330     47    4.3    5.1    5.0   306   10.3    1.3    8.1    0.00   974.82     0    4.6    3.8    9.4    6.6    8.8   10.4   11.6    1.45    1.52    1.56
 KIN2   133   335     49    4.0    5.5    5.3   306   12.2    1.3    9.1    0.00   974.83     0    4.4    4.0   -995   -995   -995   -995   -995    -995    -995    -995
 KIN2   133   340     48    4.0    4.9    4.7   307   12.4    1.1    7.3    0.00   974.82     0    4.4    3.8   -995   -995   -995   -995   -995    -995    -995    -995
 KIN2   133   345     49    3.8    4.6    4.4   302   13.2    1.1    7.0    0.00   974.85     0    4.2    3.3    9.4    6.5    8.8   10.4   11.6    -995    -995    -995
 KIN2   133   350     50    3.7    4.4    4.3   301   12.7    0.9    6.8    0.00   974.85     0    4.1    3.2   -995   -995   -995   -995   -995    -995    -995    -995
 KIN2   133   355     50    3.7    5.3    5.2   302   11.2    1.2    8.5    0.00   974.90     0    4.0    3.9   -995   -995   -995   -995   -995    -995    -995    -995
 KIN2   133   360     49    3.8    5.3    5.2   301   12.4    1.1    8.6    0.00   974.94     0    4.2    4.0    9.4    6.4    8.7   10.4   11.6    1.46    1.52    1.54
 KIN2   133   365     49    3.7    4.8    4.7   298   12.4    1.1    7.6    0.00   975.01     0    4.1    3.4   -995   -995   -995   -995   -995    -995    -995    -995
 KIN2   133   370     50    3.6    4.8    4.7   298   12.0    1.0    7.3    0.00   974.95     0    3.9    3.4   -995   -995   -995   -995   -995    -995    -995    -995
 KIN2   133   375     49    3.6    5.0    4.9   303   11.7    1.0    7.0    0.00   975.09     0    4.0    3.6    9.4    6.3    8.6   10.4   11.6    -995    -995    -995
 KIN2   133   380     49    3.6    5.3    5.2   306   12.1    1.2    8.2    0.00   975.24     0    4.0    3.9   -995   -995   -995   -995   -995    -995    -995    -995
 KIN2   133   385     50    3.5    5.1    5.0   302   11.6    1.3    8.1    0.00   975.32     0    3.9    3.4   -995   -995   -995   -995   -995    -995    -995    -995
 KIN2   133   390     51    3.3    4.5    4.3   296   12.8    1.0    6.5    0.00   975.35     0    3.7    3.1    9.3    6.1    8.6   10.4   11.6    1.46    1.53    1.56
 KIN2   133   395     51    3.3    4.2    4.1   294   12.2    1.1    7.6    0.00   975.45     0    3.7    2.9   -995   -995   -995   -995   -995    -995    -995    -995
 KIN2   133   400     50    3.4    4.1    4.1   293   10.6    1.1    6.5    0.00   975.49     0    3.8    2.9   -995   -995   -995   -995   -995    -995    -995    -995
 KIN2   133   405     50    3.3    4.1    4.0   283   11.7    1.2    8.3    0.00   975.65     0    3.8    3.0    9.3    6.0    8.5   10.4   11.6    -995    -995    -995
 KIN2   133   410     49    3.4    4.5    4.4   284   12.1    1.0    7.1    0.00   975.78     0    3.8    3.1   -995   -995   -995   -995   -995    -995    -995    -995
 KIN2   133   415     49    3.5    5.4    5.3   293   12.7    1.2    8.6    0.00   975.84     0    3.9    4.2   -995   -995   -995   -995   -995    -995    -995    -995
 KIN2   133   420     48    3.6    5.5    5.3   298   14.3    1.0    8.4    0.00   975.86     0    3.9    3.9    9.2    5.9    8.5   10.3   11.6    1.46    1.53    1.54
 KIN2   133   425     48    3.5    5.7    5.6   299   11.2    1.5    9.6    0.00   975.92     0    3.8    4.5   -995   -995   -995   -995   -995    -995    -995    -995
 KIN2   133   430     47    3.6    6.6    6.5   301   12.8    1.4   10.2    0.00   975.93     0    4.0    4.8   -995   -995   -995   -995   -995    -995    -995    -995
 KIN2   133   435     49    3.4    4.5    4.4   300   13.7    1.1    7.3    0.00   975.83     0    3.7    3.5    9.2    5.8    8.4   10.3   11.6    -995    -995    -995
 KIN2   133   440     50    3.2    4.0    3.9   294   12.8    0.8    6.0    0.00   975.92     0    3.6    2.6   -995   -995   -995   -995   -995    -995    -995    -995
 KIN2   133   445     49    3.2    4.3    4.1   292   15.1    1.1    7.1    0.00   975.97     0    3.6    3.0   -995   -995   -995   -995   -995    -995    -995    -995
 KIN2   133   450     49    3.3    5.1    5.0   294   12.1    1.1    8.5    0.00   975.96     0    3.7    3.7    9.1    5.7    8.4   10.3   11.6    1.46    1.53    1.56
 KIN2   133   455     48    3.3    4.8    4.7   295   11.3    1.2    8.5    0.00   976.02     0    3.7    3.5   -995   -995   -995   -995   -995    -995    -995    -995
 KIN2   133   460     49    3.1    4.4    4.3   290   13.2    1.0    7.7    0.00   976.04     0    3.6    3.0   -995   -995   -995   -995   -995    -995    -995    -995
 KIN2   133   465     49    3.2    5.0    4.9   290   11.4    1.3    9.3    0.00   975.99     0    3.6    3.5    9.1    5.5    8.3   10.3   11.6    -995    -995    -995
 KIN2   133   470     48    3.2    5.2    5.1   297   11.0    1.3    8.1    0.00   976.05     0    3.6    3.6   -995   -995   -995   -995   -995    -995    -995    -995
 KIN2   133   475     49    3.1    4.9    4.7   299   15.0    1.2    7.5    0.00   976.13     0    3.4    3.6   -995   -995   -995   -995   -995    -995    -995    -995
 KIN2   133   480     50    2.9    4.8    4.7   300   12.6    1.1    7.8    0.00   976.29     0    3.3    3.5    9.1    5.4    8.3   10.3   11.6    1.46    1.53    1.54
 KIN2   133   485     51    2.8    4.4    4.3   300   12.5    1.0    7.6    0.00   976.34     0    3.2    3.3   -995   -995   -995   -995   -995    -995    -995    -995
 KIN2   133   490     51    2.7    4.8    4.7   301   11.6    1.2    7.9    0.00   976.33     0    3.1    3.5   -995   -995   -995   -995   -995    -995    -995    -995
 KIN2   133   495     51    2.8    4.2    4.1   298   13.6    0.8    6.1    0.00   976.37     0    3.1    3.2    9.0    5.3    8.2   10.2   11.6    -995    -995    -995
 KIN2   133   500     51    2.6    4.2    4.1   294   13.2    1.1    7.1    0.00   976.42     0    3.1    3.0   -995   -995   -995   -995   -995    -995    -995    -995
 KIN2   133   505     50    2.8    5.4    5.3   294   11.6    1.5    9.2    0.00   976.51     0    3.2    4.1   -995   -995   -995   -995   -995    -995    -995    -995
 KIN2   133   510     50    2.8    4.6    4.5   297   12.5    0.9    6.7    0.00   976.62     0    3.2    3.5    9.0    5.2    8.2   10.2   11.6    1.46    1.52    1.54
 KIN2   133   515     50    2.8    5.2    5.1   293   13.0    1.2    8.6    0.00   976.69     0    3.2    3.8   -995   -995   -995   -995   -995    -995    -995    -995
 KIN2   133   520     50    2.9    5.3    5.2   294   12.6    1.2    7.6    0.00   976.61     0    3.2    3.9   -995   -995   -995   -995   -995    -995    -995    -995
 KIN2   133   525     50    2.8    4.9    4.7   298   14.1    0.9    7.1    0.00   976.73     0    3.1    3.6    9.0    5.1    8.1   10.2   11.6    -995    -995    -995
 KIN2   133   530     50    2.7    4.6    4.4   300   14.5    1.0    7.1    0.00   976.82     0    3.1    3.3   -995   -995   -995   -995   -995    -995    -995    -995
 KIN2   133   535     50    2.7    5.2    5.0   300   14.4    1.3    8.3    0.00   976.95     0    3.1    3.8   -995   -995   -995   -995   -995    -995    -995    -995
 KIN2   133   540     50    2.8    6.1    5.9   307   13.2    1.5    9.8    0.00   977.03     0    3.2    4.7    8.9    5.0    8.1   10.2   11.6    1.45    1.53    1.54
 KIN2   133   545     49    2.9    5.1    5.0   306   12.6    1.1    8.1    0.00   977.08     0    3.2    3.7   -995   -995   -995   -995   -995    -995    -995    -995
 KIN2   133   550     51    2.6    4.3    4.2   305   14.4    1.1    7.4    0.00   976.96     0    3.0    3.2   -995   -995   -995   -995   -995    -995    -995    -995
 KIN2   133   555     52    2.5    4.3    4.2   298   12.2    1.1    7.7    0.00   977.06     0    2.9    3.0    8.9    4.9    8.1   10.2   11.6    -995    -995    -995
 KIN2   133   560     52    2.3    3.7    3.6   295   12.2    0.9    6.1    0.00   977.16     0    2.8    2.5   -995   -995   -995   -995   -995    -995    -995    -995
 KIN2   133   565     52    2.4    4.1    4.0   296   13.4    1.0    7.5    0.00   977.16     0    2.8    3.2   -995   -995   -995   -995   -995    -995    -995    -995
 KIN2   133   570     52    2.3    3.8    3.7   295   11.5    1.0    6.5    0.00   977.30     0    2.8    2.8    8.9    4.9    8.0   10.1   11.6    1.46    1.52    1.54
 KIN2   133   575     52    2.3    3.9    3.8   298   14.2    0.7    5.8    0.00   977.18     0    2.7    2.8   -995   -995   -995   -995   -995    -995    -995    -995
 KIN2   133   580     53    2.2    3.8    3.7   297   12.4    0.9    5.8    0.00   977.13     0    2.6    2.7   -995   -995   -995   -995   -995    -995    -995    -995
 KIN2   133   585     54    2.1    4.0    3.9   298   11.4    0.9    6.8    0.00   977.19     0    2.6    2.7    8.9    4.8    8.0   10.1   11.6    -995    -995    -995
 KIN2   133   590     53    2.2    4.1    4.0   298   13.7    0.9    6.5    0.00   977.18     0    2.6    3.3   -995   -995   -995   -995   -995    -995    -995    -995
 KIN2   133   595     53    2.3    4.4    4.3   293   12.4    1.0    6.8    0.00   977.16     0    2.6    3.3   -995   -995   -995   -995   -995    -995    -995    -995
 KIN2   133   600     53    2.1    4.4    4.3   297   11.8    1.1    7.3    0.00   977.12     0    2.6    3.2    8.8    4.7    8.0   10.1   11.6    1.46    1.52    1.54
 KIN2   133   605     53    2.2    4.7    4.6   295   12.1    1.1    7.9    0.00   977.24     0    2.6    3.4   -995   -995   -995   -995   -995    -995    -995    -995
 KIN2   133   610     54    2.1    4.2    4.1   293   12.7    1.0    7.3    0.00   977.39     0    2.5    3.0   -995   -995   -995   -995   -995    -995    -995    -995
 KIN2   133   615     53    2.1    4.4    4.3   297   12.5    1.1    7.5    0.00   977.23     0    2.5    3.2    8.8    4.6    7.9   10.1   11.6    -995    -995    -995
 KIN2   133   620     54    2.1    4.6    4.5   295   10.2    0.9    6.8    0.00   977.31     0    2.5    3.2   -995   -995   -995   -995   -995    -995    -995    -995
 KIN2   133   625     54    2.0    4.4    4.3   292   12.2    0.9    6.4    0.00   977.44     0    2.4    3.1   -995   -995   -995   -995   -995    -995    -995    -995
 KIN2   133   630     54    2.0    4.7    4.6   291   12.3    0.9    7.1    0.00   977.54     0    2.4    3.2    8.8    4.5    7.9   10.1   11.6    1.46    1.53    1.53
 KIN2   133   635     54    1.9    4.0    3.9   300   12.5    0.8    6.2    0.00   977.66     0    2.3    3.0   -995   -995   -995   -995   -995    -995    -995    -995
 KIN2   133   640     55    1.8    4.1    4.0   294   11.7    0.8    6.3    0.00   977.63     0    2.2    3.0   -995   -995   -995   -995   -995    -995    -995    -995
 KIN2   133   645     55    1.8    4.1    4.0   291   13.8    0.9    6.5    0.00   977.68     0    2.2    3.0    8.7    4.4    7.9   10.1   11.6    -995    -995    -995
 KIN2   133   650     55    1.7    3.7    3.6   289   12.1    0.9    6.6    0.00   977.62     0    2.1    2.7   -995   -995   -995   -995   -995    -995    -995    -995
 KIN2   133   655     55    1.7    3.8    3.7   286   12.2    0.8    5.9    0.00   977.66     0    2.1    2.6   -995   -995   -995   -995   -995    -995    -995    -995
 KIN2   133   660     55    1.7    4.3    4.2   292   12.5    1.2    7.6    0.00   977.64     0    2.1    2.9    8.7    4.4    7.8   10.0   11.6    1.46    1.53    1.54
 KIN2   133   665     55    1.6    4.0    3.9   297   12.1    1.0    6.9    0.00   977.66     0    2.1    2.7   -995   -995   -995   -995   -995    -995    -995    -995
 KIN2   133   670     55    1.6    4.5    4.4   294   11.8    1.1    7.0    0.00   977.66     0    2.0    3.0   -995   -995   -995   -995   -995    -995    -995    -995
 KIN2   133   675     55    1.7    4.7    4.5   300   14.0    1.1    7.1    0.00   977.68     0    2.0    3.5    8.7    4.3    7.8   10.0   11.6    -995    -995    -995
 KIN2   133   680     55    1.5    4.0    3.9   298   11.5    1.0    6.4    0.00   977.78     0    1.9    2.9   -995   -995   -995   -995   -995    -995    -995    -995
 KIN2   133   685     57    1.4    3.7    3.6   298   11.2    0.8    5.7    0.00   977.82     0    1.8    2.7   -995   -995   -995   -995   -995    -995    -995    -995
 KIN2   133   690     57    1.3    3.4    3.4   299   11.7    0.7    5.4    0.00   977.84     0    1.7    2.3    8.6    4.2    7.7   10.0   11.6    1.46    1.53    1.54
 KIN2   133   695     58    1.2    3.9    3.8   305   12.8    1.0    6.8    0.00   977.90     0    1.6    2.7   -995   -995   -995   -995   -995    -995    -995    -995
 KIN2   133   700     57    1.3    4.9    4.8   309   12.4    1.5    8.3    0.00   977.91     0    1.7    3.6   -995   -995   -995   -995   -995    -995    -995    -995
 KIN2   133   705     55    1.6    4.5    4.4   314   13.8    1.2    7.5    0.00   977.87     0    1.9    3.3    8.6    4.1    7.7   10.0   11.6    -995    -995    -995
 KIN2   133   710     55    1.5    4.3    4.2   310   12.4    0.9    6.6    0.00   977.97     0    1.9    3.0   -995   -995   -995   -995   -995    -995    -995    -995
 KIN2   133   715     57    1.3    3.4    3.4   305   10.9    0.9    6.0    0.00   978.10     0    1.6    2.6   -995   -995   -995   -995   -995    -995    -995    -995
 KIN2   133   720     59    1.0    3.3    3.2   298   11.5    0.7    4.9    0.00   978.18     0    1.3    2.3    8.6    4.0    7.7   10.0   11.6    1.46    1.52    1.53
 KIN2   133   725     59    0.9    3.7    3.5   301   14.0    0.9    5.6    0.00   978.31     0    1.3    2.7   -995   -995   -995   -995   -995    -995    -995    -995
 KIN2   133   730     59    1.0    4.3    4.3   302    9.7    0.8    7.4    0.00   978.47     0    1.4    3.0   -995   -995   -995   -995   -995    -995    -995    -995
 KIN2   133   735     59    0.8    3.6    3.5   296   12.3    0.9    5.5    0.00   978.59     0    1.2    2.5    8.5    4.0    7.6    9.9   11.6    -995    -995    -995
 KIN2   133   740     58    1.1    4.6    4.5   305   13.2    1.0    6.6    0.00   978.74     0    1.5    3.3   -995   -995   -995   -995   -995    -995    -995    -995
 KIN2   133   745     57    1.1    4.1    4.0   304   12.0    0.8    5.9    0.00   978.88     0    1.4    3.0   -995   -995   -995   -995   -995    -995    -995    -995
 KIN2   133   750     60    0.7    3.5    3.4   299   13.0    0.8    5.2    0.00   979.08     0    1.1    2.5    8.5    3.9    7.6    9.9   11.6    1.46    1.53    1.53
 KIN2   133   755     61    0.6    2.8    2.8   300   12.8    0.7    4.6    0.00   979.28     0    1.0    2.0   -995   -995   -995   -995   -995    -995    -995    -995
 KIN2   133   760     61    0.5    3.1    3.0   297   13.2    1.0    5.5    0.00   979.40     0    1.0    2.0   -995   -995   -995   -995   -995    -995    -995    -995
 KIN2   133   765     61    0.5    3.2    3.1   298   14.3    0.8    5.6    0.00   979.46     0    1.0    2.2    8.5    3.8    7.6    9.9   11.6    -995    -995    -995
 KIN2   133   770     60    0.7    3.9    3.8   299   12.2    0.9    5.8    0.00   979.59     0    1.0    2.9   -995   -995   -995   -995   -995    -995    -995    -995
 KIN2   133   775     61    0.5    2.9    2.8   295   14.7    0.6    4.2    0.00   979.68     0    0.9    2.0   -995   -995   -995   -995   -995    -995    -995    -995
 KIN2   133   780     61    0.6    3.8    3.8   295   11.1    1.0    6.5    0.00   979.76     0    1.0    2.7    8.4    3.8    7.6    9.9   11.6    1.46    1.53    1.54
 KIN2   133   785     60    0.7    3.7    3.5   297   14.2    0.9    6.0    0.00   979.94     1    1.1    2.7   -995   -995   -995   -995   -995    -995    -995    -995
 KIN2   133   790     60    0.7    3.4    3.3   299   12.7    1.0    7.2    0.00   980.05     1    1.0    2.5   -995   -995   -995   -995   -995    -995    -995    -995
 KIN2   133   795     60    0.6    3.5    3.5   300   12.4    0.8    5.3    0.00   980.14     2    1.0    2.6    8.4    3.7    7.5    9.9   11.6    -995    -995    -995
 KIN2   133   800     60    0.6    3.4    3.3   299   13.8    0.8    5.9    0.00   980.16     4    1.0    2.5   -995   -995   -995   -995   -995    -995    -995    -995
 KIN2   133   805     61    0.5    3.1    3.0   294   13.2    0.9    4.9    0.00   980.16     6    0.9    2.1   -995   -995   -995   -995   -995    -995    -995    -995
 KIN2   133   810     60    0.6    3.5    3.4   293   13.6    1.0    6.1    0.00   980.20     8    1.0    2.5    8.4    3.7    7.5    9.9   11.5    1.46    1.52    1.53
 KIN2   133   815     59    0.8    4.0    3.9   295   13.3    0.9    5.9    0.00   980.25    16    1.2    3.0   -995   -995   -995   -995   -995    -995    -995    -995
 KIN2   133   820     58    1.0    4.4    4.3   298   12.1    1.3    7.9    0.00   980.32    25    1.3    3.3   -995   -995   -995   -995   -995    -995    -995    -995
 KIN2   133   825     58    0.9    3.9    3.8   305   12.7    1.0    6.1    0.00   980.37    35    1.2    2.9    8.3    3.7    7.4    9.8   11.5    -995    -995    -995
 KIN2   133   830     58    1.0    3.5    3.4   302   12.6    0.9    5.5    0.00   980.42    48    1.3    2.4   -995   -995   -995   -995   -995    -995    -995    -995
 KIN2   133   835     59    1.0    3.8    3.7   302   11.0    0.8    5.1    0.00   980.49    62    1.3    2.6   -995   -995   -995   -995   -995    -995    -995    -995
 KIN2   133   840     59    1.1    2.9    2.8   296   15.7    0.7    4.9    0.00   980.52    78    1.3    2.1    8.3    3.6    7.4    9.7   11.5    1.47    1.53    1.54
 KIN2   133   845     58    1.2    3.6    3.5   304   13.4    1.0    6.6    0.00   980.55    95    1.4    2.7   -995   -995   -995   -995   -995    -995    -995    -995
 KIN2   133   850     57    1.5    4.8    4.7   309   14.3    1.1    7.3    0.00   980.57   113    1.7    3.6   -995   -995   -995   -995   -995    -995    -995    -995
 KIN2   133   855     56    1.7    4.6    4.5   313   13.3    1.0    7.3    0.00   980.66   129    1.8    3.7    8.2    3.5    7.3    9.7   11.4    -995    -995    -995
 KIN2   133   860     56    1.8    4.3    4.2   308   12.7    0.9    6.6    0.00   980.69   143    1.8    3.1   -995   -995   -995   -995   -995    -995    -995    -995
 KIN2   133   865     56    1.9    4.4    4.2   307   16.1    1.3    7.2    0.00   980.79   157    1.9    3.3   -995   -995   -995   -995   -995    -995    -995    -995
 KIN2   133   870     56    2.0    4.3    4.2   311   13.2    1.1    7.0    0.00   980.86   171    2.0    3.2    8.2    3.5    7.3    9.6   11.4    1.46    1.52    1.53
 KIN2   133   875     56    2.1    4.2    4.1   311   11.8    1.1    7.1    0.00   980.97   185    2.1    3.2   -995   -995   -995   -995   -995    -995    -995    -995
 KIN2   133   880     55    2.2    4.6    4.5   310   12.6    1.0    7.3    0.00   981.06   199    2.2    3.4   -995   -995   -995   -995   -995    -995    -995    -995
 KIN2   133   885     54    2.3    5.1    5.0   308   12.8    1.0    8.5    0.00   981.12   213    2.3    4.1    8.1    3.5    7.2    9.6   11.4    -995    -995    -995
 KIN2   133   890     54    2.5    5.3    5.2   309   13.0    1.1    9.1    0.00   981.15   228    2.4    4.2   -995   -995   -995   -995   -995    -995    -995    -995
 KIN2   133   895     53    2.7    5.6    5.4   308   14.0    1.1    8.7    0.00   981.24   242    2.6    4.4   -995   -995   -995   -995   -995    -995    -995    -995
 KIN2   133   900     52    2.9    6.3    6.1   312   12.8    1.4    9.4    0.00   981.37   256    2.7    4.9    8.1    3.4    7.3    9.6   11.4    1.47    1.53    1.53
 KIN2   133   905     51    3.1    6.0    5.9   313   10.3    1.1    8.3    0.00   981.39   270    2.9    4.6   -995   -995   -995   -995   -995    -995    -995    -995
 KIN2   133   910     51    3.3    6.1    6.0   308   13.0    1.6   11.1    0.00   981.37   284    3.0    4.6   -995   -995   -995   -995   -995    -995    -995    -995
 KIN2   133   915     50    3.3    6.9    6.8   306   10.7    1.6   10.6    0.00   981.50   298    3.1    5.2    8.1    3.4    7.3    9.6   11.4    -995    -995    -995
 KIN2   133   920     50    3.5    6.4    6.2   312   14.4    1.8    9.9    0.00   981.49   311    3.2    5.2   -995   -995   -995   -995   -995    -995    -995    -995
 KIN2   133   925     50    3.6    6.3    6.1   311   14.1    1.5   10.2    0.00   981.53   321    3.2    4.9   -995   -995   -995   -995   -995    -995    -995    -995
 KIN2   133   930     49    3.6    6.6    6.5   312   13.1    1.8   12.2    0.00   981.59   338    3.4    5.3    8.1    3.5    7.4    9.6   11.4    1.47    1.53    1.53
 KIN2   133   935     49    3.8    5.8    5.6   313   12.5    1.6    9.7    0.00   981.57   351    3.5    4.4   -995   -995   -995   -995   -995    -995    -995    -995
 KIN2   133   940     49    4.0    5.9    5.7   316   16.1    1.8   11.1    0.00   981.55   363    3.6    4.8   -995   -995   -995   -995   -995    -995    -995    -995
 KIN2   133   945     49    4.0    6.8    6.6   321   15.4    1.4   10.1    0.00   981.68   376    3.6    5.3    8.1    3.5    7.4    9.6   11.4    -995    -995    -995
 KIN2   133   950     49    4.2    6.1    5.9   318   14.3    1.4    9.7    0.00   981.77   387    3.8    5.1   -995   -995   -995   -995   -995    -995    -995    -995
 KIN2   133   955     49    4.1    6.5    6.2   321   17.6    1.7   10.9    0.00   981.81   400    3.7    5.2   -995   -995   -995   -995   -995    -995    -995    -995
 KIN2   133   960     48    4.2    7.5    7.3   318   13.6    1.5   10.9    0.00   981.92   411    3.8    5.9    8.1    3.7    7.5    9.6   11.4    1.46    1.52    1.53
 KIN2   133   965     48    4.4    6.7    6.5   318   12.0    1.5   10.4    0.00   981.98   422    3.9    5.1   -995   -995   -995   -995   -995    -995    -995    -995
 KIN2   133   970     48    4.4    7.2    7.0   322   14.6    1.4    9.7    0.00   982.02   433    3.9    5.6   -995   -995   -995   -995   -995    -995    -995    -995
 KIN2   133   975     48    4.6    6.7    6.5   322   14.1    1.5   10.6    0.00   982.07   444    4.1    5.4    8.1    3.8    7.6    9.6   11.4    -995    -995    -995
 KIN2   133   980     47    4.9    6.7    6.5   318   14.2    1.4   10.4    0.00   982.14   454    4.2    5.3   -995   -995   -995   -995   -995    -995    -995    -995
 KIN2   133   985     47    5.0    6.1    5.9   320   13.1    1.4    9.1    0.00   982.08   464    4.4    4.8   -995   -995   -995   -995   -995    -995    -995    -995
 KIN2   133   990     47    5.3    6.5    6.3   322   14.6    1.5   10.1    0.00   982.12   474    4.6    5.2    8.1    4.0    7.7    9.6   11.4    1.47    1.52    1.53
 KIN2   133   995     46    5.4    6.4    6.2   319   13.7    1.6   10.7    0.00   982.07   483    4.7    5.0   -995   -995   -995   -995   -995    -995    -995    -995
 KIN2   133  1000     46    5.5    6.9    6.7   322   13.7    1.5   10.0    0.00   982.06   494    4.9    5.7   -995   -995   -995   -995   -995    -995    -995    -995
 KIN2   133  1005     46    5.6    7.3    7.1   310   12.9    1.9   11.3    0.00   981.98   500    5.0    5.6    8.1    4.2    7.8    9.6   11.4    -995    -995    -995
 KIN2   133  1010     46    5.8    6.7    6.4   316   15.1    1.4   10.8    0.00   981.93   505    5.2    5.3   -995   -995   -995   -995   -995    -995    -995    -995
 KIN2   133  1015     45    5.9    6.0    5.8   317   13.4    1.3    8.8    0.00   981.95   512    5.4    4.9   -995   -995   -995   -995   -995    -995    -995    -995
 KIN2   133  1020     46    6.4    6.0    5.9   314   12.8    1.4    9.7    0.00   982.08   516    5.7    4.7    8.1    4.5    7.9    9.5   11.4    1.46    1.52    1.53
 KIN2   133  1025     45    6.3    6.7    6.5   314   16.7    1.5   10.4    0.00   982.05   517    5.7    5.2   -995   -995   -995   -995   -995    -995    -995    -995
 KIN2   133  1030     44    6.5    6.6    6.4   320   13.3    1.4   10.2    0.00   982.02   539    5.8    5.3   -995   -995   -995   -995   -995    -995    -995    -995
 KIN2   133  1035     45    6.4    7.5    7.3   320   12.9    1.6   11.3    0.00   982.03   518    5.8    5.7    8.2    4.7    8.0    9.5   11.4    -995    -995    -995
 KIN2   133  1040     45    6.4    7.4    7.2   324   12.0    1.5   11.0    0.00   982.01   541    5.8    6.1   -995   -995   -995   -995   -995    -995    -995    -995
 KIN2   133  1045     44    6.7    7.9    7.7   319   13.5    1.6   12.0    0.00   982.03   529    6.1    6.1   -995   -995   -995   -995   -995    -995    -995    -995
 KIN2   133  1050     44    6.7    7.6    7.4   322   12.6    1.6   11.2    0.00   981.97   474    6.1    6.3    8.2    5.0    8.1    9.5   11.4    1.46    1.53    1.52
 KIN2   133  1055     44    6.9    6.3    6.1   321   12.7    1.9   11.3    0.00   981.82   468    6.3    4.9   -995   -995   -995   -995   -995    -995    -995    -995
 KIN2   133  1060     44    6.7    7.3    7.1   318   13.4    1.5   10.9    0.00   981.72   427    6.2    5.9   -995   -995   -995   -995   -995    -995    -995    -995
 KIN2   133  1065     44    7.1    6.6    6.4   324   12.7    1.2   10.8    0.00   981.70   550    6.5    5.2    8.3    5.2    8.2    9.5   11.4    -995    -995    -995
 KIN2   133  1070     43    7.5    6.5    6.3   317   13.1    1.4   10.2    0.00   981.64   541    6.8    4.9   -995   -995   -995   -995   -995    -995    -995    -995
 KIN2   133  1075     43    7.4    7.3    7.1   316   12.6    1.4   10.4    0.00   981.58   539    6.7    5.7   -995   -995   -995   -995   -995    -995    -995    -995
 KIN2   133  1080     42    7.6    7.2    7.0   322   13.3    1.4   10.8    0.00   981.54   584    6.9    5.7    8.3    5.5    8.3    9.5   11.4    1.46    1.52    1.52
 KIN2   133  1085     42    8.2    5.4    5.2   313   16.5    1.7    9.1    0.00   981.47   604    7.5    4.4   -995   -995   -995   -995   -995    -995    -995    -995
 KIN2   133  1090     41    8.1    6.6    6.5   322   12.9    1.6   10.5    0.00   981.56   595    7.3    5.3   -995   -995   -995   -995   -995    -995    -995    -995
 KIN2   133  1095     41    8.2    6.6    6.4   320   14.1    1.5   10.6    0.00   981.44   584    7.5    5.4    8.3    5.7    8.4    9.5   11.4    -995    -995    -995
 KIN2   133  1100     41    8.5    6.7    6.5   328   15.0    2.0   11.5    0.00   981.39   586    7.7    5.5   -995   -995   -995   -995   -995    -995    -995    -995
 KIN2   133  1105     41    8.6    5.7    5.6   314   14.0    1.3    8.6    0.00   981.28   588    7.8    4.5   -995   -995   -995   -995   -995    -995    -995    -995
 KIN2   133  1110     41    8.6    6.6    6.3   318   19.3    1.5   11.5    0.00   981.18   587    7.8    5.2    8.4    5.9    8.5    9.5   11.4    1.46    1.53    1.52
 KIN2   133  1115     41    8.7    6.0    5.8   319   13.2    1.6   10.4    0.00   981.15   589    7.9    4.6   -995   -995   -995   -995   -995    -995    -995    -995
 KIN2   133  1120     40    8.8    7.4    7.1   311   13.5    1.8   12.0    0.00   981.07   591    8.0    5.6   -995   -995   -995   -995   -995    -995    -995    -995
 KIN2   133  1125     40    8.8    6.6    6.4   318   13.6    1.9   10.4    0.00   981.03   591    8.1    5.1    8.4    6.2    8.6    9.5   11.4    -995    -995    -995
 KIN2   133  1130     39    9.0    6.9    6.6   311   16.6    1.8   10.8    0.00   980.96   589    8.2    5.3   -995   -995   -995   -995   -995    -995    -995    -995
 KIN2   133  1135     40    9.2    6.7    6.5   322   14.4    1.5   12.4    0.00   981.02   544    8.5    5.2   -995   -995   -995   -995   -995    -995    -995    -995
 KIN2   133  1140     39    9.3    6.9    6.7   326   13.4    1.6   10.3    0.00   981.03   560    8.5    5.4    8.5    6.4    8.8    9.5   11.4    1.47    1.52    1.52
 KIN2   133  1145     38    9.3    7.1    6.9   326   15.3    1.8   10.9    0.00   981.03   564    8.6    5.9   -995   -995   -995   -995   -995    -995    -995    -995
 KIN2   133  1150     39    9.4    6.2    5.9   317   15.1    1.5   10.6    0.00   981.13   558    8.6    5.1   -995   -995   -995   -995   -995    -995    -995    -995
 KIN2   133  1155     39    9.5    5.9    5.7   323   15.2    1.4    9.1    0.00   981.02   555    8.9    4.9    8.5    6.7    8.9    9.5   11.4    -995    -995    -995
 KIN2   133  1160     38    9.7    6.9    6.7   311   13.9    2.0   10.4    0.00   980.95   549    8.9    5.3   -995   -995   -995   -995   -995    -995    -995    -995
 KIN2   133  1165     38    9.6    7.0    6.8   314   14.1    1.5   10.2    0.00   980.92   545    8.9    5.5   -995   -995   -995   -995   -995    -995    -995    -995
 KIN2   133  1170     37    9.8    7.0    6.6   322   19.3    1.9   11.5    0.00   980.98   540    9.1    5.5    8.6    6.9    8.9    9.5   11.4    1.46    1.53    1.52
 KIN2   133  1175     37    9.9    7.0    6.8   327   11.8    1.5   11.5    0.00   981.01   533    9.1    5.6   -995   -995   -995   -995   -995    -995    -995    -995
 KIN2   133  1180     37   10.0    6.1    6.0   310   14.5    1.7    9.8    0.00   980.94   528    9.3    4.9   -995   -995   -995   -995   -995    -995    -995    -995
 KIN2   133  1185     36    9.8    7.9    7.8   312   11.2    1.5   11.7    0.00   980.95   521    9.2    6.1    8.6    7.1    9.0    9.5   11.4    -995    -995    -995
 KIN2   133  1190     37    9.9    7.0    6.8   313   13.2    1.6   10.7    0.00   980.97   513    9.3    5.4   -995   -995   -995   -995   -995    -995    -995    -995
 KIN2   133  1195     37   10.0    6.6    6.3   325   15.0    1.5   10.5    0.00   980.98   507    9.4    5.2   -995   -995   -995   -995   -995    -995    -995    -995
 KIN2   133  1200     37   10.1    6.9    6.7   308   14.7    1.8   10.6    0.00   980.96   500    9.5    5.5    8.7    7.3    9.1    9.5   11.4    1.46    1.53    1.52
 KIN2   133  1205     37   10.0    7.1    6.9   306   13.3    1.5   10.3    0.00   980.95   494    9.4    5.4   -995   -995   -995   -995   -995    -995    -995    -995
 KIN2   133  1210     36   10.1    7.2    7.0   318   13.6    1.8   12.4    0.00   981.09   475    9.6    5.7   -995   -995   -995   -995   -995    -995    -995    -995
 KIN2   133  1215     36   10.1    7.2    7.0   317   12.3    1.7   10.6    0.00   981.11   459    9.5    5.8    8.8    7.5    9.1    9.5   11.4    -995    -995    -995
 KIN2   133  1220     36   10.0    7.9    7.7   327   13.1    1.6   12.8    0.00   981.21   460    9.5    6.4   -995   -995   -995   -995   -995    -995    -995    -995
 KIN2   133  1225     36   10.0    8.0    7.7   323   13.7    2.0   12.5    0.00   981.27   451    9.5    6.1   -995   -995   -995   -995   -995    -995    -995    -995
 KIN2   133  1230     36   10.0    8.5    8.2   324   13.9    1.9   13.4    0.00   981.28   439    9.5    6.4    8.8    7.7    9.1    9.6   11.5    1.46    1.52    1.52
 KIN2   133  1235     36   10.0    7.5    7.3   318   13.0    1.8   11.9    0.00   981.24   425    9.5    5.8   -995   -995   -995   -995   -995    -995    -995    -995
 KIN2   133  1240     36   10.1    6.7    6.4   314   16.5    1.7   11.3    0.00   981.18   416    9.7    5.3   -995   -995   -995   -995   -995    -995    -995    -995
 KIN2   133  1245     35   10.2    7.0    6.7   322   15.8    1.4   10.7    0.00   981.18   405    9.8    5.5    8.9    7.8    9.1    9.6   11.5    -995    -995    -995
 KIN2   133  1250     36   10.2    6.2    6.0   321   15.6    1.3    9.8    0.00   981.22   390    9.7    4.9   -995   -995   -995   -995   -995    -995    -995    -995
 KIN2   133  1255     35   10.1    7.3    7.2   333   11.5    1.3   11.0    0.00   981.28   382    9.7    6.0   -995   -995   -995   -995   -995    -995    -995    -995
 KIN2   133  1260     36   10.2    6.8    6.6   331   14.6    1.6   10.6    0.00   981.32   368    9.8    5.3    8.9    7.9    9.1    9.6   11.5    1.46    1.53    1.52
 KIN2   133  1265     36   10.2    6.7    6.5   330   14.3    1.4   10.6    0.00   981.31   353    9.8    5.5   -995   -995   -995   -995   -995    -995    -995    -995
 KIN2   133  1270     36   10.2    6.2    6.0   322   15.9    1.4   10.2    0.00   981.29   346    9.8    4.8   -995   -995   -995   -995   -995    -995    -995    -995
 KIN2   133  1275     35   10.1    6.6    6.2   327   20.7    1.4   10.0    0.00   981.39   332    9.8    5.2    8.9    8.0    9.1    9.6   11.5    -995    -995    -995
 KIN2   133  1280     36   10.2    5.8    5.6   317   14.9    1.8   11.4    0.00   981.44   318    9.9    4.7   -995   -995   -995   -995   -995    -995    -995    -995
 KIN2   133  1285     36   10.1    7.4    7.2   324   13.0    1.5   11.3    0.00   981.47   303    9.8    5.8   -995   -995   -995   -995   -995    -995    -995    -995
 KIN2   133  1290     35   10.1    7.7    7.6   328   11.4    1.8   12.2    0.00   981.55   292    9.8    6.2    9.0    8.0    9.1    9.6   11.5    1.46    1.53    1.52
 KIN2   133  1295     36   10.1    7.2    6.8   329   18.1    2.1   11.9    0.00   981.55   278    9.9    5.6   -995   -995   -995   -995   -995    -995    -995    -995
 KIN2   133  1300     36   10.1    6.8    6.6   328   12.7    1.7   11.9    0.00   981.52   265    9.8    5.4   -995   -995   -995   -995   -995    -995    -995    -995
 KIN2   133  1305     36   10.0    6.6    6.4   318   14.8    1.7   11.2    0.00   981.62   245    9.9    5.4    9.0    8.1    9.1    9.7   11.5    -995    -995    -995
 KIN2   133  1310     36   10.0    6.3    6.1   326   15.1    1.7   10.3    0.00   981.67   235    9.9    5.2   -995   -995   -995   -995   -995    -995    -995    -995
 KIN2   133  1315     37   10.0    6.5    6.3   325   13.9    1.8   12.0    0.00   981.74   223    9.9    5.2   -995   -995   -995   -995   -995    -995    -995    -995
 KIN2   133  1320     36    9.9    6.6    6.4   334   16.0    1.3   10.1    0.00   981.77   206    9.9    5.1    9.0    8.1    9.1    9.7   11.5    1.46    1.53    1.52
 KIN2   133  1325     37    9.9    6.1    6.0   324   13.7    1.3    9.7    0.00   981.74   193    9.9    4.6   -995   -995   -995   -995   -995    -995    -995    -995
 KIN2   133  1330     37    9.9    6.0    5.8   319   13.2    1.5   10.4    0.00   981.88   179    9.9    4.5   -995   -995   -995   -995   -995    -995    -995    -995
 KIN2   133  1335     37    9.8    6.4    6.3   327   12.3    1.4    9.8    0.00   981.94   166    9.8    4.9    9.1    8.0    9.1    9.7   11.5    -995    -995    -995
 KIN2   133  1340     37    9.7    6.4    6.3   321   11.8    1.4    9.9    0.00   982.01   152    9.8    4.9   -995   -995   -995   -995   -995    -995    -995    -995
 KIN2   133  1345     38    9.6    5.6    5.3   323   17.1    1.1    8.3    0.00   982.09   139    9.7    4.3   -995   -995   -995   -995   -995    -995    -995    -995
 KIN2   133  1350     38    9.5    5.3    5.2   327   12.3    1.2    7.9    0.00   982.14   123    9.7    4.2    9.1    8.0    9.0    9.7   11.5    1.46    1.52    1.52
 KIN2   133  1355     38    9.4    5.8    5.7   328   12.5    1.4    9.3    0.00   982.22   106    9.7    4.5   -995   -995   -995   -995   -995    -995    -995    -995
 KIN2   133  1360     39    9.3    4.7    4.6   325   12.8    1.0    7.0    0.00   982.22    85    9.6    3.8   -995   -995   -995   -995   -995    -995    -995    -995
 KIN2   133  1365     40    9.1    5.1    4.9   327   16.3    1.1    7.4    0.00   982.24    66    9.4    4.0    9.1    7.9    9.0    9.8   11.6    -995    -995    -995
 KIN2   133  1370     40    9.0    5.5    5.4   327   11.1    1.4    9.3    0.00   982.29    35    9.4    4.1   -995   -995   -995   -995   -995    -995    -995    -995
 KIN2   133  1375     40    8.8    4.4    4.3   330   14.2    1.1    7.0    0.00   982.34    17    9.2    3.5   -995   -995   -995   -995   -995    -995    -995    -995
 KIN2   133  1380     41    8.6    4.7    4.5   340   15.8    1.0    6.8    0.00   982.43    14    9.0    3.8    9.1    7.8    9.0    9.8   11.6    1.46    1.53    1.51
 KIN2   133  1385     42    8.3    3.9    3.7   335   15.9    0.7    5.7    0.00   982.55    11    8.8    3.0   -995   -995   -995   -995   -995    -995    -995    -995
 KIN2   133  1390     43    8.1    3.6    3.5   333   14.0    0.8    5.5    0.00   982.59     9    8.6    2.8   -995   -995   -995   -995   -995    -995    -995    -995
 KIN2   133  1395     43    7.9    3.2    3.1   331   16.9    0.8    5.0    0.00   982.69     7    8.4    2.4    9.1    7.7    9.0    9.9   11.7    -995    -995    -995
 KIN2   133  1400     45    7.5    2.7    2.6   324   11.5    0.7    4.4    0.00   982.66     6    8.1    1.9   -995   -995   -995   -995   -995    -995    -995    -995
 KIN2   133  1405     46    7.3    2.9    2.9   325   10.3    0.6    4.4    0.00   982.75     4    8.0    1.9   -995   -995   -995   -995   -995    -995    -995    -995
 KIN2   133  1410     47    7.0    2.5    2.4   328   10.9    0.5    3.7    0.00   982.78     2    7.7    1.5    9.1    7.5    9.0    9.9   11.7    1.45    1.52    1.52
 KIN2   133  1415     48    6.7    2.1    2.1   334   12.1    0.4    3.1    0.00   982.84     1    7.5    1.3   -995   -995   -995   -995   -995    -995    -995    -995
 KIN2   133  1420     49    6.4    2.0    2.0   338    9.5    0.4    3.1    0.00   982.90     1    7.4    1.2   -995   -995   -995   -995   -995    -995    -995    -995
 KIN2   133  1425     49    6.3    1.7    1.7   337   12.2    0.4    2.7    0.00   982.87     0    7.2    0.8    9.1    7.4    8.9   10.0   11.7    -995    -995    -995
 KIN2   133  1430     50    6.2    1.9    1.9   332   11.1    0.4    3.3    0.00   983.02     0    7.0    1.1   -995   -995   -995   -995   -995    -995    -995    -995
 KIN2   133  1435     51    6.0    2.2    2.1   344   12.4    0.4    3.5    0.00   983.20     0    6.8    1.2   -995   -995   -995   -995   -995    -995    -995    -995
</pre>