<pre>  101 ! (c) 2019 Oklahoma Climatological Survey and the Oklahoma Mesonet - all rights reserved
  21 2019 05 06 00 00 00
 STID  STNM  TIME   RELH   TAIR   WSPD   WVEC  WDIR   WDSD   WSSD   WMAX    RAIN     PRES  SRAD   TA9M   WS2M   TS10   TB10   TS05   TS25   TS60    TR05    TR25    TR60
 KIN2   133     0     74   23.3    5.1    5.1   172    6.4    0.7    6.5    0.25   969.72   120   23.9    3.8   19.0   23.8   19.6   17.4   16.2    1.43    1.53    2.79
 KIN2   133     5     74   23.3    5.2    5.2   172    7.1    0.5    6.5    0.00   969.51   130   23.8    3.7   -995   -995   -995   -995   -995    -995    -995    -995
 KIN2   133    10     75   23.1    4.7    4.7   172    6.1    0.5    5.8    0.00   969.40    87   23.6    3.2   -995   -995   -995   -995   -995    -995    -995    -995
 KIN2   133    15     76   22.9    4.4    4.4   174    6.4    0.5    5.6    0.00   969.32    59   23.4    3.0   19.0   23.7   19.5   17.4   16.2    -995    -995    -995
 KIN2   133    20     77   22.7    4.2    4.2   172    6.5    0.4    5.2    0.00   969.29    48   23.3    2.9   -995   -995   -995   -995   -995    -995    -995    -995
 KIN2   133    25     78   22.7    4.3    4.3   173    5.8    0.5    5.6    0.00   969.45    41   23.3    2.9   -995   -995   -995   -995   -995    -995    -995    -995
 KIN2   133    30     78   22.6    4.1    4.0   173    6.4    0.5    5.6    0.00   969.51    36   23.2    2.7   19.0   23.6   19.5   17.4   16.2    1.42    1.52    2.78
 KIN2   133    35     78   22.6    4.2    4.1   174    6.8    0.5    5.3    0.00   969.50    26   23.2    2.8   -995   -995   -995   -995   -995    -995    -995    -995
 KIN2   133    40     78   22.6    3.9    3.9   175    7.8    0.5    4.8    0.00   969.69    17   23.1    2.7   -995   -995   -995   -995   -995    -995    -995    -995
 KIN2   133    45     78   22.5    4.3    4.3   173    6.7    0.5    5.7    0.00   969.76    15   23.1    2.9   18.9   23.4   19.4   17.5   16.2    -995    -995    -995
 KIN2   133    50     77   22.6    4.0    4.0   168    7.6    0.6    5.6    0.00   969.79    17   23.2    2.7   -995   -995   -995   -995   -995    -995    -995    -995
 KIN2   133    55     78   22.5    3.7    3.6   162    7.3    0.6    5.2    0.00   969.73    18   23.2    2.3   -995   -995   -995   -995   -995    -995    -995    -995
 KIN2   133    60     77   22.5    3.9    3.8   167    6.3    0.4    4.8    0.00   969.89    16   23.1    2.7   18.9   23.2   19.3   17.5   16.2    1.43    1.52    2.78
 KIN2   133    65     78   22.3    3.3    3.3   171    8.1    0.4    4.2    0.00   969.98    10   22.9    2.2   -995   -995   -995   -995   -995    -995    -995    -995
 KIN2   133    70     79   22.3    3.1    3.1   170    6.4    0.4    4.4    0.00   970.12     4   22.9    2.0   -995   -995   -995   -995   -995    -995    -995    -995
 KIN2   133    75     79   22.3    2.6    2.6   161    6.7    0.4    3.5    0.00   970.24     1   22.9    1.6   18.9   23.1   19.3   17.5   16.2    -995    -995    -995
 KIN2   133    80     80   22.2    2.4    2.3   161    5.9    0.3    2.9    0.00   970.33     1   22.9    1.4   -995   -995   -995   -995   -995    -995    -995    -995
 KIN2   133    85     81   22.0    2.4    2.4   162    3.0    0.2    2.9    0.00   970.45     1   22.8    1.2   -995   -995   -995   -995   -995    -995    -995    -995
 KIN2   133    90     83   21.9    2.6    2.6   167    4.0    0.2    3.4    0.00   970.60     0   22.8    1.2   18.8   22.9   19.2   17.5   16.1    1.43    1.52    2.78
 KIN2   133    95     83   21.7    3.2    3.2   166    4.8    0.3    3.9    0.00   970.48     0   22.6    1.6   -995   -995   -995   -995   -995    -995    -995    -995
 KIN2   133   100     84   21.5    4.0    4.0   163    4.7    0.4    5.1    0.00   970.13     0   22.5    2.3   -995   -995   -995   -995   -995    -995    -995    -995
 KIN2   133   105     83   21.5    4.5    4.5   166    5.2    0.4    5.7    0.00   970.01     0   22.4    2.7   18.8   22.8   19.1   17.5   16.1    -995    -995    -995
 KIN2   133   110     82   21.5    4.7    4.6   167    6.2    0.6    6.3    0.00   969.96     0   22.3    3.0   -995   -995   -995   -995   -995    -995    -995    -995
 KIN2   133   115     81   21.7    5.2    5.1   169    7.0    0.6    6.5    0.00   969.94     0   22.4    3.5   -995   -995   -995   -995   -995    -995    -995    -995
 KIN2   133   120     81   21.7    4.9    4.9   168    7.2    0.7    6.1    0.00   969.86     0   22.3    3.4   18.8   22.6   19.1   17.5   16.1    1.43    1.53    2.79
 KIN2   133   125     81   21.6    4.0    4.0   163    8.0    0.5    5.3    0.00   969.87     0   22.2    2.8   -995   -995   -995   -995   -995    -995    -995    -995
 KIN2   133   130     81   21.5    3.7    3.7   163    7.2    0.6    4.8    0.00   970.06     0   22.1    2.4   -995   -995   -995   -995   -995    -995    -995    -995
 KIN2   133   135     82   21.4    3.5    3.5   170    8.0    0.5    4.8    0.00   970.37     0   22.0    2.4   18.7   22.5   19.0   17.5   16.1    -995    -995    -995
 KIN2   133   140     82   21.3    4.0    3.9   174    7.4    0.6    5.4    0.00   970.38     0   21.9    2.8   -995   -995   -995   -995   -995    -995    -995    -995
 KIN2   133   145     83   21.2    4.3    4.3   178    6.9    0.6    5.4    0.00   970.50     0   21.8    2.8   -995   -995   -995   -995   -995    -995    -995    -995
 KIN2   133   150     83   21.2    4.2    4.1   178    7.0    0.5    5.3    0.00   970.58     0   21.8    2.8   18.7   22.3   19.0   17.5   16.1    1.43    1.53    2.78
 KIN2   133   155     83   21.2    4.2    4.2   181    5.6    0.5    5.5    0.00   970.55     0   21.7    2.8   -995   -995   -995   -995   -995    -995    -995    -995
 KIN2   133   160     84   21.1    4.6    4.6   181    6.6    0.5    5.8    0.00   970.35     0   21.6    2.9   -995   -995   -995   -995   -995    -995    -995    -995
 KIN2   133   165     84   21.0    4.8    4.7   176    6.1    0.5    5.9    0.00   970.09     0   21.6    3.2   18.7   22.2   18.9   17.5   16.1    -995    -995    -995
 KIN2   133   170     84   21.0    4.6    4.6   178    6.6    0.5    6.0    0.00   970.11     0   21.5    3.2   -995   -995   -995   -995   -995    -995    -995    -995
 KIN2   133   175     85   20.9    4.2    4.2   182    5.8    0.4    5.2    0.00   970.28     0   21.3    2.8   -995   -995   -995   -995   -995    -995    -995    -995
 KIN2   133   180     86   20.7    3.9    3.9   183    8.1    0.5    4.9    0.00   970.33     0   21.2    2.6   18.6   22.0   18.9   17.5   16.1    1.43    1.53    2.78
 KIN2   133   185     86   20.7    4.0    4.0   182    7.0    0.9    6.3    0.00   970.46     0   21.2    2.7   -995   -995   -995   -995   -995    -995    -995    -995
 KIN2   133   190     86   20.9    4.7    4.7   182    7.2    0.7    6.8    0.00   970.54     0   21.4    3.4   -995   -995   -995   -995   -995    -995    -995    -995
 KIN2   133   195     86   20.9    4.7    4.7   188    7.6    0.7    6.3    0.00   970.73     0   21.3    3.3   18.6   21.9   18.8   17.6   16.1    -995    -995    -995
 KIN2   133   200     86   20.8    4.4    4.4   185    8.1    0.6    6.0    0.00   970.75     0   21.3    3.1   -995   -995   -995   -995   -995    -995    -995    -995
 KIN2   133   205     87   20.8    3.9    3.9   194    7.9    0.6    5.2    0.00   971.07     0   21.2    2.7   -995   -995   -995   -995   -995    -995    -995    -995
 KIN2   133   210     88   20.5    3.8    3.7   183   10.9    0.5    5.1    0.76   970.99     0   21.0    2.5   18.6   21.8   18.8   17.6   16.1    1.43    1.52    2.78
 KIN2   133   215     90   20.4    4.8    4.7   168    8.7    0.6    6.2    0.76   970.40     0   20.9    3.3   -995   -995   -995   -995   -995    -995    -995    -995
 KIN2   133   220     91   20.4    5.1    4.9   211   15.9    0.8    6.5    1.02   970.86     0   20.8    3.2   -995   -995   -995   -995   -995    -995    -995    -995
 KIN2   133   225     92   20.4    3.4    3.3   231   14.9    0.8    5.3    1.02   971.31     0   20.7    1.9   18.6   21.6   18.8   17.6   16.1    -995    -995    -995
 KIN2   133   230     91   20.4    3.7    3.5   214   17.0    1.4    8.7    1.02   971.65     0   20.8    2.6   -995   -995   -995   -995   -995    -995    -995    -995
 KIN2   133   235     90   20.2    6.4    6.2   196   13.2    1.6   10.9    1.02   971.68     0   20.8    4.6   -995   -995   -995   -995   -995    -995    -995    -995
 KIN2   133   240     89   20.3    5.3    5.3   196    8.0    1.1    7.9    1.02   971.72     0   20.8    3.6   18.6   21.5   18.7   17.6   16.1    1.43    1.52    2.77
 KIN2   133   245     90   20.4    5.0    4.9   189    8.4    0.7    6.5    1.02   971.66     0   21.0    3.4   -995   -995   -995   -995   -995    -995    -995    -995
 KIN2   133   250     90   20.4    4.2    4.2   193    7.3    0.5    5.3    1.02   971.57     0   21.0    2.7   -995   -995   -995   -995   -995    -995    -995    -995
 KIN2   133   255     90   20.3    3.9    3.9   198    5.5    0.3    4.6    1.02   971.44     0   20.9    2.4   18.5   21.4   18.7   17.6   16.1    -995    -995    -995
 KIN2   133   260     91   19.9    3.6    3.6   202    4.1    0.3    4.8    1.02   971.29     0   20.7    2.0   -995   -995   -995   -995   -995    -995    -995    -995
 KIN2   133   265     92   20.0    4.8    4.8   203    7.6    1.1    7.4    1.02   971.21     0   20.7    3.3   -995   -995   -995   -995   -995    -995    -995    -995
 KIN2   133   270     90   20.2    5.4    5.3   198    8.9    0.9    7.4    1.02   971.13     0   20.8    3.8   18.5   21.3   18.7   17.6   16.1    1.43    1.53    2.78
 KIN2   133   275     88   19.8    5.0    5.0   197    8.5    1.1    8.1    1.02   970.93     0   20.3    3.6   -995   -995   -995   -995   -995    -995    -995    -995
 KIN2   133   280     87   19.6    4.5    4.5   199    9.4    1.0    6.7    1.02   971.01     0   20.1    3.3   -995   -995   -995   -995   -995    -995    -995    -995
 KIN2   133   285     87   19.0    3.6    3.5   194   10.0    0.7    5.1    1.02   971.00     0   19.5    2.2   18.5   21.2   18.6   17.6   16.1    -995    -995    -995
 KIN2   133   290     87   18.9    2.6    0.1    45   78.3    1.4    5.2    1.02   971.66     0   19.4    1.8   -995   -995   -995   -995   -995    -995    -995    -995
 KIN2   133   295     84   18.8    5.3    5.0    20   16.4    1.3    8.4    1.02   972.39     0   19.2    4.0   -995   -995   -995   -995   -995    -995    -995    -995
 KIN2   133   300     76   17.7    5.8    5.7    13   10.7    0.8    7.7    1.02   973.21     0   18.1    4.3   18.5   21.1   18.6   17.6   16.2    1.43    1.53    2.77
 KIN2   133   305     79   17.3    6.5    6.1   352   20.6    2.4   13.9    1.02   974.20     0   17.7    5.2   -995   -995   -995   -995   -995    -995    -995    -995
 KIN2   133   310     82   16.6    9.0    8.6   358   17.9    1.8   13.2    1.02   974.70     0   16.8    6.9   -995   -995   -995   -995   -995    -995    -995    -995
 KIN2   133   315     87   15.8    5.8    5.6   351   16.8    1.3    9.5    1.02   974.99     0   16.0    4.6   18.5   21.0   18.6   17.7   16.2    -995    -995    -995
 KIN2   133   320     91   15.3    8.1    7.8     9   17.4    1.9   12.1    1.02   974.44     0   15.4    6.2   -995   -995   -995   -995   -995    -995    -995    -995
 KIN2   133   325     93   14.8    9.4    9.2    21   11.6    1.5   12.6    1.02   973.67     0   14.9    7.0   -995   -995   -995   -995   -995    -995    -995    -995
 KIN2   133   330     94   14.5    7.4    7.3    35   10.8    2.1   11.8    1.27   973.43     0   14.7    6.0   18.5   21.0   18.7   17.8   16.3    1.42    1.52    2.77
 KIN2   133   335     94   14.5    5.8    5.7    53   11.1    1.0    8.0    1.27   973.47     0   14.6    4.5   -995   -995   -995   -995   -995    -995    -995    -995
 KIN2   133   340     95   14.5    5.6    5.5    60    7.4    0.8    7.3    1.27   973.26     0   14.7    4.1   -995   -995   -995   -995   -995    -995    -995    -995
 KIN2   133   345     95   14.6    4.6    4.4    87   17.0    0.8    6.2    1.27   973.36     0   14.6    3.0   18.5   20.8   18.6   17.8   16.3    -995    -995    -995
 KIN2   133   350     95   14.6    4.1    4.0   113   12.5    0.7    6.0    1.27   973.36     0   14.7    3.2   -995   -995   -995   -995   -995    -995    -995    -995
 KIN2   133   355     96   14.6    4.9    4.8    81    9.8    0.6    6.4    1.27   973.24     0   14.7    3.3   -995   -995   -995   -995   -995    -995    -995    -995
 KIN2   133   360     95   14.7    4.6    4.6    89   10.7    0.7    6.4    1.27   973.16     0   14.9    3.3   18.4   20.6   18.5   17.7   16.3    1.43    1.52    2.78
 KIN2   133   365     95   14.9    3.3    3.2   100   12.7    0.7    5.3    1.27   973.17     0   15.0    2.4   -995   -995   -995   -995   -995    -995    -995    -995
 KIN2   133   370     94   15.0    2.0    1.9    96   16.7    0.6    3.5    1.27   973.04     0   15.1    1.2   -995   -995   -995   -995   -995    -995    -995    -995
 KIN2   133   375     93   15.1    3.1    3.1    86   10.6    0.6    4.6    1.27   972.94     0   15.3    2.2   18.4   20.4   18.4   17.7   16.2    -995    -995    -995
 KIN2   133   380     92   15.1    1.8    1.7    92   14.1    0.7    3.7    1.27   972.87     0   15.4    1.0   -995   -995   -995   -995   -995    -995    -995    -995
 KIN2   133   385     92   15.1    0.8    0.7    89   28.4    0.4    1.9    1.27   972.98     0   15.4    0.1   -995   -995   -995   -995   -995    -995    -995    -995
 KIN2   133   390     92   15.1    2.5    2.5    78    9.9    0.4    3.6    1.27   972.99     0   15.5    1.6   18.3   20.3   18.3   17.7   16.2    1.42    1.52    2.77
 KIN2   133   395     92   15.1    2.4    2.3    76   14.7    0.4    3.5    1.27   972.99     0   15.5    1.3   -995   -995   -995   -995   -995    -995    -995    -995
 KIN2   133   400     92   15.1    2.0    1.9   102   17.6    0.9    4.7    1.27   972.89     0   15.5    1.2   -995   -995   -995   -995   -995    -995    -995    -995
 KIN2   133   405     92   15.1    1.3    1.2   103   25.3    0.5    2.9    1.27   972.96     0   15.5    0.8   18.3   20.1   18.2   17.6   16.2    -995    -995    -995
 KIN2   133   410     91   15.1    1.3    1.2   116   19.0    0.5    2.7    1.27   972.86     0   15.5    0.7   -995   -995   -995   -995   -995    -995    -995    -995
 KIN2   133   415     91   15.1    1.9    1.9   122    8.4    0.4    2.8    1.27   972.81     0   15.5    1.4   -995   -995   -995   -995   -995    -995    -995    -995
 KIN2   133   420     91   15.2    0.9    0.8   132   16.4    0.3    1.7    1.27   972.79     0   15.6    0.2   18.2   20.0   18.1   17.6   16.2    1.43    1.52    2.77
 KIN2   133   425     90   15.2    1.7    1.7   168    9.9    0.2    2.5    1.27   972.74     0   15.7    0.9   -995   -995   -995   -995   -995    -995    -995    -995
 KIN2   133   430     91   15.1    1.4    1.4   158   13.1    0.2    2.2    1.27   972.67     0   15.7    0.3   -995   -995   -995   -995   -995    -995    -995    -995
 KIN2   133   435     91   15.1    0.4    0.4   169   15.1    0.4    1.7    1.27   972.67     0   15.6    0.0   18.2   19.9   18.1   17.6   16.2    -995    -995    -995
 KIN2   133   440     91   15.0    0.0    0.0   127    7.1    0.1    0.4    1.27   972.57     0   15.4    0.0   -995   -995   -995   -995   -995    -995    -995    -995
 KIN2   133   445     92   14.9    0.7    0.7   138   12.0    0.2    1.2    1.27   972.60     0   15.5    0.1   -995   -995   -995   -995   -995    -995    -995    -995
 KIN2   133   450     93   14.9    1.7    1.7   156    6.5    0.3    2.2    1.27   972.60     0   15.7    1.1   18.2   19.8   18.0   17.6   16.2    1.43    1.52    2.77
 KIN2   133   455     92   14.9    1.8    1.8   157    6.1    0.2    2.5    1.27   972.63     0   15.6    0.6   -995   -995   -995   -995   -995    -995    -995    -995
 KIN2   133   460     92   14.7    1.7    1.7   144   10.6    0.2    2.3    1.27   972.78     0   15.4    0.4   -995   -995   -995   -995   -995    -995    -995    -995
 KIN2   133   465     93   14.8    2.1    2.0   136    9.7    0.4    3.1    1.27   972.96     0   15.5    1.0   18.1   19.6   18.0   17.6   16.2    -995    -995    -995
 KIN2   133   470     92   14.9    2.0    2.0   131   10.2    0.4    2.8    1.27   973.00     0   15.5    1.1   -995   -995   -995   -995   -995    -995    -995    -995
 KIN2   133   475     92   14.9    1.7    1.6    98   18.3    0.4    2.5    1.27   973.03     0   15.5    0.8   -995   -995   -995   -995   -995    -995    -995    -995
 KIN2   133   480     92   14.8    2.2    2.2    73    8.6    0.3    3.1    1.27   972.97     0   15.4    1.4   18.1   19.5   18.0   17.6   16.2    1.43    1.53    2.77
 KIN2   133   485     92   14.8    1.8    1.8    75   12.1    0.3    2.5    1.27   972.93     0   15.4    1.0   -995   -995   -995   -995   -995    -995    -995    -995
 KIN2   133   490     92   14.8    1.4    1.4   105   18.0    0.4    2.4    1.27   972.81     0   15.2    0.5   -995   -995   -995   -995   -995    -995    -995    -995
 KIN2   133   495     92   14.7    1.4    1.3   117   19.6    0.4    2.5    1.27   972.84     0   15.2    0.4   18.0   19.4   17.9   17.6   16.2    -995    -995    -995
 KIN2   133   500     93   14.7    1.1    1.0    96   29.8    0.4    2.1    1.27   972.92     0   15.2    0.3   -995   -995   -995   -995   -995    -995    -995    -995
 KIN2   133   505     93   14.6    1.3    1.3    63    8.9    0.3    2.3    1.27   972.87     0   15.2    0.4   -995   -995   -995   -995   -995    -995    -995    -995
 KIN2   133   510     93   14.6    1.6    1.5    81   14.0    0.3    2.5    1.27   972.90     0   15.1    0.5   18.0   19.3   17.9   17.6   16.2    1.43    1.52    2.77
 KIN2   133   515     93   14.5    1.6    1.6    90    9.4    0.2    2.2    1.27   973.00     0   15.2    0.3   -995   -995   -995   -995   -995    -995    -995    -995
 KIN2   133   520     94   14.7    1.4    1.3   123   22.0    0.3    2.4    1.27   973.23     0   15.2    0.3   -995   -995   -995   -995   -995    -995    -995    -995
 KIN2   133   525     94   15.1    1.7    1.6   119   13.7    0.3    2.4    1.27   973.29     0   15.4    1.0   18.0   19.2   17.8   17.6   16.2    -995    -995    -995
 KIN2   133   530     93   15.3    1.6    1.6   132   10.2    0.4    2.6    1.27   973.29     0   15.6    0.9   -995   -995   -995   -995   -995    -995    -995    -995
 KIN2   133   535     92   15.5    2.4    2.3   126   11.9    0.6    4.3    1.27   973.32     0   15.8    1.7   -995   -995   -995   -995   -995    -995    -995    -995
 KIN2   133   540     90   15.7    2.4    2.4   121    9.6    0.5    3.8    1.27   973.42     0   16.1    1.5   17.9   19.0   17.7   17.6   16.2    1.43    1.52    2.77
 KIN2   133   545     90   15.8    2.6    2.5   121   11.5    0.5    3.8    1.27   973.43     0   16.2    1.8   -995   -995   -995   -995   -995    -995    -995    -995
 KIN2   133   550     89   15.8    2.9    2.8   101   10.9    0.5    4.0    1.27   973.39     0   16.2    1.8   -995   -995   -995   -995   -995    -995    -995    -995
 KIN2   133   555     89   15.8    2.8    2.8   102   11.5    0.5    3.9    1.27   973.45     0   16.3    1.9   17.8   18.9   17.7   17.5   16.1    -995    -995    -995
 KIN2   133   560     88   16.1    3.2    3.1   107   10.3    0.5    4.5    1.27   973.56     0   16.4    2.2   -995   -995   -995   -995   -995    -995    -995    -995
 KIN2   133   565     88   16.2    3.4    3.3   114   10.1    0.5    4.9    1.27   973.50     0   16.5    2.5   -995   -995   -995   -995   -995    -995    -995    -995
 KIN2   133   570     87   16.3    3.2    3.2   119    9.4    0.6    4.6    1.27   973.63     0   16.6    2.4   17.8   18.8   17.6   17.5   16.1    1.43    1.52    2.76
 KIN2   133   575     87   16.3    3.7    3.6   116    9.9    0.7    5.3    1.27   973.70     0   16.6    2.8   -995   -995   -995   -995   -995    -995    -995    -995
 KIN2   133   580     87   16.3    3.3    3.2   123   10.4    0.8    5.0    1.27   973.73     0   16.6    2.5   -995   -995   -995   -995   -995    -995    -995    -995
 KIN2   133   585     88   16.3    3.4    3.4   122   11.7    0.6    5.4    1.27   973.76     0   16.6    2.4   17.8   18.7   17.6   17.5   16.1    -995    -995    -995
 KIN2   133   590     87   16.3    3.5    3.4   112   10.9    0.7    5.8    1.27   973.80     0   16.6    2.6   -995   -995   -995   -995   -995    -995    -995    -995
 KIN2   133   595     87   16.3    4.3    4.2   102   10.7    0.8    6.1    1.27   973.72     0   16.6    3.2   -995   -995   -995   -995   -995    -995    -995    -995
 KIN2   133   600     87   16.3    4.6    4.6   104    9.5    0.9    6.4    1.27   973.70     0   16.6    3.4   17.7   18.7   17.6   17.5   16.1    1.43    1.53    2.77
 KIN2   133   605     88   16.2    4.8    4.8   103    8.5    0.8    6.7    1.27   973.74     0   16.5    3.7   -995   -995   -995   -995   -995    -995    -995    -995
 KIN2   133   610     88   16.1    4.4    4.4   100   10.3    0.9    6.0    1.27   973.72     0   16.5    3.1   -995   -995   -995   -995   -995    -995    -995    -995
 KIN2   133   615     88   16.1    4.1    4.1    98   10.4    0.8    6.9    1.27   973.77     0   16.5    2.9   17.7   18.6   17.6   17.5   16.2    -995    -995    -995
 KIN2   133   620     87   16.1    4.3    4.3    95    8.1    0.9    6.4    1.27   973.80     0   16.5    3.0   -995   -995   -995   -995   -995    -995    -995    -995
 KIN2   133   625     88   16.0    4.5    4.4    98    8.4    0.8    6.3    1.27   973.76     0   16.4    3.1   -995   -995   -995   -995   -995    -995    -995    -995
 KIN2   133   630     88   15.9    3.8    3.7   100   10.6    0.8    5.3    1.27   973.74     0   16.3    2.7   17.7   18.6   17.6   17.5   16.2    1.43    1.52    2.77
 KIN2   133   635     89   15.9    4.0    3.9   100   10.1    0.6    5.3    1.27   973.81     0   16.2    2.7   -995   -995   -995   -995   -995    -995    -995    -995
 KIN2   133   640     89   15.8    3.6    3.5   102    9.9    0.9    6.1    1.27   973.88     0   16.2    2.4   -995   -995   -995   -995   -995    -995    -995    -995
 KIN2   133   645     89   15.8    4.0    4.0   102   10.6    0.6    5.2    1.27   973.88     0   16.2    2.9   17.7   18.6   17.6   17.5   16.2    -995    -995    -995
 KIN2   133   650     89   15.8    3.7    3.6   106   10.3    0.8    5.7    1.27   973.88     0   16.1    2.7   -995   -995   -995   -995   -995    -995    -995    -995
 KIN2   133   655     90   15.6    3.7    3.6   107    9.9    0.7    5.5    1.27   973.85     0   15.9    2.6   -995   -995   -995   -995   -995    -995    -995    -995
 KIN2   133   660     90   15.6    4.6    4.6   105    9.5    1.0    6.7    1.27   973.68     0   15.9    3.5   17.7   18.5   17.6   17.5   16.2    1.43    1.52    2.75
 KIN2   133   665     91   15.5    4.5    4.5   103    9.8    0.8    6.1    1.27   973.55     0   15.9    3.3   -995   -995   -995   -995   -995    -995    -995    -995
 KIN2   133   670     91   15.5    4.3    4.2   105    8.7    0.7    5.9    1.27   973.59     0   15.8    3.1   -995   -995   -995   -995   -995    -995    -995    -995
 KIN2   133   675     92   15.4    3.4    3.4   101   10.9    0.8    5.3    1.27   973.73     0   15.7    2.4   17.7   18.5   17.6   17.5   16.3    -995    -995    -995
 KIN2   133   680     92   15.3    3.2    3.1   107   12.2    0.8    5.1    1.27   973.84     0   15.7    2.2   -995   -995   -995   -995   -995    -995    -995    -995
 KIN2   133   685     93   15.4    3.5    3.5   113    9.4    0.8    5.4    1.27   973.74     0   15.7    2.7   -995   -995   -995   -995   -995    -995    -995    -995
 KIN2   133   690     93   15.4    3.2    3.1   111   10.2    0.8    5.5    1.27   973.75     1   15.7    2.3   17.6   18.4   17.5   17.5   16.3    1.43    1.52    2.76
 KIN2   133   695     93   15.3    2.5    2.4   107   12.3    0.6    4.0    1.27   973.78     2   15.7    1.8   -995   -995   -995   -995   -995    -995    -995    -995
 KIN2   133   700     93   15.3    2.7    2.7   111   11.0    0.6    4.3    1.27   973.88     3   15.7    1.9   -995   -995   -995   -995   -995    -995    -995    -995
 KIN2   133   705     93   15.3    2.8    2.8   123   11.7    0.5    4.2    1.27   973.98     6   15.7    2.0   17.6   18.3   17.5   17.5   16.3    -995    -995    -995
 KIN2   133   710     93   15.3    2.9    2.8   111   11.3    0.5    4.1    1.27   973.96    11   15.6    1.9   -995   -995   -995   -995   -995    -995    -995    -995
 KIN2   133   715     94   15.3    2.5    2.4   112   11.7    0.5    3.3    1.27   974.04    17   15.6    1.7   -995   -995   -995   -995   -995    -995    -995    -995
 KIN2   133   720     94   15.4    2.9    2.9   113    8.3    0.5    4.6    1.27   974.09    24   15.7    1.9   17.6   18.2   17.5   17.5   16.3    1.43    1.51    2.76
 KIN2   133   725     94   15.4    2.4    2.3   111   11.3    0.5    3.7    1.27   974.10    27   15.7    1.7   -995   -995   -995   -995   -995    -995    -995    -995
 KIN2   133   730     93   15.4    2.3    2.3   107   12.2    0.8    4.4    1.27   974.16    32   15.7    1.6   -995   -995   -995   -995   -995    -995    -995    -995
 KIN2   133   735     94   15.5    2.8    2.8   112   11.5    0.5    3.9    1.27   974.16    41   15.8    1.9   17.6   18.1   17.5   17.5   16.3    -995    -995    -995
 KIN2   133   740     93   15.5    2.0    2.0   107    9.2    0.5    3.4    1.27   974.17    52   15.8    1.3   -995   -995   -995   -995   -995    -995    -995    -995
 KIN2   133   745     93   15.6    1.8    1.8   112   13.0    0.5    3.5    1.27   974.19    59   15.9    1.0   -995   -995   -995   -995   -995    -995    -995    -995
 KIN2   133   750     92   15.7    2.5    2.4   120    9.3    0.4    3.3    1.27   974.19    56   16.0    1.7   17.5   18.0   17.4   17.5   16.2    1.43    1.52    2.75
 KIN2   133   755     92   15.7    2.2    2.2   118    9.0    0.5    3.5    1.27   974.29    52   16.0    1.6   -995   -995   -995   -995   -995    -995    -995    -995
 KIN2   133   760     92   15.9    3.0    2.9   125    9.9    0.5    3.9    1.27   974.35    66   16.1    2.1   -995   -995   -995   -995   -995    -995    -995    -995
 KIN2   133   765     92   15.9    2.8    2.8   132   10.0    0.5    4.1    1.27   974.44    71   16.2    2.0   17.5   18.0   17.4   17.4   16.2    -995    -995    -995
 KIN2   133   770     92   16.1    2.8    2.7   134    8.4    0.5    4.1    1.27   974.55   100   16.2    1.9   -995   -995   -995   -995   -995    -995    -995    -995
 KIN2   133   775     92   16.2    2.0    2.0   144    9.9    0.5    2.9    1.27   974.64   126   16.4    1.4   -995   -995   -995   -995   -995    -995    -995    -995
 KIN2   133   780     91   16.5    1.8    1.8   138   13.0    0.3    2.6    1.27   974.55   133   16.5    1.2   17.5   17.9   17.4   17.4   16.2    1.43    1.52    2.76
 KIN2   133   785     90   16.5    2.0    1.9   139    7.9    0.3    2.4    1.27   974.47   124   16.6    1.5   -995   -995   -995   -995   -995    -995    -995    -995
 KIN2   133   790     90   16.9    1.8    1.8   142    8.7    0.4    2.7    1.27   974.49   233   16.9    1.3   -995   -995   -995   -995   -995    -995    -995    -995
 KIN2   133   795     88   17.5    1.3    1.2   154   15.8    0.4    2.5    1.27   974.62   320   17.5    0.9   17.4   17.8   17.3   17.4   16.2    -995    -995    -995
 KIN2   133   800     84   17.6    0.9    0.8   135   28.4    0.3    1.5    1.27   974.74   317   17.9    0.3   -995   -995   -995   -995   -995    -995    -995    -995
 KIN2   133   805     83   18.0    1.5    1.4   122   21.5    0.3    2.1    1.27   974.68   299   18.1    1.1   -995   -995   -995   -995   -995    -995    -995    -995
 KIN2   133   810     82   18.3    1.2    1.1   109   22.8    0.3    2.0    1.27   974.68   271   18.3    0.5   17.3   17.7   17.2   17.3   16.1    1.43    1.52    2.75
 KIN2   133   815     82   18.8    1.4    1.4   140   11.7    0.5    2.3    1.27   974.73   334   18.7    0.9   -995   -995   -995   -995   -995    -995    -995    -995
 KIN2   133   820     80   19.1    2.3    2.2   131   11.3    0.5    3.3    1.27   974.74   356   18.9    1.8   -995   -995   -995   -995   -995    -995    -995    -995
 KIN2   133   825     80   19.2    3.1    3.1   138   10.0    0.5    4.1    1.27   974.66   381   19.0    2.4   17.2   17.7   17.2   17.2   16.1    -995    -995    -995
 KIN2   133   830     81   19.4    3.3    3.3   136   10.0    0.4    4.2    1.27   974.63   368   19.2    2.6   -995   -995   -995   -995   -995    -995    -995    -995
 KIN2   133   835     81   19.6    3.5    3.4   149    8.5    0.6    4.6    1.27   974.69   390   19.5    2.4   -995   -995   -995   -995   -995    -995    -995    -995
 KIN2   133   840     81   20.1    3.2    3.2   153    8.2    0.6    4.6    1.27   974.73   439   19.8    2.5   17.2   17.8   17.3   17.2   16.1    1.43    1.53    2.76
 KIN2   133   845     81   20.3    3.5    3.5   157    9.0    0.8    5.4    1.27   974.79   451   20.1    2.6   -995   -995   -995   -995   -995    -995    -995    -995
 KIN2   133   850     80   20.4    4.1    4.0   150    9.6    0.7    5.8    1.27   974.73   473   20.2    3.4   -995   -995   -995   -995   -995    -995    -995    -995
 KIN2   133   855     80   20.5    4.6    4.5   149   10.5    0.7    5.9    1.27   974.75   494   20.2    3.4   17.2   17.9   17.3   17.3   16.1    -995    -995    -995
 KIN2   133   860     80   20.7    3.7    3.7   144    9.0    0.9    5.5    1.27   974.80   509   20.4    2.9   -995   -995   -995   -995   -995    -995    -995    -995
 KIN2   133   865     79   20.8    4.2    4.2   136    7.2    0.5    5.7    1.27   974.78   521   20.4    3.2   -995   -995   -995   -995   -995    -995    -995    -995
 KIN2   133   870     80   21.2    3.3    3.2   134   14.0    0.7    4.7    1.27   974.75   502   20.8    2.5   17.2   18.1   17.4   17.3   16.1    1.43    1.52    2.75
 KIN2   133   875     79   21.3    4.0    3.9   130   12.5    0.7    5.4    1.27   974.71   528   20.9    3.2   -995   -995   -995   -995   -995    -995    -995    -995
 KIN2   133   880     79   21.4    3.6    3.6   135    9.4    0.5    4.7    1.27   974.60   570   21.1    3.1   -995   -995   -995   -995   -995    -995    -995    -995
 KIN2   133   885     79   21.9    4.3    4.1   143   15.6    1.1    6.7    1.27   974.60   593   21.6    3.4   17.2   18.3   17.5   17.3   16.2    -995    -995    -995
 KIN2   133   890     78   22.0    4.2    4.1   150   13.2    0.8    5.9    1.27   974.65   606   21.7    3.4   -995   -995   -995   -995   -995    -995    -995    -995
 KIN2   133   895     78   21.9    4.2    4.1   154    9.7    0.8    6.2    1.27   974.85   447   21.7    3.1   -995   -995   -995   -995   -995    -995    -995    -995
 KIN2   133   900     80   22.2    3.9    3.9   171    8.4    1.2    6.9    1.27   974.96   635   22.0    3.2   17.3   18.6   17.6   17.3   16.2    1.43    1.52    2.76
 KIN2   133   905     78   22.5    5.7    5.7   166    8.1    0.9    8.2    1.27   974.89   671   22.1    4.4   -995   -995   -995   -995   -995    -995    -995    -995
 KIN2   133   910     78   22.7    5.9    5.8   164   12.1    0.8    7.6    1.27   974.80   689   22.3    4.4   -995   -995   -995   -995   -995    -995    -995    -995
 KIN2   133   915     78   22.8    5.5    5.3   164   12.0    0.9    7.4    1.27   974.90   638   22.5    4.5   17.3   18.9   17.7   17.3   16.2    -995    -995    -995
 KIN2   133   920     78   22.6    5.9    5.8   162    9.2    1.0    7.8    1.27   974.95   469   22.4    4.4   -995   -995   -995   -995   -995    -995    -995    -995
 KIN2   133   925     79   22.4    5.8    5.7   163   10.1    0.9    7.8    1.27   974.92   458   22.3    4.1   -995   -995   -995   -995   -995    -995    -995    -995
 KIN2   133   930     78   22.8    6.5    6.4   162    6.8    1.1    8.2    1.27   974.88   790   22.5    5.1   17.4   19.3   17.9   17.4   16.3    1.43    1.53    2.75
 KIN2   133   935     77   23.3    6.0    5.9   160    8.7    0.9    7.7    1.27   974.75   882   22.8    4.6   -995   -995   -995   -995   -995    -995    -995    -995
 KIN2   133   940     76   23.4    6.5    6.4   147   10.0    0.8    8.6    1.27   974.54   790   22.8    4.8   -995   -995   -995   -995   -995    -995    -995    -995
 KIN2   133   945     76   23.1    5.0    4.8   146   14.9    0.9    7.1    1.27   974.36   513   22.8    3.9   17.4   19.6   18.0   17.4   16.3    -995    -995    -995
 KIN2   133   950     77   22.6    4.3    4.1   161   13.6    0.9    6.4    1.27   974.61   318   22.6    3.2   -995   -995   -995   -995   -995    -995    -995    -995
 KIN2   133   955     80   22.4    3.9    3.8   202   12.3    0.8    5.5    1.27   975.03   331   22.4    2.8   -995   -995   -995   -995   -995    -995    -995    -995
 KIN2   133   960     81   22.3    5.0    4.9   198    9.4    1.0    7.3    1.27   975.23   308   22.3    3.6   17.6   20.0   18.1   17.4   16.3    1.43    1.52    2.76
 KIN2   133   965     82   22.2    4.4    4.3   196    7.9    0.6    5.9    1.27   975.19   337   22.3    3.4   -995   -995   -995   -995   -995    -995    -995    -995
 KIN2   133   970     81   22.4    4.7    4.6   182    9.4    1.1    6.8    1.27   975.10   494   22.3    3.6   -995   -995   -995   -995   -995    -995    -995    -995
 KIN2   133   975     80   22.6    4.9    4.8   199   10.8    0.8    6.5    1.27   975.11   543   22.4    3.7   17.7   20.3   18.3   17.5   16.4    -995    -995    -995
 KIN2   133   980     79   22.8    4.9    4.8   182    8.9    0.7    6.4    1.27   975.12   653   22.4    3.7   -995   -995   -995   -995   -995    -995    -995    -995
 KIN2   133   985     79   22.5    4.7    4.6   189    8.8    0.8    6.3    1.27   975.20   435   22.3    3.4   -995   -995   -995   -995   -995    -995    -995    -995
 KIN2   133   990     81   23.0    4.5    4.4   185   13.5    0.6    5.6    1.27   975.19   884   22.5    3.3   17.7   20.5   18.4   17.5   16.4    1.43    1.53    2.75
 KIN2   133   995     79   23.4    4.1    4.1   193   10.1    0.8    5.5    1.27   975.29   869   22.8    3.2   -995   -995   -995   -995   -995    -995    -995    -995
 KIN2   133  1000     79   23.2    4.4    4.4   205    8.9    0.8    6.2    1.27   975.37   753   22.7    3.3   -995   -995   -995   -995   -995    -995    -995    -995
 KIN2   133  1005     78   23.2    4.2    4.1   187   10.5    1.0    6.3    1.27   975.34   954   22.6    3.2   17.6   20.5   18.4   17.4   16.4    -995    -995    -995
 KIN2   133  1010     79   23.2    4.7    4.6   195   11.0    1.0    7.2    1.27   975.30   729   22.8    3.5   -995   -995   -995   -995   -995    -995    -995    -995
 KIN2   133  1015     79   23.2    4.5    4.4   200   12.9    1.0    6.6    1.27   975.38   745   22.8    3.4   -995   -995   -995   -995   -995    -995    -995    -995
 KIN2   133  1020     79   23.1    4.1    4.1   195   10.6    0.8    6.1    1.27   975.38   583   22.7    3.0   17.7   20.8   18.5   17.4   16.3    1.43    1.53    2.73
 KIN2   133  1025     79   23.5    4.2    4.1   192   14.8    0.7    6.0    1.27   975.28   923   23.0    3.3   -995   -995   -995   -995   -995    -995    -995    -995
 KIN2   133  1030     78   23.4    3.9    3.8   207   12.7    0.9    5.8    1.27   975.17   727   23.0    3.0   -995   -995   -995   -995   -995    -995    -995    -995
 KIN2   133  1035     79   22.9    3.8    3.8   200    7.8    0.6    5.2    1.27   975.11   358   22.7    2.9   17.8   21.1   18.7   17.4   16.4    -995    -995    -995
 KIN2   133  1040     80   22.5    3.7    3.7   198    7.3    0.8    5.4    1.27   974.99   276   22.5    2.8   -995   -995   -995   -995   -995    -995    -995    -995
 KIN2   133  1045     81   22.4    3.3    3.3   210    7.5    0.5    4.2    1.27   974.95   315   22.4    2.2   -995   -995   -995   -995   -995    -995    -995    -995
 KIN2   133  1050     81   22.6    2.8    2.7   209    8.6    0.4    3.9    1.27   975.00   585   22.5    2.1   18.0   21.5   18.9   17.5   16.4    1.43    1.52    2.75
 KIN2   133  1055     80   23.3    2.6    2.5   195   11.4    0.6    4.0    1.27   975.09  1070   22.9    2.2   -995   -995   -995   -995   -995    -995    -995    -995
 KIN2   133  1060     78   23.5    2.6    2.5   178   16.8    0.6    4.8    1.27   975.13   663   23.1    2.3   -995   -995   -995   -995   -995    -995    -995    -995
 KIN2   133  1065     79   23.0    3.9    3.8   155   11.7    0.9    5.7    1.27   974.96   554   22.7    3.2   18.0   21.6   19.0   17.5   16.4    -995    -995    -995
 KIN2   133  1070     80   23.8    3.0    2.9   175   11.9    0.8    4.6    1.27   975.01   973   23.3    2.3   -995   -995   -995   -995   -995    -995    -995    -995
 KIN2   133  1075     78   23.9    3.1    3.0   175   13.3    0.8    4.9    1.27   975.06   917   23.4    2.3   -995   -995   -995   -995   -995    -995    -995    -995
 KIN2   133  1080     79   24.4    3.3    3.2   168   15.9    0.8    4.8    1.27   975.01   991   23.9    2.7   18.0   21.8   19.0   17.5   16.4    1.43    1.52    2.75
 KIN2   133  1085     77   24.4    3.9    3.9   195    9.9    0.7    5.7    1.27   975.04   870   23.9    3.2   -995   -995   -995   -995   -995    -995    -995    -995
 KIN2   133  1090     78   24.6    4.4    4.3   178   12.6    0.8    5.9    1.27   975.05  1007   24.2    3.4   -995   -995   -995   -995   -995    -995    -995    -995
 KIN2   133  1095     77   24.9    3.6    3.5   175   13.2    0.6    5.0    1.27   975.03  1034   24.3    2.9   18.1   22.0   19.1   17.4   16.4    -995    -995    -995
 KIN2   133  1100     75   25.0    3.1    3.0   153   17.2    0.8    4.8    1.27   974.93   870   24.6    2.6   -995   -995   -995   -995   -995    -995    -995    -995
 KIN2   133  1105     75   25.0    4.7    4.6   160   15.1    0.8    6.5    1.27   974.82   921   24.5    3.8   -995   -995   -995   -995   -995    -995    -995    -995
 KIN2   133  1110     76   25.1    3.4    3.3   146   15.6    0.9    5.6    1.27   974.71   839   24.6    2.8   18.2   22.4   19.3   17.4   16.4    1.43    1.53    2.76
 KIN2   133  1115     75   25.0    2.9    2.8   159   13.4    0.9    5.5    1.27   974.52   620   24.7    2.5   -995   -995   -995   -995   -995    -995    -995    -995
 KIN2   133  1120     76   24.9    4.1    4.0   169   12.2    1.4    7.2    1.27   974.39   682   24.7    3.0   -995   -995   -995   -995   -995    -995    -995    -995
 KIN2   133  1125     75   25.2    5.0    4.9   155   11.8    1.0    7.4    1.27   974.37   739   24.9    3.9   18.4   22.8   19.5   17.5   16.4    -995    -995    -995
 KIN2   133  1130     74   25.5    5.9    5.8   168    8.4    1.2    8.5    1.27   974.36   978   25.0    4.6   -995   -995   -995   -995   -995    -995    -995    -995
 KIN2   133  1135     74   25.4    5.3    5.1   179   14.7    1.0    8.1    1.27   974.32   858   25.1    4.3   -995   -995   -995   -995   -995    -995    -995    -995
 KIN2   133  1140     74   26.0    4.7    4.5   180   14.1    1.0    6.9    1.27   974.29  1021   25.5    3.7   18.5   23.1   19.7   17.5   16.4    1.43    1.53    2.75
 KIN2   133  1145     72   25.9    5.9    5.9   173    7.8    0.8    7.5    1.27   974.23   903   25.4    4.4   -995   -995   -995   -995   -995    -995    -995    -995
 KIN2   133  1150     73   25.6    5.8    5.7   173    8.3    0.9    7.8    1.27   974.19   699   25.4    4.3   -995   -995   -995   -995   -995    -995    -995    -995
 KIN2   133  1155     73   26.0    5.8    5.7   170   12.8    0.9    7.8    1.27   974.13  1007   25.7    4.2   18.6   23.4   19.8   17.5   16.4    -995    -995    -995
 KIN2   133  1160     72   26.2    5.5    5.5   180    8.0    1.1    7.4    1.27   974.09   926   25.8    4.1   -995   -995   -995   -995   -995    -995    -995    -995
 KIN2   133  1165     71   26.3    5.8    5.7   168   10.6    1.2    9.2    1.27   974.05   956   26.0    4.6   -995   -995   -995   -995   -995    -995    -995    -995
 KIN2   133  1170     71   26.7    5.8    5.6   175   14.6    1.1    8.1    1.27   974.02   999   26.3    4.4   18.8   23.6   19.9   17.5   16.4    1.43    1.53    2.76
 KIN2   133  1175     70   26.4    6.3    6.3   184    9.1    1.0    8.6    1.27   973.96   949   26.1    4.8   -995   -995   -995   -995   -995    -995    -995    -995
 KIN2   133  1180     71   26.5    5.6    5.4   182   13.6    0.9    7.3    1.27   973.91   942   26.1    4.0   -995   -995   -995   -995   -995    -995    -995    -995
 KIN2   133  1185     71   26.9    5.1    5.0   172   13.7    0.8    7.7    1.27   973.87   948   26.5    4.0   18.9   23.9   20.0   17.5   16.4    -995    -995    -995
 KIN2   133  1190     71   26.8    5.5    5.4   186    9.9    1.0    7.7    1.27   973.78   941   26.4    4.3   -995   -995   -995   -995   -995    -995    -995    -995
 KIN2   133  1195     70   26.6    5.1    4.8   169   17.0    0.7    6.8    1.27   973.72   913   26.3    3.8   -995   -995   -995   -995   -995    -995    -995    -995
 KIN2   133  1200     71   27.0    5.1    5.1   173   10.9    0.7    7.0    1.27   973.68   941   26.6    3.8   19.0   24.1   20.1   17.6   16.4    1.43    1.52    2.76
 KIN2   133  1205     70   26.9    5.1    4.9   171   14.0    0.8    7.0    1.27   973.57   889   26.6    4.0   -995   -995   -995   -995   -995    -995    -995    -995
 KIN2   133  1210     70   27.0    5.4    5.3   164   11.9    0.9    7.2    1.27   973.41   885   26.6    4.1   -995   -995   -995   -995   -995    -995    -995    -995
 KIN2   133  1215     71   26.8    5.3    5.2   180   11.1    0.8    7.2    1.27   973.33   878   26.5    4.0   19.1   24.4   20.3   17.6   16.4    -995    -995    -995
 KIN2   133  1220     70   26.8    4.6    4.5   169    8.5    1.1    6.5    1.27   973.29   864   26.5    3.5   -995   -995   -995   -995   -995    -995    -995    -995
 KIN2   133  1225     70   27.2    4.9    4.8   168   10.4    0.9    7.3    1.27   973.26   853   26.8    3.6   -995   -995   -995   -995   -995    -995    -995    -995
 KIN2   133  1230     69   27.1    4.8    4.7   172    9.9    1.0    7.2    1.27   973.22   847   26.9    3.7   19.2   24.7   20.4   17.6   16.4    1.43    1.53    2.76
 KIN2   133  1235     70   27.2    4.6    4.4   160   17.3    0.6    6.2    1.27   973.18   837   26.9    3.4   -995   -995   -995   -995   -995    -995    -995    -995
 KIN2   133  1240     68   27.2    5.5    5.5   169    9.8    0.9    7.8    1.27   973.13   823   26.9    4.2   -995   -995   -995   -995   -995    -995    -995    -995
 KIN2   133  1245     69   27.3    5.4    5.2   154   16.8    0.8    7.2    1.27   973.05   815   27.0    4.1   19.3   24.9   20.5   17.7   16.4    -995    -995    -995
 KIN2   133  1250     68   27.3    5.7    5.6   157    8.9    0.8    7.9    1.27   973.00   804   27.1    4.3   -995   -995   -995   -995   -995    -995    -995    -995
 KIN2   133  1255     67   27.3    6.2    6.2   173    7.4    0.8    7.7    1.27   972.97   798   27.1    4.5   -995   -995   -995   -995   -995    -995    -995    -995
 KIN2   133  1260     67   27.5    5.7    5.6   162   12.8    0.8    7.5    1.27   972.95   784   27.4    4.4   19.4   25.1   20.6   17.7   16.4    1.43    1.53    2.76
 KIN2   133  1265     69   27.6    5.3    5.2   178    8.7    1.0    7.3    1.27   972.91   771   27.4    3.9   -995   -995   -995   -995   -995    -995    -995    -995
 KIN2   133  1270     68   27.5    5.7    5.5   165   16.0    0.9    7.6    1.27   972.88   760   27.4    4.4   -995   -995   -995   -995   -995    -995    -995    -995
 KIN2   133  1275     67   27.6    5.8    5.6   177   16.1    1.3    8.9    1.27   972.80   752   27.5    4.3   19.5   25.3   20.7   17.8   16.5    -995    -995    -995
 KIN2   133  1280     67   27.4    6.3    6.2   177   10.0    1.3    9.3    1.27   972.76   729   27.4    4.8   -995   -995   -995   -995   -995    -995    -995    -995
 KIN2   133  1285     67   27.6    5.7    5.7   168    9.9    0.9    7.6    1.27   972.67   715   27.5    4.3   -995   -995   -995   -995   -995    -995    -995    -995
 KIN2   133  1290     66   27.5    6.4    6.3   181   11.1    1.0    9.1    1.27   972.59   706   27.5    4.7   19.6   25.5   20.8   17.8   16.5    1.43    1.54    2.77
 KIN2   133  1295     67   27.5    5.7    5.6   176    7.5    0.9    7.4    1.27   972.53   690   27.5    4.2   -995   -995   -995   -995   -995    -995    -995    -995
 KIN2   133  1300     66   27.6    6.5    6.5   170    8.0    1.3    9.1    1.27   972.52   680   27.5    4.7   -995   -995   -995   -995   -995    -995    -995    -995
 KIN2   133  1305     66   27.6    5.6    5.5   172    7.8    1.3    8.1    1.27   972.48   611   27.6    4.3   19.7   25.7   20.8   17.9   16.5    -995    -995    -995
 KIN2   133  1310     68   27.7    5.1    5.1   171   10.5    0.7    6.8    1.27   972.47   613   27.7    3.6   -995   -995   -995   -995   -995    -995    -995    -995
 KIN2   133  1315     68   27.6    5.5    5.4   174    8.1    1.1    8.2    1.27   972.43   619   27.7    4.0   -995   -995   -995   -995   -995    -995    -995    -995
 KIN2   133  1320     65   27.6    5.8    5.8   175    9.2    1.2    8.9    1.27   972.38   620   27.7    4.2   19.7   25.9   20.9   17.9   16.5    1.43    1.53    2.76
 KIN2   133  1325     66   27.6    6.2    6.1   174    8.6    0.9    7.8    1.27   972.37   607   27.7    4.5   -995   -995   -995   -995   -995    -995    -995    -995
 KIN2   133  1330     66   27.7    5.6    5.5   173    8.8    0.8    7.5    1.27   972.38   584   27.8    4.1   -995   -995   -995   -995   -995    -995    -995    -995
 KIN2   133  1335     68   27.8    4.6    4.5   178    8.6    0.9    7.3    1.27   972.38   520   27.9    3.4   19.8   26.0   20.9   17.9   16.5    -995    -995    -995
 KIN2   133  1340     66   27.8    6.0    6.0   182    7.8    0.9    7.7    1.27   972.36   553   28.0    4.2   -995   -995   -995   -995   -995    -995    -995    -995
 KIN2   133  1345     65   27.5    6.0    6.0   186    6.9    1.0    7.5    1.27   972.36   476   27.8    4.3   -995   -995   -995   -995   -995    -995    -995    -995
 KIN2   133  1350     66   27.3    5.9    5.9   187    7.6    0.9    8.0    1.27   972.37   454   27.8    4.2   19.8   26.1   20.9   18.0   16.5    1.43    1.53    2.77
 KIN2   133  1355     66   27.2    6.8    6.8   185    5.7    1.0    8.6    1.27   972.39   408   27.7    4.7   -995   -995   -995   -995   -995    -995    -995    -995
 KIN2   133  1360     64   27.4    6.7    6.6   183    6.0    0.9    8.6    1.27   972.37   476   27.8    4.7   -995   -995   -995   -995   -995    -995    -995    -995
 KIN2   133  1365     64   27.5    6.1    6.1   180    8.5    0.9    8.1    1.27   972.36   476   27.9    4.5   19.9   26.2   20.9   18.0   16.5    -995    -995    -995
 KIN2   133  1370     64   27.5    6.4    6.3   184    7.1    1.0    8.8    1.27   972.34   467   27.9    4.5   -995   -995   -995   -995   -995    -995    -995    -995
 KIN2   133  1375     64   27.4    6.2    6.1   178    8.8    1.0    8.0    1.27   972.35   449   27.9    4.3   -995   -995   -995   -995   -995    -995    -995    -995
 KIN2   133  1380     65   27.4    6.0    5.9   176    7.6    1.2    8.5    1.27   972.34   419   27.8    4.3   19.9   26.3   20.9   18.1   16.5    1.43    1.53    2.77
 KIN2   133  1385     64   27.3    6.3    6.2   179    6.9    1.1    8.6    1.27   972.36   403   27.8    4.4   -995   -995   -995   -995   -995    -995    -995    -995
 KIN2   133  1390     65   27.2    5.3    5.3   180    7.4    0.9    8.0    1.27   972.38   384   27.7    3.9   -995   -995   -995   -995   -995    -995    -995    -995
 KIN2   133  1395     66   27.3    5.4    5.3   177    7.6    0.8    7.6    1.27   972.36   366   27.7    3.8   19.9   26.3   20.9   18.1   16.5    -995    -995    -995
 KIN2   133  1400     64   27.2    5.5    5.5   176    6.8    0.7    7.3    1.27   972.33   351   27.7    3.9   -995   -995   -995   -995   -995    -995    -995    -995
 KIN2   133  1405     66   27.1    5.1    5.0   178    6.5    0.7    6.8    1.27   972.33   333   27.6    3.5   -995   -995   -995   -995   -995    -995    -995    -995
 KIN2   133  1410     67   27.0    4.5    4.5   176    8.3    0.5    5.6    1.27   972.33   316   27.5    3.0   19.9   26.3   20.9   18.1   16.5    1.43    1.53    2.78
 KIN2   133  1415     68   26.9    3.9    3.9   174    7.2    0.8    5.9    1.27   972.28   300   27.5    2.6   -995   -995   -995   -995   -995    -995    -995    -995
 KIN2   133  1420     66   26.9    4.4    4.3   175    5.8    0.8    6.3    1.27   972.30   282   27.5    3.1   -995   -995   -995   -995   -995    -995    -995    -995
 KIN2   133  1425     67   26.7    3.9    3.8   175    6.9    0.8    5.6    1.27   972.37   264   27.3    2.7   19.9   26.2   20.9   18.2   16.5    -995    -995    -995
 KIN2   133  1430     65   26.6    4.6    4.6   173    6.6    0.6    6.2    1.27   972.40   247   27.3    3.3   -995   -995   -995   -995   -995    -995    -995    -995
 KIN2   133  1435     66   26.4    4.5    4.4   170    7.0    0.5    5.7    1.27   972.43   230   27.2    3.0   -995   -995   -995   -995   -995    -995    -995    -995
</pre>