<pre>  101 ! (c) 2019 Oklahoma Climatological Survey and the Oklahoma Mesonet - all rights reserved
  21 2019 11 09 00 00 00
 STID  STNM  TIME   RELH   TAIR   WSPD   WVEC  WDIR   WDSD   WSSD   WMAX    RAIN     PRES  SRAD   TA9M   WS2M   TS10   TB10   TS05   TS25   TS60    TR05    TR25    TR60
 KIN2   133     0     71    6.6    2.4    2.4   168    3.3    0.2    2.9    0.00   986.31     0    8.3    1.2   11.0    9.5   11.0   11.9   14.1    1.46    1.53    3.80
 KIN2   133     5     73    6.5    2.9    2.9   175    2.1    0.2    3.3    0.00   986.34     0    8.2    1.4   -995   -995   -995   -995   -995    -995    -995    -995
 KIN2   133    10     73    6.3    3.1    3.1   176    1.8    0.1    3.3    0.00   986.36     0    8.1    1.5   -995   -995   -995   -995   -995    -995    -995    -995
 KIN2   133    15     74    6.1    3.3    3.3   177    1.4    0.1    3.6    0.00   986.37     0    7.9    1.6   11.0    9.4   11.0   11.9   14.1    -995    -995    -995
 KIN2   133    20     74    6.0    3.1    3.1   175    1.5    0.1    3.3    0.00   986.40     0    7.9    1.6   -995   -995   -995   -995   -995    -995    -995    -995
 KIN2   133    25     75    5.8    2.9    2.9   172    1.0    0.1    3.1    0.00   986.42     0    8.0    1.2   -995   -995   -995   -995   -995    -995    -995    -995
 KIN2   133    30     76    5.6    2.8    2.8   172    1.0    0.1    3.1    0.00   986.49     0    7.8    1.0   11.0    9.3   10.9   11.9   14.1    1.46    1.53    3.81
 KIN2   133    35     75    5.7    2.7    2.7   173    1.5    0.1    3.0    0.00   986.54     0    7.8    1.1   -995   -995   -995   -995   -995    -995    -995    -995
 KIN2   133    40     74    5.7    2.3    2.3   169    2.1    0.2    2.6    0.00   986.59     0    7.7    0.9   -995   -995   -995   -995   -995    -995    -995    -995
 KIN2   133    45     73    5.8    1.8    1.8   167    1.7    0.1    2.1    0.00   986.70     0    7.7    0.6   11.0    9.1   10.8   11.9   14.1    -995    -995    -995
 KIN2   133    50     71    6.0    1.5    1.5   166    2.2    0.0    1.6    0.00   986.79     0    7.6    0.2   -995   -995   -995   -995   -995    -995    -995    -995
 KIN2   133    55     71    5.9    1.5    1.5   158    2.2    0.1    1.6    0.00   986.84     0    7.3    0.0   -995   -995   -995   -995   -995    -995    -995    -995
 KIN2   133    60     72    5.7    1.0    1.0   145    4.6    0.2    1.4    0.00   986.85     0    7.1    0.0   11.0    8.9   10.7   11.9   14.1    1.46    1.52    3.80
 KIN2   133    65     73    5.5    0.7    0.7   137    0.7    0.2    0.9    0.00   986.88     0    6.9    0.0   -995   -995   -995   -995   -995    -995    -995    -995
 KIN2   133    70     74    5.3    0.0    0.0   116   11.3    0.1    0.3    0.00   986.95     0    6.7    0.0   -995   -995   -995   -995   -995    -995    -995    -995
 KIN2   133    75     73    5.2    0.1    0.1    67    0.6    0.1    0.4    0.00   986.92     0    6.5    0.1   10.9    8.8   10.6   11.9   14.0    -995    -995    -995
 KIN2   133    80     73    5.2    0.0    0.0     0    0.0    0.0    0.0    0.00   986.89     0    6.3    0.2   -995   -995   -995   -995   -995    -995    -995    -995
 KIN2   133    85     74    4.8    0.0    0.0     0    0.0    0.0    0.0    0.00   986.90     0    6.2    0.5   -995   -995   -995   -995   -995    -995    -995    -995
 KIN2   133    90     74    4.5    0.4    0.3   268   45.5    0.3    1.1    0.00   986.96     0    6.5    1.0   10.9    8.6   10.5   11.9   14.0    1.46    1.53    3.80
 KIN2   133    95     77    4.1    1.2    1.2   248    9.1    0.1    1.5    0.00   986.97     0    6.5    0.6   -995   -995   -995   -995   -995    -995    -995    -995
 KIN2   133   100     78    4.3    1.6    1.6   230    6.1    0.1    1.9    0.00   986.90     0    6.2    0.1   -995   -995   -995   -995   -995    -995    -995    -995
 KIN2   133   105     76    4.6    2.2    2.2   216    3.4    0.1    2.4    0.00   986.84     0    6.4    0.7   10.9    8.5   10.5   11.9   14.0    -995    -995    -995
 KIN2   133   110     79    4.1    2.1    2.1   215    2.2    0.1    2.4    0.00   986.74     0    6.5    1.2   -995   -995   -995   -995   -995    -995    -995    -995
 KIN2   133   115     84    3.5    2.3    2.3   206    2.5    0.1    2.5    0.00   986.72     0    6.0    0.9   -995   -995   -995   -995   -995    -995    -995    -995
 KIN2   133   120     87    3.5    2.7    2.7   204    0.9    0.1    3.0    0.00   986.69     0    5.7    1.0   10.8    8.4   10.4   11.9   14.0    1.47    1.52    3.80
 KIN2   133   125     88    3.5    3.2    3.2   197    1.7    0.1    3.3    0.00   986.63     0    5.5    1.2   -995   -995   -995   -995   -995    -995    -995    -995
 KIN2   133   130     88    3.4    2.9    2.9   193    1.2    0.3    3.3    0.00   986.53     0    5.2    1.2   -995   -995   -995   -995   -995    -995    -995    -995
 KIN2   133   135     88    3.4    2.5    2.5   194    1.4    0.1    2.7    0.00   986.42     0    4.7    1.3   10.8    8.2   10.3   11.9   14.0    -995    -995    -995
 KIN2   133   140     88    3.4    2.6    2.6   194    0.9    0.1    2.7    0.00   986.37     0    4.7    1.3   -995   -995   -995   -995   -995    -995    -995    -995
 KIN2   133   145     87    3.3    2.4    2.4   196    2.3    0.1    2.6    0.00   986.31     0    4.5    1.3   -995   -995   -995   -995   -995    -995    -995    -995
 KIN2   133   150     85    3.4    2.3    2.3   202    1.2    0.1    2.5    0.00   986.28     0    4.4    1.2   10.7    8.1   10.2   11.9   13.9    1.46    1.52    3.80
 KIN2   133   155     83    3.6    2.3    2.3   217   11.1    0.2    2.6    0.00   986.33     0    4.5    1.3   -995   -995   -995   -995   -995    -995    -995    -995
 KIN2   133   160     81    3.9    2.5    2.5   226    5.2    0.3    3.0    0.00   986.43     0    4.5    1.3   -995   -995   -995   -995   -995    -995    -995    -995
 KIN2   133   165     81    3.5    2.9    2.9   215    2.3    0.1    3.1    0.00   986.40     0    4.5    1.3   10.7    7.9   10.2   11.8   13.9    -995    -995    -995
 KIN2   133   170     83    3.3    3.0    3.0   214    1.7    0.1    3.2    0.00   986.41     0    4.4    1.3   -995   -995   -995   -995   -995    -995    -995    -995
 KIN2   133   175     83    3.3    3.0    3.0   217    2.2    0.1    3.2    0.00   986.46     0    4.4    1.3   -995   -995   -995   -995   -995    -995    -995    -995
 KIN2   133   180     83    3.5    2.9    2.9   218    3.5    0.2    3.3    0.00   986.51     0    4.5    1.4   10.6    7.8   10.1   11.8   13.9    1.47    1.53    3.81
 KIN2   133   185     82    3.4    3.1    3.1   217    3.3    0.2    3.4    0.00   986.55     0    4.5    1.5   -995   -995   -995   -995   -995    -995    -995    -995
 KIN2   133   190     83    3.1    2.8    2.8   215    4.5    0.2    3.1    0.00   986.59     0    4.4    1.4   -995   -995   -995   -995   -995    -995    -995    -995
 KIN2   133   195     85    2.9    3.0    3.0   221    4.3    0.2    3.5    0.00   986.65     0    4.2    1.7   10.6    7.7   10.1   11.8   13.9    -995    -995    -995
 KIN2   133   200     87    2.8    3.1    3.1   215    5.3    0.2    3.5    0.00   986.65     0    4.0    1.7   -995   -995   -995   -995   -995    -995    -995    -995
 KIN2   133   205     87    2.8    2.5    2.5   219    4.7    0.3    3.1    0.00   986.67     0    3.7    1.3   -995   -995   -995   -995   -995    -995    -995    -995
 KIN2   133   210     87    2.9    2.1    2.1   222    6.1    0.2    2.7    0.00   986.75     0    3.6    1.0   10.6    7.6   10.0   11.8   13.9    1.47    1.52    3.81
 KIN2   133   215     86    2.8    2.4    2.4   206    3.4    0.2    2.8    0.00   986.74     0    3.6    1.3   -995   -995   -995   -995   -995    -995    -995    -995
 KIN2   133   220     87    2.4    2.8    2.8   208    2.9    0.2    3.0    0.00   986.71     0    3.5    1.3   -995   -995   -995   -995   -995    -995    -995    -995
 KIN2   133   225     88    2.6    2.7    2.7   216    2.9    0.1    2.9    0.00   986.72     0    3.6    1.2   10.5    7.5   10.0   11.8   13.9    -995    -995    -995
 KIN2   133   230     86    2.9    2.3    2.3   212    4.8    0.2    2.6    0.00   986.76     0    3.7    1.1   -995   -995   -995   -995   -995    -995    -995    -995
 KIN2   133   235     85    2.7    2.7    2.7   208    2.0    0.1    3.0    0.00   986.78     0    3.7    1.4   -995   -995   -995   -995   -995    -995    -995    -995
 KIN2   133   240     86    2.5    2.5    2.5   215    6.3    0.4    2.9    0.00   986.83     0    3.6    1.0   10.5    7.3   10.0   11.8   13.9    1.46    1.53    3.80
 KIN2   133   245     85    2.6    1.4    1.4   225    7.3    0.1    1.7    0.00   986.87     0    3.5    0.0   -995   -995   -995   -995   -995    -995    -995    -995
 KIN2   133   250     85    2.6    1.6    1.6   207    4.9    0.2    2.2    0.00   986.76     0    3.3    0.6   -995   -995   -995   -995   -995    -995    -995    -995
 KIN2   133   255     85    2.3    2.5    2.5   204    0.8    0.1    2.7    0.00   986.69     0    3.3    1.5   10.5    7.2    9.9   11.8   13.9    -995    -995    -995
 KIN2   133   260     87    2.2    3.0    3.0   204    1.1    0.1    3.2    0.00   986.64     0    3.4    1.5   -995   -995   -995   -995   -995    -995    -995    -995
 KIN2   133   265     88    2.1    2.9    2.9   206    1.0    0.1    3.0    0.00   986.60     0    3.2    1.5   -995   -995   -995   -995   -995    -995    -995    -995
 KIN2   133   270     88    2.0    2.9    2.9   204    1.3    0.1    3.1    0.00   986.59     0    3.1    1.5   10.4    7.1    9.9   11.8   13.9    1.47    1.53    3.80
 KIN2   133   275     89    2.0    3.0    3.0   209    1.1    0.1    3.2    0.00   986.54     0    3.1    1.7   -995   -995   -995   -995   -995    -995    -995    -995
 KIN2   133   280     89    1.8    3.1    3.1   206    1.0    0.1    3.3    0.00   986.44     0    2.9    1.6   -995   -995   -995   -995   -995    -995    -995    -995
 KIN2   133   285     90    1.7    3.0    3.0   202    2.6    0.1    3.2    0.00   986.36     0    2.6    1.6   10.4    7.0    9.9   11.8   13.9    -995    -995    -995
 KIN2   133   290     90    1.8    3.1    3.1   204    2.0    0.2    3.5    0.00   986.31     0    2.6    1.7   -995   -995   -995   -995   -995    -995    -995    -995
 KIN2   133   295     90    1.7    3.0    3.0   200    2.8    0.1    3.3    0.00   986.21     0    2.5    1.7   -995   -995   -995   -995   -995    -995    -995    -995
 KIN2   133   300     91    1.7    2.9    2.9   199    2.5    0.2    3.3    0.00   986.21     0    2.6    1.5   10.4    6.9    9.8   11.8   13.8    1.46    1.52    3.80
 KIN2   133   305     91    1.8    2.4    2.4   198    2.2    0.2    2.7    0.00   986.23     0    2.6    1.2   -995   -995   -995   -995   -995    -995    -995    -995
 KIN2   133   310     91    1.7    2.8    2.8   199    1.1    0.2    3.2    0.00   986.19     0    2.8    1.6   -995   -995   -995   -995   -995    -995    -995    -995
 KIN2   133   315     91    1.6    3.1    3.1   202    1.7    0.1    3.3    0.00   986.08     0    2.8    1.7   10.4    6.8    9.8   11.8   13.8    -995    -995    -995
 KIN2   133   320     91    1.5    2.7    2.7   209    5.1    0.2    3.0    0.00   986.12     0    2.6    1.4   -995   -995   -995   -995   -995    -995    -995    -995
 KIN2   133   325     91    1.8    2.9    2.9   213    2.5    0.2    3.2    0.00   986.11     0    2.7    1.7   -995   -995   -995   -995   -995    -995    -995    -995
 KIN2   133   330     90    1.8    3.2    3.2   210    2.3    0.1    3.5    0.00   986.09     0    2.6    1.9   10.3    6.7    9.7   11.7   13.8    1.47    1.53    3.81
 KIN2   133   335     89    1.6    3.2    3.2   207    2.8    0.1    3.4    0.00   986.06     0    2.4    1.8   -995   -995   -995   -995   -995    -995    -995    -995
 KIN2   133   340     90    1.4    3.3    3.3   198    1.5    0.1    3.5    0.00   985.96     0    2.5    1.8   -995   -995   -995   -995   -995    -995    -995    -995
 KIN2   133   345     91    1.4    3.0    3.0   198    2.2    0.1    3.2    0.00   985.90     0    2.5    1.6   10.3    6.6    9.7   11.7   13.8    -995    -995    -995
 KIN2   133   350     91    1.5    2.5    2.5   191    2.7    0.3    3.0    0.00   985.88     0    2.6    1.2   -995   -995   -995   -995   -995    -995    -995    -995
 KIN2   133   355     91    1.8    2.2    2.2   197    3.7    0.1    2.5    0.00   985.89     0    2.7    1.1   -995   -995   -995   -995   -995    -995    -995    -995
 KIN2   133   360     91    1.8    2.0    2.0   202    2.6    0.1    2.3    0.00   985.87     0    2.7    1.1   10.3    6.5    9.7   11.7   13.8    1.46    1.53    3.80
 KIN2   133   365     90    1.7    2.1    2.1   200    3.6    0.1    2.4    0.00   985.85     0    2.6    1.2   -995   -995   -995   -995   -995    -995    -995    -995
 KIN2   133   370     89    1.6    2.6    2.6   198    1.7    0.2    2.8    0.00   985.78     0    2.6    1.4   -995   -995   -995   -995   -995    -995    -995    -995
 KIN2   133   375     90    1.4    2.8    2.8   193    1.9    0.1    3.0    0.00   985.75     0    2.8    1.6   10.2    6.4    9.7   11.7   13.8    -995    -995    -995
 KIN2   133   380     91    1.4    2.7    2.7   191    1.6    0.1    3.1    0.00   985.74     0    2.7    1.5   -995   -995   -995   -995   -995    -995    -995    -995
 KIN2   133   385     91    1.4    2.5    2.5   192    1.9    0.1    2.7    0.00   985.75     0    2.5    1.2   -995   -995   -995   -995   -995    -995    -995    -995
 KIN2   133   390     92    1.3    2.3    2.3   192    2.7    0.1    2.5    0.00   985.76     0    2.4    1.2   10.2    6.4    9.6   11.7   13.8    1.46    1.52    3.80
 KIN2   133   395     92    1.3    2.4    2.4   193    1.7    0.1    2.5    0.00   985.69     0    2.4    1.3   -995   -995   -995   -995   -995    -995    -995    -995
 KIN2   133   400     92    1.3    2.6    2.6   192    2.4    0.2    3.1    0.00   985.59     0    2.5    1.6   -995   -995   -995   -995   -995    -995    -995    -995
 KIN2   133   405     92    1.2    2.9    2.9   191    1.7    0.1    3.1    0.00   985.48     0    2.5    1.6   10.2    6.3    9.6   11.7   13.8    -995    -995    -995
 KIN2   133   410     93    1.3    3.0    3.0   191    1.5    0.1    3.2    0.00   985.42     0    2.5    1.6   -995   -995   -995   -995   -995    -995    -995    -995
 KIN2   133   415     93    1.3    2.6    2.6   194    2.1    0.2    2.9    0.00   985.39     0    2.5    1.3   -995   -995   -995   -995   -995    -995    -995    -995
 KIN2   133   420     93    1.4    2.3    2.3   196    2.1    0.1    2.6    0.00   985.38     0    2.5    1.2   10.2    6.2    9.6   11.7   13.8    1.46    1.52    3.80
 KIN2   133   425     92    1.5    2.5    2.5   198    1.6    0.1    2.6    0.00   985.35     0    2.7    1.5   -995   -995   -995   -995   -995    -995    -995    -995
 KIN2   133   430     92    1.4    2.3    2.3   197    2.3    0.1    2.5    0.00   985.37     0    2.6    1.4   -995   -995   -995   -995   -995    -995    -995    -995
 KIN2   133   435     91    1.2    2.4    2.4   193    1.1    0.1    2.5    0.00   985.30     0    2.6    1.2   10.1    6.1    9.5   11.6   13.8    -995    -995    -995
 KIN2   133   440     92    1.1    2.5    2.5   189    2.8    0.1    2.8    0.00   985.21     0    2.6    1.3   -995   -995   -995   -995   -995    -995    -995    -995
 KIN2   133   445     92    1.0    2.9    2.9   187    1.4    0.1    3.0    0.00   985.11     0    2.6    1.4   -995   -995   -995   -995   -995    -995    -995    -995
 KIN2   133   450     93    1.0    2.9    2.9   190    0.9    0.1    3.1    0.00   985.08     0    2.7    1.5   10.1    6.0    9.5   11.6   13.8    1.46    1.53    3.78
 KIN2   133   455     93    1.0    3.2    3.2   195    1.9    0.1    3.3    0.00   984.92     0    2.7    1.7   -995   -995   -995   -995   -995    -995    -995    -995
 KIN2   133   460     93    1.1    3.3    3.3   198    0.7    0.0    3.4    0.00   984.87     0    2.7    1.8   -995   -995   -995   -995   -995    -995    -995    -995
 KIN2   133   465     93    1.1    3.3    3.3   197    1.3    0.1    3.5    0.00   984.80     0    2.7    1.8   10.1    5.9    9.5   11.6   13.8    -995    -995    -995
 KIN2   133   470     93    1.0    3.0    3.0   200    0.8    0.1    3.2    0.00   984.75     0    2.5    1.6   -995   -995   -995   -995   -995    -995    -995    -995
 KIN2   133   475     93    0.9    2.8    2.8   198    0.8    0.1    3.0    0.00   984.68     0    2.4    1.5   -995   -995   -995   -995   -995    -995    -995    -995
 KIN2   133   480     93    1.0    2.6    2.6   200    1.8    0.1    2.7    0.00   984.63     0    2.4    1.5   10.1    5.9    9.4   11.6   13.8    1.47    1.53    3.81
 KIN2   133   485     93    1.2    2.4    2.4   206    1.8    0.1    2.5    0.00   984.59     0    2.5    1.7   -995   -995   -995   -995   -995    -995    -995    -995
 KIN2   133   490     92    1.2    2.7    2.7   205    1.7    0.1    2.9    0.00   984.47     0    2.5    1.8   -995   -995   -995   -995   -995    -995    -995    -995
 KIN2   133   495     92    1.1    2.9    2.9   209    1.9    0.1    3.1    0.00   984.39     0    2.6    1.8   10.1    5.8    9.4   11.6   13.8    -995    -995    -995
 KIN2   133   500     92    1.0    3.2    3.2   212    0.9    0.1    3.4    0.00   984.31     0    2.7    1.9   -995   -995   -995   -995   -995    -995    -995    -995
 KIN2   133   505     92    0.9    3.2    3.2   213    0.9    0.1    3.5    0.00   984.26     0    2.7    1.8   -995   -995   -995   -995   -995    -995    -995    -995
 KIN2   133   510     92    0.9    3.5    3.5   212    1.1    0.1    3.6    0.00   984.18     0    2.8    1.8   10.0    5.7    9.4   11.6   13.8    1.47    1.53    3.81
 KIN2   133   515     92    1.0    3.3    3.3   213    2.0    0.2    3.7    0.00   984.17     0    2.9    1.7   -995   -995   -995   -995   -995    -995    -995    -995
 KIN2   133   520     92    1.0    2.9    2.9   216    1.4    0.1    3.2    0.00   984.16     0    2.9    1.5   -995   -995   -995   -995   -995    -995    -995    -995
 KIN2   133   525     92    0.9    3.0    3.0   213    1.8    0.1    3.1    0.00   984.12     0    2.9    1.4   10.0    5.7    9.4   11.6   13.8    -995    -995    -995
 KIN2   133   530     92    0.7    2.9    2.9   210    1.2    0.1    3.0    0.00   984.11     0    2.9    1.4   -995   -995   -995   -995   -995    -995    -995    -995
 KIN2   133   535     93    0.8    2.8    2.8   213    0.7    0.1    3.0    0.00   984.06     0    2.9    1.5   -995   -995   -995   -995   -995    -995    -995    -995
 KIN2   133   540     93    0.9    2.9    2.9   214    0.9    0.2    3.4    0.00   984.03     0    3.0    1.7   10.0    5.6    9.4   11.6   13.8    1.47    1.52    3.80
 KIN2   133   545     93    1.0    3.5    3.5   213    0.9    0.1    3.7    0.00   983.92     0    3.1    2.0   -995   -995   -995   -995   -995    -995    -995    -995
 KIN2   133   550     93    1.1    3.4    3.4   213    1.3    0.1    3.7    0.00   983.85     0    3.2    1.8   -995   -995   -995   -995   -995    -995    -995    -995
 KIN2   133   555     93    1.1    3.3    3.3   213    2.3    0.1    3.5    0.00   983.82     0    3.0    1.6   10.0    5.5    9.3   11.5   13.8    -995    -995    -995
 KIN2   133   560     93    1.0    3.3    3.3   206    2.0    0.2    3.5    0.00   983.77     0    2.8    1.5   -995   -995   -995   -995   -995    -995    -995    -995
 KIN2   133   565     93    1.1    2.8    2.8   201    1.3    0.1    3.0    0.00   983.86     0    2.6    1.4   -995   -995   -995   -995   -995    -995    -995    -995
 KIN2   133   570     93    1.2    2.9    2.9   201    0.7    0.1    3.1    0.00   983.85     0    2.7    1.6    9.9    5.5    9.3   11.5   13.7    1.47    1.53    3.80
 KIN2   133   575     92    1.1    3.3    3.3   202    0.8    0.1    3.6    0.00   983.79     0    2.9    1.9   -995   -995   -995   -995   -995    -995    -995    -995
 KIN2   133   580     93    1.1    3.6    3.6   199    1.9    0.1    3.8    0.00   983.70     0    3.0    1.9   -995   -995   -995   -995   -995    -995    -995    -995
 KIN2   133   585     93    1.1    3.7    3.7   197    0.9    0.1    3.9    0.00   983.64     0    2.8    1.9    9.9    5.4    9.3   11.5   13.7    -995    -995    -995
 KIN2   133   590     93    1.2    3.2    3.2   200    1.6    0.2    3.5    0.00   983.64     0    2.7    1.5   -995   -995   -995   -995   -995    -995    -995    -995
 KIN2   133   595     93    1.2    2.8    2.8   195    2.4    0.1    3.0    0.00   983.65     0    2.6    1.5   -995   -995   -995   -995   -995    -995    -995    -995
 KIN2   133   600     93    1.0    3.1    3.1   198    3.3    0.2    3.5    0.00   983.62     0    2.7    1.6    9.9    5.3    9.3   11.5   13.7    1.47    1.53    3.80
 KIN2   133   605     94    1.2    3.4    3.4   205    1.2    0.1    3.7    0.00   983.58     0    2.9    1.7   -995   -995   -995   -995   -995    -995    -995    -995
 KIN2   133   610     94    1.4    3.5    3.5   206    0.9    0.1    3.7    0.00   983.59     0    3.0    1.9   -995   -995   -995   -995   -995    -995    -995    -995
 KIN2   133   615     93    1.5    3.7    3.7   209    1.1    0.1    3.9    0.00   983.53     0    3.1    2.1    9.9    5.3    9.3   11.5   13.7    -995    -995    -995
 KIN2   133   620     93    1.5    3.5    3.5   204    2.1    0.1    3.9    0.00   983.54     0    3.0    1.9   -995   -995   -995   -995   -995    -995    -995    -995
 KIN2   133   625     93    1.4    3.6    3.6   202    0.9    0.1    3.9    0.00   983.54     0    2.9    1.9   -995   -995   -995   -995   -995    -995    -995    -995
 KIN2   133   630     93    1.5    3.3    3.3   204    2.1    0.2    3.7    0.00   983.51     0    2.8    1.6    9.9    5.2    9.2   11.5   13.7    1.47    1.53    3.81
 KIN2   133   635     93    1.6    2.9    2.9   209    1.0    0.1    3.0    0.00   983.46     0    2.9    1.4   -995   -995   -995   -995   -995    -995    -995    -995
 KIN2   133   640     93    1.4    3.1    3.1   208    1.2    0.1    3.3    0.00   983.39     0    3.1    1.6   -995   -995   -995   -995   -995    -995    -995    -995
 KIN2   133   645     93    1.4    3.1    3.1   211    1.6    0.1    3.4    0.00   983.37     0    3.3    1.4    9.9    5.2    9.2   11.4   13.7    -995    -995    -995
 KIN2   133   650     93    1.3    3.0    3.0   208    1.7    0.2    3.4    0.00   983.41     0    3.2    1.4   -995   -995   -995   -995   -995    -995    -995    -995
 KIN2   133   655     93    1.2    3.3    3.3   207    1.4    0.1    3.6    0.00   983.35     0    3.3    1.5   -995   -995   -995   -995   -995    -995    -995    -995
 KIN2   133   660     94    1.4    3.2    3.2   207    2.6    0.1    3.5    0.00   983.35     0    3.2    1.6    9.8    5.1    9.2   11.4   13.7    1.47    1.52    3.80
 KIN2   133   665     94    1.5    3.4    3.4   202    0.9    0.1    3.6    0.00   983.33     0    3.1    1.7   -995   -995   -995   -995   -995    -995    -995    -995
 KIN2   133   670     94    1.6    3.6    3.6   202    1.1    0.2    3.9    0.00   983.25     0    3.1    1.8   -995   -995   -995   -995   -995    -995    -995    -995
 KIN2   133   675     94    1.6    3.4    3.4   202    1.7    0.1    3.7    0.00   983.24     0    3.0    1.8    9.8    5.1    9.2   11.4   13.7    -995    -995    -995
 KIN2   133   680     94    1.6    3.5    3.5   202    1.9    0.2    3.8    0.00   983.22     0    2.9    1.9   -995   -995   -995   -995   -995    -995    -995    -995
 KIN2   133   685     94    1.7    3.6    3.6   204    1.8    0.1    3.9    0.00   983.12     0    2.9    2.0   -995   -995   -995   -995   -995    -995    -995    -995
 KIN2   133   690     94    1.8    3.1    3.1   205    2.5    0.2    3.5    0.00   983.16     0    2.9    1.6    9.8    5.1    9.2   11.4   13.7    1.47    1.53    3.80
 KIN2   133   695     94    1.8    3.6    3.6   206    1.6    0.2    4.1    0.00   983.12     0    3.1    2.0   -995   -995   -995   -995   -995    -995    -995    -995
 KIN2   133   700     94    1.8    3.6    3.6   205    1.3    0.1    3.8    0.00   983.10     0    3.2    2.0   -995   -995   -995   -995   -995    -995    -995    -995
 KIN2   133   705     94    1.8    3.8    3.8   205    2.0    0.1    4.1    0.00   983.09     0    3.2    2.0    9.8    5.0    9.2   11.4   13.7    -995    -995    -995
 KIN2   133   710     94    1.9    3.8    3.8   207    1.7    0.2    4.2    0.00   983.09     0    3.2    2.1   -995   -995   -995   -995   -995    -995    -995    -995
 KIN2   133   715     94    1.9    3.4    3.4   208    1.8    0.1    3.8    0.00   983.09     0    3.1    1.9   -995   -995   -995   -995   -995    -995    -995    -995
 KIN2   133   720     93    1.9    3.1    3.1   206    2.9    0.2    3.5    0.00   983.17     0    3.1    1.6    9.8    5.0    9.2   11.4   13.7    1.47    1.53    3.80
 KIN2   133   725     93    1.9    2.5    2.5   202    1.5    0.1    2.7    0.00   983.25     0    3.1    1.1   -995   -995   -995   -995   -995    -995    -995    -995
 KIN2   133   730     94    2.0    2.7    2.7   202    1.7    0.2    3.0    0.00   983.28     0    3.2    1.3   -995   -995   -995   -995   -995    -995    -995    -995
 KIN2   133   735     93    2.0    2.9    2.9   206    2.2    0.1    3.0    0.00   983.24     0    3.4    1.5    9.8    5.0    9.2   11.4   13.7    -995    -995    -995
 KIN2   133   740     93    1.8    2.7    2.7   208    2.1    0.2    3.0    0.00   983.23     0    3.3    1.3   -995   -995   -995   -995   -995    -995    -995    -995
 KIN2   133   745     93    1.7    2.4    2.4   208    1.8    0.1    2.5    0.00   983.32     0    3.2    1.0   -995   -995   -995   -995   -995    -995    -995    -995
 KIN2   133   750     94    1.6    2.8    2.8   211    2.1    0.2    3.3    0.00   983.31     0    3.3    1.5    9.8    4.9    9.2   11.4   13.7    1.47    1.53    3.80
 KIN2   133   755     94    1.5    2.9    2.9   210    2.3    0.1    3.3    0.00   983.32     0    3.3    1.3   -995   -995   -995   -995   -995    -995    -995    -995
 KIN2   133   760     94    1.6    2.7    2.7   211    3.7    0.2    3.1    0.00   983.35     0    3.1    1.3   -995   -995   -995   -995   -995    -995    -995    -995
 KIN2   133   765     94    1.2    2.7    2.6   197    3.3    0.2    3.1    0.00   983.35     1    2.7    1.2    9.8    4.9    9.2   11.4   13.7    -995    -995    -995
 KIN2   133   770     94    1.1    3.2    3.2   196    0.9    0.0    3.3    0.00   983.34     1    2.9    1.6   -995   -995   -995   -995   -995    -995    -995    -995
 KIN2   133   775     95    1.1    3.4    3.4   199    1.7    0.1    3.6    0.00   983.41     2    3.0    1.7   -995   -995   -995   -995   -995    -995    -995    -995
 KIN2   133   780     95    1.0    3.4    3.4   196    3.0    0.2    3.6    0.00   983.39     4    2.9    2.0    9.8    4.9    9.1   11.4   13.7    1.47    1.52    3.80
 KIN2   133   785     95    1.0    4.2    4.2   193    1.1    0.4    4.8    0.00   983.28     7    2.9    2.4   -995   -995   -995   -995   -995    -995    -995    -995
 KIN2   133   790     96    1.3    4.0    4.0   194    2.1    0.4    4.8    0.00   983.25    11    2.8    2.1   -995   -995   -995   -995   -995    -995    -995    -995
 KIN2   133   795     96    1.6    3.3    3.3   194    2.3    0.1    3.8    0.00   983.26    20    2.7    1.8    9.7    4.8    9.1   11.4   13.7    -995    -995    -995
 KIN2   133   800     96    1.8    3.4    3.4   189    2.3    0.2    3.7    0.00   983.24    31    2.9    2.0   -995   -995   -995   -995   -995    -995    -995    -995
 KIN2   133   805     96    1.9    3.1    3.1   187    1.9    0.2    3.5    0.00   983.21    45    2.9    1.8   -995   -995   -995   -995   -995    -995    -995    -995
 KIN2   133   810     96    2.0    3.2    3.2   190    2.1    0.2    3.5    0.00   983.22    60    2.9    1.8    9.7    4.8    9.1   11.3   13.7    1.47    1.53    3.81
 KIN2   133   815     96    2.3    2.7    2.7   194    2.6    0.1    3.1    0.00   983.25    77    3.0    1.5   -995   -995   -995   -995   -995    -995    -995    -995
 KIN2   133   820     96    2.6    2.8    2.8   204    3.8    0.2    3.3    0.00   983.23    95    3.2    1.6   -995   -995   -995   -995   -995    -995    -995    -995
 KIN2   133   825     95    3.0    3.0    3.0   199    4.8    0.1    3.3    0.00   983.21   112    3.6    1.8    9.6    4.7    9.0   11.2   13.6    -995    -995    -995
 KIN2   133   830     95    3.2    2.7    2.7   187    4.9    0.2    3.1    0.00   983.23   128    3.7    1.8   -995   -995   -995   -995   -995    -995    -995    -995
 KIN2   133   835     94    3.3    2.8    2.8   190    3.2    0.1    3.2    0.00   983.23   143    3.5    1.8   -995   -995   -995   -995   -995    -995    -995    -995
 KIN2   133   840     94    3.5    3.0    3.0   191    3.1    0.2    3.4    0.00   983.22   157    3.7    2.0    9.6    4.6    9.0   11.2   13.6    1.46    1.53    3.80
 KIN2   133   845     94    3.8    3.0    3.0   188    3.6    0.2    3.5    0.00   983.22   170    3.9    2.4   -995   -995   -995   -995   -995    -995    -995    -995
 KIN2   133   850     94    4.0    3.1    3.1   188    3.8    0.2    3.5    0.00   983.20   184    4.1    2.4   -995   -995   -995   -995   -995    -995    -995    -995
 KIN2   133   855     93    4.3    3.4    3.4   194    4.2    0.2    3.9    0.00   983.25   198    4.3    2.7    9.6    4.6    9.0   11.1   13.5    -995    -995    -995
 KIN2   133   860     93    4.8    3.6    3.6   202    4.8    0.4    4.5    0.00   983.30   213    4.8    2.7   -995   -995   -995   -995   -995    -995    -995    -995
 KIN2   133   865     92    5.3    3.8    3.8   205    5.4    0.4    5.1    0.00   983.32   228    5.3    3.1   -995   -995   -995   -995   -995    -995    -995    -995
 KIN2   133   870     91    5.8    4.1    4.1   209    6.4    0.5    5.0    0.00   983.35   242    5.8    3.2    9.5    4.6    9.0   11.1   13.5    1.47    1.53    3.80
 KIN2   133   875     89    6.1    4.6    4.6   209    4.2    0.5    6.1    0.00   983.35   257    6.0    3.6   -995   -995   -995   -995   -995    -995    -995    -995
 KIN2   133   880     88    6.3    4.9    4.9   209    4.8    0.4    5.7    0.00   983.36   271    6.3    3.9   -995   -995   -995   -995   -995    -995    -995    -995
 KIN2   133   885     88    6.6    4.9    4.9   208    3.7    0.3    5.5    0.00   983.36   286    6.5    3.6    9.5    4.6    9.0   11.1   13.5    -995    -995    -995
 KIN2   133   890     87    7.0    4.5    4.5   206    5.7    0.5    5.3    0.00   983.33   302    6.8    3.6   -995   -995   -995   -995   -995    -995    -995    -995
 KIN2   133   895     87    7.2    4.5    4.5   199    3.8    0.4    5.2    0.00   983.27   317    7.0    3.7   -995   -995   -995   -995   -995    -995    -995    -995
 KIN2   133   900     87    7.5    4.3    4.3   201    6.5    0.3    5.1    0.00   983.26   331    7.3    3.5    9.5    4.7    9.1   11.1   13.5    1.46    1.52    3.80
 KIN2   133   905     86    8.0    4.5    4.4   210    7.4    0.5    5.6    0.00   983.24   347    7.8    3.5   -995   -995   -995   -995   -995    -995    -995    -995
 KIN2   133   910     84    8.3    5.6    5.6   210    6.2    0.7    7.2    0.00   983.22   361    8.1    4.6   -995   -995   -995   -995   -995    -995    -995    -995
 KIN2   133   915     83    8.6    5.3    5.3   216    6.0    0.6    6.5    0.00   983.23   376    8.3    4.1    9.5    4.9    9.1   11.1   13.5    -995    -995    -995
 KIN2   133   920     82    8.9    5.2    5.2   214    6.3    0.6    6.6    0.00   983.23   390    8.5    3.9   -995   -995   -995   -995   -995    -995    -995    -995
 KIN2   133   925     81    9.1    5.2    5.1   216    5.1    0.6    6.4    0.00   983.22   404    8.7    4.0   -995   -995   -995   -995   -995    -995    -995    -995
 KIN2   133   930     81    9.4    5.5    5.5   212    6.8    0.6    6.7    0.00   983.22   417    8.9    4.4    9.5    5.2    9.2   11.1   13.5    1.47    1.52    3.80
 KIN2   133   935     80    9.5    5.7    5.7   217    6.6    0.6    7.0    0.00   983.18   430    9.1    4.5   -995   -995   -995   -995   -995    -995    -995    -995
 KIN2   133   940     79    9.8    5.7    5.7   214    7.0    0.8    7.5    0.00   983.19   442    9.4    4.6   -995   -995   -995   -995   -995    -995    -995    -995
 KIN2   133   945     78   10.1    5.5    5.5   222    7.0    0.6    7.0    0.00   983.18   455    9.7    4.2    9.6    5.5    9.3   11.1   13.5    -995    -995    -995
 KIN2   133   950     78   10.5    5.5    5.5   220    7.0    0.7    7.0    0.00   983.17   468   10.0    4.2   -995   -995   -995   -995   -995    -995    -995    -995
 KIN2   133   955     77   10.8    5.2    5.2   220    6.6    0.8    6.8    0.00   983.20   479   10.3    4.0   -995   -995   -995   -995   -995    -995    -995    -995
 KIN2   133   960     77   11.1    4.8    4.8   216    9.8    0.5    6.1    0.00   983.22   491   10.6    3.7    9.6    5.8    9.4   11.1   13.5    1.46    1.52    3.78
 KIN2   133   965     76   11.2    5.3    5.3   210    4.7    0.5    6.7    0.00   983.13   502   10.7    4.4   -995   -995   -995   -995   -995    -995    -995    -995
 KIN2   133   970     76   11.7    4.6    4.6   214    6.7    0.7    5.7    0.00   983.12   513   11.1    3.7   -995   -995   -995   -995   -995    -995    -995    -995
 KIN2   133   975     75   12.2    5.3    5.2   217    6.4    0.5    6.2    0.00   983.04   524   11.5    4.1    9.6    6.1    9.6   11.1   13.5    -995    -995    -995
 KIN2   133   980     74   12.4    4.7    4.7   211    6.9    0.4    5.5    0.00   983.02   535   11.7    3.8   -995   -995   -995   -995   -995    -995    -995    -995
 KIN2   133   985     73   12.5    4.8    4.8   212    5.4    0.5    5.9    0.00   983.01   544   11.8    4.0   -995   -995   -995   -995   -995    -995    -995    -995
 KIN2   133   990     73   12.9    4.7    4.6   204    7.4    0.4    5.7    0.00   983.00   553   12.1    3.8    9.7    6.5    9.7   11.2   13.6    1.46    1.52    3.78
 KIN2   133   995     72   13.1    4.8    4.8   209    6.6    0.7    6.1    0.00   982.97   563   12.5    4.1   -995   -995   -995   -995   -995    -995    -995    -995
 KIN2   133  1000     70   13.5    5.2    5.2   216    7.8    0.5    6.3    0.00   982.91   571   12.8    4.3   -995   -995   -995   -995   -995    -995    -995    -995
 KIN2   133  1005     69   13.7    5.7    5.7   212    6.8    0.6    6.8    0.00   982.87   580   13.0    4.6    9.8    6.9    9.8   11.2   13.6    -995    -995    -995
 KIN2   133  1010     68   14.2    5.1    5.1   218    6.4    0.6    6.4    0.00   982.84   588   13.5    4.0   -995   -995   -995   -995   -995    -995    -995    -995
 KIN2   133  1015     67   14.6    5.0    4.9   219    9.1    0.7    6.3    0.00   982.79   595   13.8    3.8   -995   -995   -995   -995   -995    -995    -995    -995
 KIN2   133  1020     66   14.8    5.7    5.7   220    5.0    0.7    7.4    0.00   982.74   602   14.0    4.4    9.8    7.3   10.0   11.2   13.6    1.47    1.53    3.80
 KIN2   133  1025     65   15.1    5.6    5.5   217    6.6    0.6    7.0    0.00   982.72   608   14.2    4.2   -995   -995   -995   -995   -995    -995    -995    -995
 KIN2   133  1030     64   15.5    5.0    4.9   224    9.1    0.6    6.4    0.00   982.70   614   14.7    3.5   -995   -995   -995   -995   -995    -995    -995    -995
 KIN2   133  1035     63   15.7    5.4    5.3   219    7.1    0.6    6.4    0.00   982.61   620   14.9    4.2    9.9    7.8   10.1   11.2   13.6    -995    -995    -995
 KIN2   133  1040     63   16.0    5.3    5.2   218    9.4    0.6    6.5    0.00   982.56   626   15.2    4.2   -995   -995   -995   -995   -995    -995    -995    -995
 KIN2   133  1045     64   16.4    4.2    4.2   213    9.7    0.5    5.1    0.00   982.51   631   15.6    3.4   -995   -995   -995   -995   -995    -995    -995    -995
 KIN2   133  1050     62   16.6    5.0    5.0   206    9.1    0.7    6.3    0.00   982.45   636   15.8    4.1   10.0    8.2   10.3   11.2   13.6    1.46    1.53    3.80
 KIN2   133  1055     61   16.8    3.7    3.7   216   10.5    0.6    5.1    0.00   982.38   640   16.2    3.2   -995   -995   -995   -995   -995    -995    -995    -995
 KIN2   133  1060     60   17.1    4.1    4.1   220    7.4    0.7    5.2    0.00   982.28   643   16.3    3.4   -995   -995   -995   -995   -995    -995    -995    -995
 KIN2   133  1065     58   17.3    5.2    5.1   224    7.7    0.6    6.4    0.00   982.16   647   16.5    3.9   10.0    8.6   10.5   11.2   13.6    -995    -995    -995
 KIN2   133  1070     58   17.5    4.9    4.8   224    7.8    0.6    6.1    0.00   982.05   649   16.7    3.5   -995   -995   -995   -995   -995    -995    -995    -995
 KIN2   133  1075     56   17.9    5.0    4.9   222    8.6    0.6    6.1    0.00   981.96   652   17.1    3.9   -995   -995   -995   -995   -995    -995    -995    -995
 KIN2   133  1080     55   18.0    4.5    4.4   218   12.1    0.7    6.7    0.00   981.87   654   17.3    3.5   10.1    9.1   10.7   11.2   13.6    1.48    1.52    3.80
 KIN2   133  1085     55   18.4    4.2    4.2   226   11.8    0.6    5.6    0.00   981.76   656   17.6    3.0   -995   -995   -995   -995   -995    -995    -995    -995
 KIN2   133  1090     54   18.7    4.5    4.5   224    7.1    0.6    5.8    0.00   981.65   657   17.8    3.3   -995   -995   -995   -995   -995    -995    -995    -995
 KIN2   133  1095     53   18.8    4.8    4.8   217    8.4    0.7    6.6    0.00   981.50   657   18.0    3.9   10.2    9.5   10.9   11.2   13.6    -995    -995    -995
 KIN2   133  1100     52   19.1    3.6    3.6   230    9.8    0.6    4.8    0.00   981.36   657   18.3    2.6   -995   -995   -995   -995   -995    -995    -995    -995
 KIN2   133  1105     52   19.2    4.2    4.2   218    8.1    0.7    6.0    0.00   981.24   657   18.5    3.4   -995   -995   -995   -995   -995    -995    -995    -995
 KIN2   133  1110     52   19.3    5.2    5.2   221    6.0    1.0    7.1    0.00   981.15   655   18.5    4.1   10.3    9.9   11.1   11.2   13.5    1.46    1.53    3.80
 KIN2   133  1115     51   19.5    4.7    4.6   222    8.6    0.6    6.0    0.00   981.07   655   18.7    3.5   -995   -995   -995   -995   -995    -995    -995    -995
 KIN2   133  1120     50   19.7    5.7    5.7   221    5.7    0.8    7.2    0.00   980.91   653   18.8    4.3   -995   -995   -995   -995   -995    -995    -995    -995
 KIN2   133  1125     50   19.7    5.4    5.4   221    7.3    0.4    6.4    0.00   980.78   650   18.9    3.9   10.5   10.4   11.3   11.3   13.6    -995    -995    -995
 KIN2   133  1130     51   20.0    5.1    5.0   211   10.5    0.6    6.3    0.00   980.66   646   19.2    4.2   -995   -995   -995   -995   -995    -995    -995    -995
 KIN2   133  1135     50   20.2    4.6    4.5   218   13.5    0.7    6.2    0.00   980.56   642   19.5    3.6   -995   -995   -995   -995   -995    -995    -995    -995
 KIN2   133  1140     51   20.1    4.3    4.2   205   11.7    0.7    5.9    0.00   980.50   638   19.6    3.6   10.6   10.8   11.5   11.3   13.6    1.46    1.53    3.78
 KIN2   133  1145     51   20.3    4.9    4.9   208    7.7    0.7    6.6    0.00   980.43   634   19.7    4.1   -995   -995   -995   -995   -995    -995    -995    -995
 KIN2   133  1150     52   20.4    5.0    5.0   203    6.3    0.7    6.6    0.00   980.35   630   19.7    4.2   -995   -995   -995   -995   -995    -995    -995    -995
 KIN2   133  1155     51   20.4    5.2    5.2   200    6.6    0.8    6.7    0.00   980.26   624   19.8    4.2   10.7   11.2   11.7   11.3   13.6    -995    -995    -995
 KIN2   133  1160     49   20.6    5.4    5.4   204    7.3    0.8    7.0    0.00   980.20   619   20.0    4.3   -995   -995   -995   -995   -995    -995    -995    -995
 KIN2   133  1165     49   20.6    5.8    5.7   206    7.7    0.8    7.3    0.00   980.13   613   20.1    4.8   -995   -995   -995   -995   -995    -995    -995    -995
 KIN2   133  1170     50   20.8    5.1    5.0   207    7.0    0.5    6.3    0.00   980.07   605   20.2    3.9   10.9   11.6   11.8   11.4   13.6    1.46    1.52    3.78
 KIN2   133  1175     50   20.7    5.2    5.1   202    7.6    0.8    7.2    0.00   980.01   598   20.2    4.2   -995   -995   -995   -995   -995    -995    -995    -995
 KIN2   133  1180     52   20.8    5.2    5.1   193    8.9    0.6    6.6    0.00   979.96   591   20.3    4.2   -995   -995   -995   -995   -995    -995    -995    -995
 KIN2   133  1185     47   21.0    5.5    5.4   214    6.6    0.6    7.2    0.00   979.86   584   20.5    4.3   11.0   11.9   12.0   11.4   13.6    -995    -995    -995
 KIN2   133  1190     48   21.1    5.1    5.1   207    5.9    0.9    7.0    0.00   979.82   577   20.5    4.0   -995   -995   -995   -995   -995    -995    -995    -995
 KIN2   133  1195     49   21.1    5.1    5.0   205    7.0    0.6    6.3    0.00   979.78   567   20.6    4.0   -995   -995   -995   -995   -995    -995    -995    -995
 KIN2   133  1200     47   21.1    5.8    5.8   203    5.9    0.7    7.3    0.00   979.74   560   20.6    4.5   11.1   12.2   12.1   11.4   13.6    1.46    1.52    3.78
 KIN2   133  1205     49   21.0    5.7    5.6   197    7.4    0.5    7.2    0.00   979.67   550   20.6    4.5   -995   -995   -995   -995   -995    -995    -995    -995
 KIN2   133  1210     47   21.1    5.9    5.9   207    6.9    0.8    7.2    0.00   979.58   541   20.7    4.8   -995   -995   -995   -995   -995    -995    -995    -995
 KIN2   133  1215     47   21.1    5.8    5.7   203    9.4    0.9    7.9    0.00   979.54   531   20.8    4.5   11.2   12.5   12.2   11.5   13.6    -995    -995    -995
 KIN2   133  1220     45   21.1    6.7    6.7   207    6.2    0.7    8.5    0.00   979.49   521   20.9    5.5   -995   -995   -995   -995   -995    -995    -995    -995
 KIN2   133  1225     44   21.2    6.5    6.4   214    6.9    0.7    7.8    0.00   979.47   511   21.0    5.0   -995   -995   -995   -995   -995    -995    -995    -995
 KIN2   133  1230     45   21.2    6.3    6.3   206    6.0    0.6    7.6    0.00   979.46   499   21.0    4.9   11.3   12.8   12.3   11.6   13.6    1.46    1.52    3.80
 KIN2   133  1235     47   21.2    5.5    5.5   204    6.5    0.7    7.1    0.00   979.43   487   21.1    4.3   -995   -995   -995   -995   -995    -995    -995    -995
 KIN2   133  1240     47   21.2    5.3    5.3   203    8.9    0.6    6.6    0.00   979.35   476   21.1    4.2   -995   -995   -995   -995   -995    -995    -995    -995
 KIN2   133  1245     45   21.4    4.7    4.6   210   10.4    0.7    6.4    0.00   979.30   463   21.3    3.8   11.4   13.0   12.4   11.6   13.7    -995    -995    -995
 KIN2   133  1250     48   21.3    5.5    5.5   201    7.1    0.9    7.4    0.00   979.26   451   21.2    4.2   -995   -995   -995   -995   -995    -995    -995    -995
 KIN2   133  1255     47   21.4    5.7    5.6   204    7.3    0.7    7.2    0.00   979.23   438   21.3    4.3   -995   -995   -995   -995   -995    -995    -995    -995
 KIN2   133  1260     45   21.4    5.4    5.4   210    7.8    0.6    6.7    0.00   979.18   425   21.4    4.3   11.5   13.2   12.4   11.6   13.6    1.46    1.52    3.80
 KIN2   133  1265     45   21.4    6.0    5.9   210    7.0    0.5    7.0    0.00   979.11   412   21.4    4.5   -995   -995   -995   -995   -995    -995    -995    -995
 KIN2   133  1270     46   21.4    4.8    4.8   208    8.0    0.6    6.2    0.00   979.09   398   21.5    3.7   -995   -995   -995   -995   -995    -995    -995    -995
 KIN2   133  1275     45   21.4    5.8    5.8   203    5.3    0.6    7.3    0.00   979.01   384   21.5    4.6   11.6   13.3   12.5   11.7   13.6    -995    -995    -995
 KIN2   133  1280     45   21.4    5.4    5.3   208    7.9    0.7    6.9    0.00   978.97   370   21.6    4.1   -995   -995   -995   -995   -995    -995    -995    -995
 KIN2   133  1285     46   21.4    5.2    5.1   208    6.6    0.6    6.5    0.00   978.95   355   21.6    3.9   -995   -995   -995   -995   -995    -995    -995    -995
 KIN2   133  1290     47   21.3    5.6    5.6   204    5.4    0.8    7.3    0.00   978.90   340   21.6    4.2   11.7   13.5   12.6   11.7   13.7    1.46    1.53    3.80
 KIN2   133  1295     46   21.3    5.7    5.7   209    5.0    0.6    6.9    0.00   978.82   326   21.7    4.3   -995   -995   -995   -995   -995    -995    -995    -995
 KIN2   133  1300     45   21.4    5.6    5.5   215    6.1    0.7    7.0    0.00   978.76   312   21.8    4.4   -995   -995   -995   -995   -995    -995    -995    -995
 KIN2   133  1305     45   21.4    5.4    5.3   214    6.6    0.6    6.7    0.00   978.78   296   21.8    4.0   11.8   13.6   12.6   11.8   13.7    -995    -995    -995
 KIN2   133  1310     47   21.3    5.2    5.1   214    6.7    0.6    6.8    0.00   978.73   281   21.8    3.8   -995   -995   -995   -995   -995    -995    -995    -995
 KIN2   133  1315     47   21.2    4.8    4.7   209    7.4    0.5    5.8    0.00   978.68   265   21.8    3.5   -995   -995   -995   -995   -995    -995    -995    -995
 KIN2   133  1320     47   21.1    5.2    5.1   208    6.2    0.7    6.6    0.00   978.67   250   21.8    3.9   11.8   13.6   12.7   11.8   13.7    1.45    1.52    3.80
 KIN2   133  1325     48   21.0    4.7    4.7   208    6.5    0.5    5.9    0.00   978.65   235   21.8    3.4   -995   -995   -995   -995   -995    -995    -995    -995
 KIN2   133  1330     49   20.9    4.4    4.3   211    5.6    0.4    5.2    0.00   978.62   219   21.8    3.0   -995   -995   -995   -995   -995    -995    -995    -995
 KIN2   133  1335     49   20.8    4.3    4.3   210    4.8    0.4    5.1    0.00   978.62   204   21.8    3.0   11.9   13.6   12.7   11.9   13.7    -995    -995    -995
 KIN2   133  1340     51   20.6    3.8    3.7   210    5.3    0.3    4.4    0.00   978.65   189   21.7    2.5   -995   -995   -995   -995   -995    -995    -995    -995
 KIN2   133  1345     50   20.5    4.0    4.0   212    5.0    0.3    4.8    0.00   978.64   173   21.7    2.8   -995   -995   -995   -995   -995    -995    -995    -995
 KIN2   133  1350     52   20.2    3.7    3.7   212    4.4    0.3    4.5    0.00   978.62   158   21.6    2.5   12.0   13.6   12.7   11.9   13.7    1.45    1.52    3.80
 KIN2   133  1355     53   19.8    3.5    3.5   210    3.4    0.2    4.2    0.00   978.62   143   21.4    2.2   -995   -995   -995   -995   -995    -995    -995    -995
 KIN2   133  1360     59   18.9    3.3    3.3   206    2.6    0.1    3.6    0.00   978.59   129   21.2    1.7   -995   -995   -995   -995   -995    -995    -995    -995
 KIN2   133  1365     64   18.4    3.3    3.3   202    1.3    0.1    3.7    0.00   978.56   112   21.0    1.8   12.0   13.5   12.7   12.0   13.8    -995    -995    -995
 KIN2   133  1370     66   18.0    3.9    3.9   200    1.4    0.2    4.2    0.00   978.51    95   20.9    1.9   -995   -995   -995   -995   -995    -995    -995    -995
 KIN2   133  1375     66   17.7    4.0    4.0   198    3.7    0.2    4.4    0.00   978.47    75   20.4    2.0   -995   -995   -995   -995   -995    -995    -995    -995
 KIN2   133  1380     67   17.3    4.3    4.3   197    1.9    0.2    4.6    0.00   978.42    24   20.2    2.2   12.1   13.5   12.8   12.1   13.8    1.46    1.53    3.80
 KIN2   133  1385     70   16.9    4.6    4.6   193    2.1    0.1    5.0    0.00   978.40    20   20.0    2.3   -995   -995   -995   -995   -995    -995    -995    -995
 KIN2   133  1390     71   16.8    4.4    4.4   194    1.8    0.2    5.2    0.00   978.40    16   19.6    2.4   -995   -995   -995   -995   -995    -995    -995    -995
 KIN2   133  1395     73   16.4    3.8    3.8   193    2.9    0.2    4.2    0.00   978.39    14   18.8    2.0   12.2   13.4   12.9   12.2   13.9    -995    -995    -995
 KIN2   133  1400     74   16.0    3.7    3.6   189    4.6    0.3    4.4    0.00   978.34    12   18.0    2.0   -995   -995   -995   -995   -995    -995    -995    -995
 KIN2   133  1405     73   15.9    4.3    4.3   183    3.4    0.3    4.8    0.00   978.32     9   17.8    2.4   -995   -995   -995   -995   -995    -995    -995    -995
 KIN2   133  1410     72   15.8    5.0    5.0   181    2.4    0.2    5.5    0.00   978.28     6   17.8    2.8   12.2   13.3   12.9   12.3   14.0    1.45    1.52    3.80
 KIN2   133  1415     71   15.6    5.1    5.1   180    2.4    0.2    5.7    0.00   978.28     4   17.5    2.9   -995   -995   -995   -995   -995    -995    -995    -995
 KIN2   133  1420     71   15.5    5.4    5.4   178    2.6    0.2    5.9    0.00   978.29     2   17.3    3.2   -995   -995   -995   -995   -995    -995    -995    -995
 KIN2   133  1425     71   15.5    5.4    5.4   178    2.6    0.2    6.0    0.00   978.28     1   17.2    3.3   12.2   13.2   12.8   12.3   13.9    -995    -995    -995
 KIN2   133  1430     71   15.4    5.4    5.3   178    3.5    0.3    6.1    0.00   978.27     0   16.9    3.3   -995   -995   -995   -995   -995    -995    -995    -995
 KIN2   133  1435     72   15.1    5.3    5.3   178    3.0    0.3    6.0    0.00   978.23     0   16.6    3.3   -995   -995   -995   -995   -995    -995    -995    -995
</pre>