<pre>  101 ! (c) 2019 Oklahoma Climatological Survey and the Oklahoma Mesonet - all rights reserved
  21 2019 02 03 00 00 00
 STID  STNM  TIME   RELH   TAIR   WSPD   WVEC  WDIR   WDSD   WSSD   WMAX    RAIN     PRES  SRAD   TA9M   WS2M   TS10   TB10   TS05   TS25   TS60    TR05    TR25    TR60
 KIN2   133     0     79   15.4    7.2    7.2   171    6.2    0.7    8.9    0.00   973.39     6   15.8    5.8    9.1   11.8   10.0    7.8    7.4    1.81    1.57    1.40
 KIN2   133     5     80   15.2    7.5    7.5   171    5.8    1.0    9.5    0.00   973.37     4   15.7    5.8   -995   -995   -995   -995   -995    -995    -995    -995
 KIN2   133    10     80   15.2    7.3    7.3   170    5.8    0.7    8.9    0.00   973.32     2   15.6    6.0   -995   -995   -995   -995   -995    -995    -995    -995
 KIN2   133    15     80   15.0    6.6    6.6   166    5.7    0.7    8.0    0.00   973.31     1   15.5    5.0    9.1   11.7   10.0    7.8    7.4    -995    -995    -995
 KIN2   133    20     81   14.9    6.8    6.7   165    6.7    1.0    9.4    0.00   973.28     0   15.4    5.4   -995   -995   -995   -995   -995    -995    -995    -995
 KIN2   133    25     81   14.9    7.4    7.4   168    6.6    0.9    9.4    0.00   973.25     0   15.4    5.9   -995   -995   -995   -995   -995    -995    -995    -995
 KIN2   133    30     81   14.8    7.3    7.3   170    4.7    0.7    8.9    0.00   973.29     0   15.4    5.8    9.1   11.6    9.9    7.8    7.4    1.81    1.57    1.41
 KIN2   133    35     82   14.8    6.9    6.8   168    6.3    0.7    8.4    0.00   973.29     0   15.3    5.5   -995   -995   -995   -995   -995    -995    -995    -995
 KIN2   133    40     82   14.6    6.5    6.4   166    6.5    0.7    8.9    0.00   973.26     0   15.1    5.2   -995   -995   -995   -995   -995    -995    -995    -995
 KIN2   133    45     82   14.6    7.0    6.9   166    7.3    0.7    8.8    0.00   973.26     0   15.1    5.6    9.0   11.5    9.8    7.8    7.4    -995    -995    -995
 KIN2   133    50     82   14.6    7.5    7.5   168    5.6    0.8    9.4    0.00   973.29     0   15.1    6.0   -995   -995   -995   -995   -995    -995    -995    -995
 KIN2   133    55     82   14.5    6.7    6.6   166    6.0    0.9    9.8    0.00   973.32     0   15.0    5.2   -995   -995   -995   -995   -995    -995    -995    -995
 KIN2   133    60     83   14.2    6.5    6.4   165    6.7    0.6    7.9    0.00   973.33     0   14.8    5.0    9.0   11.4    9.7    7.8    7.3    1.81    1.57    1.41
 KIN2   133    65     83   14.2    7.0    7.0   168    4.7    0.7    9.2    0.00   973.36     0   14.8    5.3   -995   -995   -995   -995   -995    -995    -995    -995
 KIN2   133    70     84   14.3    7.3    7.3   168    5.9    0.7    8.9    0.00   973.41     0   14.8    5.9   -995   -995   -995   -995   -995    -995    -995    -995
 KIN2   133    75     84   14.1    6.2    6.2   167    5.2    0.6    7.9    0.00   973.48     0   14.6    5.0    9.0   11.4    9.7    7.8    7.3    -995    -995    -995
 KIN2   133    80     85   13.9    6.5    6.4   167    6.5    1.0    8.8    0.00   973.49     0   14.5    5.1   -995   -995   -995   -995   -995    -995    -995    -995
 KIN2   133    85     85   13.9    7.1    7.1   170    5.8    0.8    9.5    0.00   973.46     0   14.4    5.8   -995   -995   -995   -995   -995    -995    -995    -995
 KIN2   133    90     85   13.9    8.0    8.0   172    5.8    0.8    9.7    0.00   973.45     0   14.4    6.6    9.0   11.3    9.6    7.8    7.3    1.81    1.58    1.42
 KIN2   133    95     86   13.9    7.9    7.8   172    6.1    0.9   10.5    0.00   973.52     0   14.3    6.3   -995   -995   -995   -995   -995    -995    -995    -995
 KIN2   133   100     87   13.7    7.2    7.2   172    6.2    0.8    8.9    0.00   973.56     0   14.1    5.6   -995   -995   -995   -995   -995    -995    -995    -995
 KIN2   133   105     87   13.6    7.0    7.0   173    5.8    0.7    8.6    0.00   973.55     0   14.0    5.6    9.0   11.2    9.6    7.8    7.3    -995    -995    -995
 KIN2   133   110     88   13.5    7.2    7.1   173    6.1    0.7    9.1    0.00   973.53     0   13.9    5.7   -995   -995   -995   -995   -995    -995    -995    -995
 KIN2   133   115     88   13.4    7.4    7.4   174    5.8    0.9    9.5    0.00   973.59     0   13.9    6.0   -995   -995   -995   -995   -995    -995    -995    -995
 KIN2   133   120     88   13.5    7.6    7.5   174    5.6    0.9   10.0    0.00   973.59     0   13.9    6.1    8.9   11.1    9.5    7.9    7.3    1.82    1.57    1.41
 KIN2   133   125     89   13.4    7.2    7.2   171    5.4    0.7    9.1    0.00   973.60     0   13.8    5.7   -995   -995   -995   -995   -995    -995    -995    -995
 KIN2   133   130     89   13.2    7.0    7.0   172    5.5    0.9    9.5    0.00   973.66     0   13.6    5.6   -995   -995   -995   -995   -995    -995    -995    -995
 KIN2   133   135     90   13.2    7.2    7.2   172    6.1    0.9   10.3    0.00   973.70     0   13.6    5.9    8.9   11.0    9.5    7.9    7.3    -995    -995    -995
 KIN2   133   140     90   13.2    7.4    7.3   173    5.4    0.7    8.8    0.00   973.69     0   13.6    6.0   -995   -995   -995   -995   -995    -995    -995    -995
 KIN2   133   145     91   13.2    7.9    7.9   173    6.8    0.9   10.3    0.00   973.69     0   13.6    6.4   -995   -995   -995   -995   -995    -995    -995    -995
 KIN2   133   150     91   13.1    7.3    7.2   173    5.5    0.8    9.5    0.00   973.70     0   13.5    5.9    8.9   10.9    9.4    7.9    7.3    1.82    1.58    1.41
 KIN2   133   155     91   13.0    8.0    8.0   175    6.0    0.9    9.9    0.00   973.74     0   13.4    6.3   -995   -995   -995   -995   -995    -995    -995    -995
 KIN2   133   160     92   13.1    8.9    8.9   175    5.8    1.3   12.0    0.00   973.71     0   13.5    7.2   -995   -995   -995   -995   -995    -995    -995    -995
 KIN2   133   165     91   13.1    9.3    9.3   176    6.0    1.2   12.9    0.00   973.70     0   13.5    7.8    8.9   10.9    9.4    7.9    7.3    -995    -995    -995
 KIN2   133   170     92   13.1    8.8    8.7   174    5.4    0.7   11.4    0.00   973.75     0   13.4    7.1   -995   -995   -995   -995   -995    -995    -995    -995
 KIN2   133   175     92   13.0    9.1    9.1   175    5.8    1.1   11.7    0.00   973.72     0   13.4    7.4   -995   -995   -995   -995   -995    -995    -995    -995
 KIN2   133   180     92   13.1   10.1   10.1   175    4.7    1.1   13.0    0.00   973.66     0   13.5    8.4    8.9   10.8    9.4    7.9    7.3    1.81    1.57    1.42
 KIN2   133   185     92   13.2    9.6    9.6   175    5.2    1.0   11.9    0.00   973.61     0   13.5    8.0   -995   -995   -995   -995   -995    -995    -995    -995
 KIN2   133   190     92   13.2   10.1   10.1   177    4.8    1.6   14.9    0.00   973.58     0   13.6    8.3   -995   -995   -995   -995   -995    -995    -995    -995
 KIN2   133   195     91   13.4    9.8    9.7   175    6.2    1.1   12.2    0.00   973.55     0   13.7    8.2    8.8   10.7    9.3    7.9    7.3    -995    -995    -995
 KIN2   133   200     91   13.4   10.4   10.4   174    5.6    1.4   13.6    0.00   973.48     0   13.8    8.5   -995   -995   -995   -995   -995    -995    -995    -995
 KIN2   133   205     91   13.5   10.0    9.9   176    5.9    1.1   12.3    0.00   973.45     0   13.8    8.2   -995   -995   -995   -995   -995    -995    -995    -995
 KIN2   133   210     91   13.6    9.0    8.9   174    5.9    1.1   10.8    0.00   973.44     0   13.9    7.3    8.8   10.6    9.3    7.9    7.3    1.82    1.57    1.40
 KIN2   133   215     91   13.7    8.6    8.6   176    6.0    1.0   11.1    0.00   973.43     0   13.9    7.1   -995   -995   -995   -995   -995    -995    -995    -995
 KIN2   133   220     91   13.7    8.3    8.3   174    6.0    1.2   11.3    0.00   973.39     0   13.9    6.6   -995   -995   -995   -995   -995    -995    -995    -995
 KIN2   133   225     91   13.7    8.2    8.1   175    6.1    0.9   10.1    0.00   973.38     0   13.9    6.7    8.8   10.6    9.3    7.9    7.3    -995    -995    -995
 KIN2   133   230     90   13.8    9.3    9.3   174    5.5    1.0   11.4    0.00   973.35     0   14.1    7.8   -995   -995   -995   -995   -995    -995    -995    -995
 KIN2   133   235     90   13.9    8.7    8.6   175    6.0    1.3   12.1    0.00   973.32     0   14.1    7.2   -995   -995   -995   -995   -995    -995    -995    -995
 KIN2   133   240     90   13.9    9.4    9.3   178    5.3    1.0   11.5    0.00   973.30     0   14.1    7.6    8.8   10.5    9.3    7.9    7.3    1.82    1.57    1.41
 KIN2   133   245     90   14.0    9.9    9.9   178    5.9    1.4   13.5    0.00   973.31     0   14.2    8.1   -995   -995   -995   -995   -995    -995    -995    -995
 KIN2   133   250     90   14.1   10.1   10.1   179    5.8    1.2   13.7    0.00   973.31     0   14.3    8.4   -995   -995   -995   -995   -995    -995    -995    -995
 KIN2   133   255     89   14.1   10.2   10.1   179    6.0    1.1   12.2    0.00   973.33     0   14.3    8.3    8.8   10.5    9.3    7.9    7.3    -995    -995    -995
 KIN2   133   260     89   14.2   11.2   11.1   180    5.6    1.3   15.0    0.00   973.26     0   14.4    9.2   -995   -995   -995   -995   -995    -995    -995    -995
 KIN2   133   265     89   14.2   10.0   10.0   179    6.0    1.2   13.7    0.00   973.21     0   14.4    8.2   -995   -995   -995   -995   -995    -995    -995    -995
 KIN2   133   270     89   14.2    9.9    9.8   179    5.4    1.0   12.2    0.00   973.15     0   14.4    8.0    8.8   10.5    9.3    7.9    7.3    1.82    1.56    1.41
 KIN2   133   275     89   14.3   10.3   10.3   181    5.1    1.3   12.7    0.00   973.07     0   14.5    8.4   -995   -995   -995   -995   -995    -995    -995    -995
 KIN2   133   280     89   14.3    9.9    9.9   181    5.8    1.1   13.6    0.00   973.02     0   14.5    8.0   -995   -995   -995   -995   -995    -995    -995    -995
 KIN2   133   285     89   14.4    9.8    9.8   181    5.3    1.0   13.0    0.00   972.99     0   14.6    8.1    8.8   10.5    9.3    7.9    7.3    -995    -995    -995
 KIN2   133   290     88   14.4   10.8   10.7   179    6.3    1.0   13.2    0.00   972.91     0   14.7    8.8   -995   -995   -995   -995   -995    -995    -995    -995
 KIN2   133   295     88   14.4   10.7   10.7   178    4.7    1.3   13.6    0.00   972.83     0   14.7    8.7   -995   -995   -995   -995   -995    -995    -995    -995
 KIN2   133   300     88   14.4   10.3   10.2   179    6.3    1.1   13.2    0.00   972.77     0   14.7    8.5    8.8   10.5    9.3    7.9    7.3    1.82    1.57    1.41
 KIN2   133   305     88   14.5   10.8   10.7   180    5.0    1.0   13.9    0.00   972.71     0   14.7    9.0   -995   -995   -995   -995   -995    -995    -995    -995
 KIN2   133   310     88   14.4    9.9    9.9   179    5.0    1.4   13.1    0.00   972.70     0   14.7    8.1   -995   -995   -995   -995   -995    -995    -995    -995
 KIN2   133   315     88   14.4    9.8    9.7   181    6.2    1.1   12.9    0.00   972.65     0   14.6    8.1    8.8   10.5    9.4    8.0    7.4    -995    -995    -995
 KIN2   133   320     88   14.4    9.7    9.7   181    5.2    1.1   12.2    0.00   972.61     0   14.7    8.0   -995   -995   -995   -995   -995    -995    -995    -995
 KIN2   133   325     88   14.4    9.5    9.5   180    5.6    1.2   12.9    0.00   972.59     0   14.7    7.6   -995   -995   -995   -995   -995    -995    -995    -995
 KIN2   133   330     88   14.4    9.6    9.5   182    5.2    1.2   12.6    0.00   972.56     0   14.7    7.9    8.8   10.5    9.4    8.0    7.4    1.81    1.56    1.41
 KIN2   133   335     88   14.4    9.5    9.4   181    5.5    1.0   12.2    0.00   972.56     0   14.7    7.5   -995   -995   -995   -995   -995    -995    -995    -995
 KIN2   133   340     88   14.5    9.8    9.7   181    4.9    1.0   12.0    0.00   972.54     0   14.7    7.9   -995   -995   -995   -995   -995    -995    -995    -995
 KIN2   133   345     88   14.4    8.8    8.8   180    5.8    0.9   11.2    0.00   972.50     0   14.6    7.3    8.8   10.5    9.4    8.0    7.4    -995    -995    -995
 KIN2   133   350     88   14.4    9.5    9.4   182    5.8    1.1   12.6    0.00   972.43     0   14.6    8.0   -995   -995   -995   -995   -995    -995    -995    -995
 KIN2   133   355     88   14.4   10.1   10.0   182    5.8    1.0   12.5    0.00   972.40     0   14.6    8.2   -995   -995   -995   -995   -995    -995    -995    -995
 KIN2   133   360     88   14.3    9.4    9.4   185    6.3    1.1   12.7    0.00   972.36     0   14.5    7.7    8.8   10.5    9.4    8.0    7.4    1.82    1.56    1.41
 KIN2   133   365     89   14.2    9.2    9.1   186    5.7    0.9   11.8    0.00   972.32     0   14.4    7.5   -995   -995   -995   -995   -995    -995    -995    -995
 KIN2   133   370     89   14.2    9.0    9.0   185    5.3    1.1   11.4    0.00   972.31     0   14.4    7.3   -995   -995   -995   -995   -995    -995    -995    -995
 KIN2   133   375     89   14.2    9.2    9.2   186    5.6    0.9   11.4    0.00   972.34     0   14.4    7.2    8.9   10.5    9.4    8.0    7.4    -995    -995    -995
 KIN2   133   380     89   14.2    9.5    9.4   186    6.2    0.8   11.5    0.00   972.31     0   14.5    7.8   -995   -995   -995   -995   -995    -995    -995    -995
 KIN2   133   385     89   14.2    9.2    9.2   186    6.1    1.0   12.5    0.00   972.25     0   14.5    7.2   -995   -995   -995   -995   -995    -995    -995    -995
 KIN2   133   390     89   14.2    9.4    9.4   187    5.6    1.1   12.5    0.00   972.14     0   14.5    7.5    8.9   10.5    9.5    8.1    7.4    1.83    1.57    1.41
 KIN2   133   395     88   14.3   10.0   10.0   186    6.4    1.1   13.6    0.00   972.05     0   14.5    8.3   -995   -995   -995   -995   -995    -995    -995    -995
 KIN2   133   400     88   14.3   10.2   10.1   187    5.1    1.2   12.9    0.00   972.00     0   14.5    8.2   -995   -995   -995   -995   -995    -995    -995    -995
 KIN2   133   405     89   14.3   10.0   10.0   188    5.0    1.0   12.4    0.00   971.93     0   14.5    8.2    8.9   10.5    9.5    8.1    7.4    -995    -995    -995
 KIN2   133   410     88   14.3   11.0   11.0   186    6.1    1.4   14.1    0.00   971.83     0   14.5    9.0   -995   -995   -995   -995   -995    -995    -995    -995
 KIN2   133   415     88   14.3   10.5   10.5   187    5.5    1.2   13.2    0.00   971.78     0   14.5    8.6   -995   -995   -995   -995   -995    -995    -995    -995
 KIN2   133   420     88   14.4   10.9   10.8   187    6.1    1.3   14.4    0.00   971.72     0   14.6    8.9    8.9   10.5    9.5    8.1    7.4    1.83    1.57    1.42
 KIN2   133   425     88   14.4   10.3   10.2   186    5.2    1.3   13.9    0.00   971.65     0   14.6    8.4   -995   -995   -995   -995   -995    -995    -995    -995
 KIN2   133   430     89   14.3   10.0    9.9   187    5.7    1.2   14.1    0.00   971.67     0   14.5    8.1   -995   -995   -995   -995   -995    -995    -995    -995
 KIN2   133   435     88   14.4   10.2   10.2   188    5.3    1.2   13.8    0.00   971.67     0   14.6    8.3    8.9   10.5    9.5    8.1    7.5    -995    -995    -995
 KIN2   133   440     89   14.3    9.3    9.2   188    6.2    1.3   12.8    0.00   971.63     0   14.5    7.7   -995   -995   -995   -995   -995    -995    -995    -995
 KIN2   133   445     89   14.3    9.6    9.6   187    4.8    1.2   12.1    0.00   971.58     0   14.5    7.8   -995   -995   -995   -995   -995    -995    -995    -995
 KIN2   133   450     89   14.2    9.9    9.9   186    4.7    1.0   12.1    0.00   971.51     0   14.5    8.1    8.9   10.5    9.5    8.1    7.5    1.83    1.57    1.42
 KIN2   133   455     89   14.1   10.5   10.4   188    5.3    1.3   13.5    0.00   971.47     0   14.4    8.6   -995   -995   -995   -995   -995    -995    -995    -995
 KIN2   133   460     90   14.0    9.6    9.5   188    5.0    1.0   12.0    0.00   971.47     0   14.4    7.6   -995   -995   -995   -995   -995    -995    -995    -995
 KIN2   133   465     90   14.0    9.7    9.6   188    6.0    1.1   12.0    0.00   971.44     0   14.3    7.9    8.9   10.5    9.5    8.1    7.5    -995    -995    -995
 KIN2   133   470     90   13.9    9.5    9.4   189    6.4    1.1   12.2    0.00   971.41     0   14.3    7.5   -995   -995   -995   -995   -995    -995    -995    -995
 KIN2   133   475     90   13.9    9.9    9.8   187    6.1    1.0   12.3    0.00   971.36     0   14.4    7.9   -995   -995   -995   -995   -995    -995    -995    -995
 KIN2   133   480     90   13.9    9.3    9.3   188    5.9    0.8   11.4    0.00   971.27     0   14.3    7.6    8.9   10.5    9.5    8.1    7.5    1.83    1.57    1.42
 KIN2   133   485     90   13.9   10.5   10.5   189    5.6    1.4   13.9    0.00   971.17     0   14.4    8.4   -995   -995   -995   -995   -995    -995    -995    -995
 KIN2   133   490     90   13.9   10.3   10.2   189    5.0    1.0   12.4    0.00   971.18     0   14.4    8.3   -995   -995   -995   -995   -995    -995    -995    -995
 KIN2   133   495     90   13.9    9.5    9.4   191    5.2    1.0   11.6    0.00   971.26     0   14.3    7.5    8.9   10.5    9.5    8.1    7.5    -995    -995    -995
 KIN2   133   500     90   13.8    9.1    9.1   191    6.6    1.0   11.6    0.00   971.27     0   14.3    7.1   -995   -995   -995   -995   -995    -995    -995    -995
 KIN2   133   505     90   13.9    9.6    9.6   192    5.4    1.0   12.3    0.00   971.28     0   14.3    8.0   -995   -995   -995   -995   -995    -995    -995    -995
 KIN2   133   510     89   13.9    9.9    9.8   191    6.0    1.0   12.4    0.00   971.21     0   14.3    8.1    8.9   10.5    9.5    8.2    7.5    1.82    1.57    1.41
 KIN2   133   515     90   13.7    8.7    8.6   189    5.8    1.0   10.9    0.00   971.18     0   14.1    6.7   -995   -995   -995   -995   -995    -995    -995    -995
 KIN2   133   520     90   13.6    8.7    8.7   190    5.9    1.2   12.0    0.00   971.13     0   14.1    6.9   -995   -995   -995   -995   -995    -995    -995    -995
 KIN2   133   525     90   13.6    9.1    9.1   188    5.8    1.1   11.3    0.00   971.07     0   14.1    7.3    9.0   10.5    9.5    8.2    7.5    -995    -995    -995
 KIN2   133   530     90   13.5    8.7    8.6   188    6.0    0.9   10.9    0.00   971.08     0   13.9    6.9   -995   -995   -995   -995   -995    -995    -995    -995
 KIN2   133   535     90   13.5    9.2    9.1   187    4.8    0.9   11.3    0.00   971.05     0   14.0    7.3   -995   -995   -995   -995   -995    -995    -995    -995
 KIN2   133   540     91   13.4    8.0    7.9   187    6.0    0.8   10.4    0.00   971.08     0   13.8    6.4    9.0   10.5    9.5    8.2    7.6    1.83    1.57    1.41
 KIN2   133   545     91   13.3    8.2    8.1   186    6.0    0.8   10.4    0.00   970.99     0   13.8    6.6   -995   -995   -995   -995   -995    -995    -995    -995
 KIN2   133   550     91   13.3    8.4    8.4   184    6.2    0.9   11.1    0.00   970.90     0   13.7    6.7   -995   -995   -995   -995   -995    -995    -995    -995
 KIN2   133   555     91   13.3    8.6    8.5   185    5.2    0.9   10.9    0.00   970.81     0   13.8    6.8    9.0   10.4    9.5    8.2    7.6    -995    -995    -995
 KIN2   133   560     91   13.3    8.3    8.3   186    5.3    0.9   10.2    0.00   970.78     0   13.8    6.7   -995   -995   -995   -995   -995    -995    -995    -995
 KIN2   133   565     91   13.3    8.0    7.9   185    5.8    0.9   10.4    0.00   970.78     0   13.7    6.4   -995   -995   -995   -995   -995    -995    -995    -995
 KIN2   133   570     91   13.3    8.4    8.4   186    5.5    0.9   10.8    0.00   970.67     0   13.7    6.8    9.0   10.4    9.5    8.2    7.6    1.82    1.57    1.41
 KIN2   133   575     91   13.3    9.1    9.1   187    5.0    0.9   11.7    0.00   970.57     0   13.8    7.3   -995   -995   -995   -995   -995    -995    -995    -995
 KIN2   133   580     91   13.3    8.9    8.8   189    5.5    0.9   11.1    0.00   970.53     0   13.8    7.1   -995   -995   -995   -995   -995    -995    -995    -995
 KIN2   133   585     91   13.3    8.6    8.6   190    5.4    0.9   10.9    0.00   970.53     0   13.8    6.8    9.0   10.4    9.4    8.2    7.6    -995    -995    -995
 KIN2   133   590     91   13.3    8.6    8.6   189    5.4    0.9   11.3    0.00   970.52     0   13.8    6.9   -995   -995   -995   -995   -995    -995    -995    -995
 KIN2   133   595     91   13.2    8.6    8.6   189    4.9    1.0   11.0    0.00   970.52     0   13.8    6.7   -995   -995   -995   -995   -995    -995    -995    -995
 KIN2   133   600     91   13.3    8.5    8.4   189    5.8    1.0   11.1    0.00   970.44     0   13.8    6.8    9.0   10.3    9.4    8.2    7.6    1.83    1.57    1.41
 KIN2   133   605     91   13.3    9.2    9.1   189    5.9    1.0   11.9    0.00   970.37     0   13.8    7.1   -995   -995   -995   -995   -995    -995    -995    -995
 KIN2   133   610     91   13.3    9.2    9.1   188    5.5    0.8   11.4    0.00   970.27     0   13.8    7.3   -995   -995   -995   -995   -995    -995    -995    -995
 KIN2   133   615     91   13.3    9.1    9.1   189    5.4    0.9   11.7    0.00   970.21     0   13.8    7.3    8.9   10.3    9.4    8.2    7.6    -995    -995    -995
 KIN2   133   620     91   13.2    9.0    8.9   188    4.8    0.9   11.6    0.00   970.13     0   13.7    7.1   -995   -995   -995   -995   -995    -995    -995    -995
 KIN2   133   625     91   13.2    9.1    9.1   188    5.2    1.0   11.3    0.00   970.09     0   13.7    7.3   -995   -995   -995   -995   -995    -995    -995    -995
 KIN2   133   630     91   13.2    8.7    8.7   186    5.0    0.8   10.4    0.00   970.08     0   13.7    6.9    8.9   10.3    9.4    8.2    7.6    1.82    1.57    1.42
 KIN2   133   635     91   13.3    9.3    9.3   186    4.7    0.9   11.3    0.00   970.00     0   13.8    7.5   -995   -995   -995   -995   -995    -995    -995    -995
 KIN2   133   640     91   13.2    8.6    8.6   183    5.2    1.1   11.4    0.00   969.93     0   13.7    6.8   -995   -995   -995   -995   -995    -995    -995    -995
 KIN2   133   645     92   13.1    8.5    8.4   183    4.8    0.7   10.0    0.00   969.85     0   13.6    6.8    8.9   10.2    9.4    8.2    7.6    -995    -995    -995
 KIN2   133   650     91   13.2    9.1    9.1   186    5.0    0.7   10.9    0.00   969.79     0   13.7    7.4   -995   -995   -995   -995   -995    -995    -995    -995
 KIN2   133   655     91   13.4   10.0   10.0   186    5.1    0.9   12.0    0.00   969.71     0   13.9    8.2   -995   -995   -995   -995   -995    -995    -995    -995
 KIN2   133   660     91   13.4   10.1   10.1   186    4.5    0.9   11.8    0.00   969.65     0   13.9    8.1    8.9   10.2    9.4    8.2    7.6    1.82    1.57    1.40
 KIN2   133   665     91   13.4    9.4    9.4   186    5.0    1.0   12.8    0.00   969.67     0   13.8    7.5   -995   -995   -995   -995   -995    -995    -995    -995
 KIN2   133   670     91   13.3    9.0    9.0   185    5.1    0.8   10.8    0.00   969.64     0   13.8    7.3   -995   -995   -995   -995   -995    -995    -995    -995
 KIN2   133   675     91   13.2    8.5    8.5   184    4.7    0.8   10.5    0.00   969.58     0   13.7    6.9    8.9   10.2    9.4    8.2    7.6    -995    -995    -995
 KIN2   133   680     91   13.1    7.6    7.6   183    4.5    0.9    9.4    0.00   969.59     0   13.5    6.1   -995   -995   -995   -995   -995    -995    -995    -995
 KIN2   133   685     92   13.0    7.1    7.0   184    5.2    0.8    9.2    0.00   969.61     0   13.5    5.6   -995   -995   -995   -995   -995    -995    -995    -995
 KIN2   133   690     92   13.0    7.8    7.7   187    4.9    0.7    9.2    0.00   969.62     0   13.5    6.2    8.9   10.2    9.4    8.3    7.6    1.82    1.57    1.41
 KIN2   133   695     92   12.9    7.8    7.7   189    5.8    0.8    9.7    0.00   969.65     0   13.5    5.8   -995   -995   -995   -995   -995    -995    -995    -995
 KIN2   133   700     92   13.0    8.3    8.3   188    5.5    0.7    9.8    0.00   969.65     0   13.5    6.6   -995   -995   -995   -995   -995    -995    -995    -995
 KIN2   133   705     92   13.1    8.7    8.6   187    4.4    0.8   10.7    0.00   969.60     0   13.6    6.9    8.9   10.2    9.3    8.3    7.6    -995    -995    -995
 KIN2   133   710     92   13.1    8.6    8.6   185    4.6    0.9   10.6    0.00   969.59     0   13.6    6.9   -995   -995   -995   -995   -995    -995    -995    -995
 KIN2   133   715     92   13.0    8.2    8.2   185    5.6    0.8    9.8    0.00   969.57     0   13.5    6.5   -995   -995   -995   -995   -995    -995    -995    -995
 KIN2   133   720     92   13.1    8.5    8.4   181    4.8    0.8   10.4    0.00   969.54     0   13.6    6.7    8.9   10.1    9.3    8.3    7.6    1.82    1.57    1.41
 KIN2   133   725     92   13.2    8.8    8.8   180    4.5    0.9   10.8    0.00   969.54     0   13.7    6.9   -995   -995   -995   -995   -995    -995    -995    -995
 KIN2   133   730     91   13.2    8.5    8.5   182    4.5    1.1   10.9    0.00   969.54     0   13.7    6.7   -995   -995   -995   -995   -995    -995    -995    -995
 KIN2   133   735     91   13.2    8.8    8.8   185    5.5    1.0   10.9    0.00   969.55     0   13.8    7.1    8.9   10.1    9.3    8.3    7.6    -995    -995    -995
 KIN2   133   740     91   13.4    9.3    9.2   186    5.9    1.0   11.6    0.00   969.55     0   13.9    7.6   -995   -995   -995   -995   -995    -995    -995    -995
 KIN2   133   745     90   13.5    9.9    9.8   185    6.3    1.0   12.4    0.00   969.57     0   14.0    7.9   -995   -995   -995   -995   -995    -995    -995    -995
 KIN2   133   750     90   13.5    9.8    9.8   185    5.3    1.2   12.5    0.00   969.57     0   14.0    7.7    8.9   10.1    9.3    8.3    7.6    1.82    1.56    1.42
 KIN2   133   755     90   13.5    9.7    9.7   184    5.0    1.0   12.1    0.00   969.55     0   14.0    7.7   -995   -995   -995   -995   -995    -995    -995    -995
 KIN2   133   760     90   13.4    9.2    9.1   183    5.3    0.9   11.1    0.00   969.54     0   13.9    7.4   -995   -995   -995   -995   -995    -995    -995    -995
 KIN2   133   765     90   13.4    9.3    9.3   180    5.8    1.0   12.2    0.00   969.55     0   13.9    7.5    8.9   10.1    9.3    8.3    7.6    -995    -995    -995
 KIN2   133   770     91   13.4    8.7    8.6   181    5.8    0.7   11.1    0.00   969.58     0   13.8    7.0   -995   -995   -995   -995   -995    -995    -995    -995
 KIN2   133   775     90   13.4    9.6    9.5   183    4.3    1.2   13.6    0.00   969.57     0   13.9    7.8   -995   -995   -995   -995   -995    -995    -995    -995
 KIN2   133   780     90   13.3    9.0    8.9   181    4.7    1.0   11.6    0.00   969.57     0   13.8    6.9    8.9   10.0    9.3    8.3    7.7    1.83    1.57    1.41
 KIN2   133   785     91   13.2    8.6    8.5   180    4.8    0.9   10.6    0.00   969.55     0   13.8    6.6   -995   -995   -995   -995   -995    -995    -995    -995
 KIN2   133   790     91   13.2    8.2    8.2   178    5.4    1.0   10.8    0.00   969.58     0   13.8    6.6   -995   -995   -995   -995   -995    -995    -995    -995
 KIN2   133   795     91   13.2    7.7    7.6   180    5.6    0.8    9.8    0.00   969.63     0   13.7    6.2    8.9   10.0    9.3    8.3    7.7    -995    -995    -995
 KIN2   133   800     91   13.2    7.8    7.8   181    5.9    0.8   10.0    0.00   969.69     1   13.7    6.1   -995   -995   -995   -995   -995    -995    -995    -995
 KIN2   133   805     91   13.2    7.3    7.3   181    5.4    0.7    9.1    0.00   969.74     2   13.7    6.0   -995   -995   -995   -995   -995    -995    -995    -995
 KIN2   133   810     91   13.1    7.0    6.9   181    5.8    0.9    9.2    0.00   969.68     4   13.6    5.7    8.9   10.0    9.3    8.3    7.7    1.83    1.57    1.42
 KIN2   133   815     91   13.1    7.0    7.0   181    5.2    0.7    8.8    0.00   969.62     6   13.5    5.4   -995   -995   -995   -995   -995    -995    -995    -995
 KIN2   133   820     92   13.1    7.5    7.5   184    6.6    0.9   10.3    0.00   969.55     8   13.6    5.9   -995   -995   -995   -995   -995    -995    -995    -995
 KIN2   133   825     92   13.1    7.8    7.8   186    5.2    1.0   10.4    0.00   969.56    12   13.6    6.2    8.9   10.0    9.3    8.3    7.7    -995    -995    -995
 KIN2   133   830     91   13.2    8.3    8.2   186    5.3    0.9   10.4    0.00   969.59    15   13.7    6.5   -995   -995   -995   -995   -995    -995    -995    -995
 KIN2   133   835     91   13.3    9.2    9.1   186    5.0    0.8   10.9    0.00   969.60    20   13.8    7.4   -995   -995   -995   -995   -995    -995    -995    -995
 KIN2   133   840     91   13.4    8.6    8.6   185    5.1    1.0   10.8    0.00   969.63    25   13.8    6.9    8.9   10.0    9.3    8.3    7.7    1.83    1.56    1.41
 KIN2   133   845     91   13.4    8.2    8.1   185    5.9    1.0   11.3    0.00   969.68    52   13.9    6.7   -995   -995   -995   -995   -995    -995    -995    -995
 KIN2   133   850     90   13.6    8.0    7.9   186    6.1    0.9   10.5    0.00   969.76    85   13.9    6.4   -995   -995   -995   -995   -995    -995    -995    -995
 KIN2   133   855     90   13.8    8.0    8.0   183    5.4    0.8    9.6    0.00   969.80   115   14.1    6.6    8.9    9.9    9.3    8.3    7.7    -995    -995    -995
 KIN2   133   860     89   13.9    7.9    7.9   182    5.6    1.0   10.1    0.00   969.75   113   14.1    6.5   -995   -995   -995   -995   -995    -995    -995    -995
 KIN2   133   865     89   13.9    8.2    8.2   180    5.9    0.8    9.7    0.00   969.64   135   14.2    6.6   -995   -995   -995   -995   -995    -995    -995    -995
 KIN2   133   870     89   14.0    8.5    8.5   178    4.5    1.0   11.3    0.00   969.52   131   14.2    6.8    8.9    9.9    9.2    8.3    7.6    1.83    1.57    1.42
 KIN2   133   875     88   14.1    8.1    8.0   177    5.7    0.9   10.8    0.00   969.49   168   14.3    6.7   -995   -995   -995   -995   -995    -995    -995    -995
 KIN2   133   880     88   14.2    8.2    8.1   178    5.5    1.1   11.4    0.00   969.46   145   14.3    6.7   -995   -995   -995   -995   -995    -995    -995    -995
 KIN2   133   885     88   14.3    8.2    8.2   180    5.4    1.2   11.3    0.00   969.42   192   14.4    6.9    8.8    9.9    9.2    8.2    7.6    -995    -995    -995
 KIN2   133   890     87   14.4    9.0    8.9   180    4.9    1.2   11.8    0.00   969.39   207   14.5    7.2   -995   -995   -995   -995   -995    -995    -995    -995
 KIN2   133   895     87   14.5    8.8    8.8   179    5.4    1.3   11.7    0.00   969.42   154   14.6    7.2   -995   -995   -995   -995   -995    -995    -995    -995
 KIN2   133   900     87   14.4    9.1    9.0   184    5.3    1.1   11.5    0.00   969.43   142   14.6    7.2    8.8    9.9    9.3    8.2    7.6    1.83    1.57    1.41
 KIN2   133   905     87   14.4    9.7    9.7   184    5.2    1.2   12.3    0.00   969.35   140   14.6    7.9   -995   -995   -995   -995   -995    -995    -995    -995
 KIN2   133   910     85   14.8   10.5   10.4   190    6.5    1.4   14.1    0.00   969.29   271   14.9    8.7   -995   -995   -995   -995   -995    -995    -995    -995
 KIN2   133   915     84   15.0    9.7    9.6   192    6.5    1.1   12.1    0.00   969.31   226   15.0    7.9    8.9    9.9    9.3    8.3    7.6    -995    -995    -995
 KIN2   133   920     84   14.9   11.4   11.3   190    6.6    1.2   13.7    0.00   969.25   231   15.0    9.2   -995   -995   -995   -995   -995    -995    -995    -995
 KIN2   133   925     84   14.9   10.6   10.5   191    6.3    1.2   12.7    0.00   969.28   188   14.9    8.7   -995   -995   -995   -995   -995    -995    -995    -995
 KIN2   133   930     84   15.1   10.1   10.0   189    6.5    1.2   12.6    0.00   969.28   257   15.0    8.2    8.9   10.0    9.4    8.3    7.6    1.83    1.57    1.42
 KIN2   133   935     83   15.2   10.4   10.4   189    6.9    1.0   12.5    0.00   969.21   273   15.1    8.7   -995   -995   -995   -995   -995    -995    -995    -995
 KIN2   133   940     82   15.2   11.3   11.2   189    6.9    1.2   14.1    0.00   969.17   230   15.1    9.3   -995   -995   -995   -995   -995    -995    -995    -995
 KIN2   133   945     81   15.4   11.3   11.3   189    5.2    1.3   14.7    0.00   969.17   350   15.3    9.3    8.9   10.0    9.5    8.3    7.7    -995    -995    -995
 KIN2   133   950     80   15.9   10.6   10.6   191    7.0    1.4   14.2    0.00   969.22   349   15.6    8.7   -995   -995   -995   -995   -995    -995    -995    -995
 KIN2   133   955     79   15.8   11.9   11.8   189    5.6    1.3   14.3    0.00   969.21   371   15.5    9.5   -995   -995   -995   -995   -995    -995    -995    -995
 KIN2   133   960     79   15.8   11.5   11.5   191    5.9    1.6   15.0    0.00   969.17   325   15.5    9.4    8.9   10.1    9.5    8.3    7.7    1.83    1.56    1.42
 KIN2   133   965     79   16.3    9.8    9.7   190    5.5    1.5   13.8    0.00   969.14   457   15.9    8.0   -995   -995   -995   -995   -995    -995    -995    -995
 KIN2   133   970     77   16.2   12.2   12.2   186    6.4    1.5   15.1    0.00   969.01   387   15.7   10.0   -995   -995   -995   -995   -995    -995    -995    -995
 KIN2   133   975     77   16.3   12.3   12.2   192    5.4    1.3   15.8    0.00   969.05   492   15.8   10.1    8.9   10.1    9.6    8.3    7.7    -995    -995    -995
 KIN2   133   980     76   16.4   12.1   12.1   186    5.8    1.6   16.2    0.00   969.06   457   15.9   10.1   -995   -995   -995   -995   -995    -995    -995    -995
 KIN2   133   985     76   16.5   12.2   12.2   187    5.3    1.7   15.8    0.00   969.01   480   15.9   10.2   -995   -995   -995   -995   -995    -995    -995    -995
 KIN2   133   990     76   16.8   11.0   10.9   188    6.5    1.7   15.0    0.00   969.05   525   16.3    9.3    8.9   10.2    9.7    8.3    7.7    1.83    1.57    1.42
 KIN2   133   995     74   17.1   10.9   10.9   187    6.3    2.0   15.9    0.00   969.08   520   16.5    9.0   -995   -995   -995   -995   -995    -995    -995    -995
 KIN2   133  1000     73   17.1   12.1   12.0   189    7.3    1.8   15.7    0.00   969.01   474   16.4   10.3   -995   -995   -995   -995   -995    -995    -995    -995
 KIN2   133  1005     73   17.1   13.1   13.1   187    5.2    1.3   16.4    0.00   968.93   472   16.2   10.8    9.0   10.3    9.8    8.3    7.7    -995    -995    -995
 KIN2   133  1010     73   17.0   12.4   12.3   184    5.5    1.2   15.1    0.00   968.85   507   16.3   10.5   -995   -995   -995   -995   -995    -995    -995    -995
 KIN2   133  1015     72   17.1   13.0   12.9   189    5.9    1.2   15.3    0.00   968.71   508   16.3   10.5   -995   -995   -995   -995   -995    -995    -995    -995
 KIN2   133  1020     72   17.3   12.5   12.4   190    5.0    1.4   16.1    0.00   968.62   557   16.4   10.3    9.0   10.5   10.0    8.3    7.7    1.83    1.57    1.41
 KIN2   133  1025     71   17.4   12.8   12.7   189    6.1    1.3   16.0    0.00   968.52   543   16.5   10.5   -995   -995   -995   -995   -995    -995    -995    -995
 KIN2   133  1030     71   17.5   12.5   12.5   192    6.1    1.3   14.7    0.00   968.46   565   16.6   10.4   -995   -995   -995   -995   -995    -995    -995    -995
 KIN2   133  1035     70   17.7   13.0   12.9   186    6.5    1.3   15.9    0.00   968.36   591   16.8   10.6    9.1   10.7   10.1    8.4    7.7    -995    -995    -995
 KIN2   133  1040     69   17.8   13.2   13.2   183    5.1    1.1   15.4    0.00   968.29   596   16.9   11.0   -995   -995   -995   -995   -995    -995    -995    -995
 KIN2   133  1045     69   17.9   12.1   12.0   185    5.9    1.7   16.2    0.00   968.25   570   17.0   10.4   -995   -995   -995   -995   -995    -995    -995    -995
 KIN2   133  1050     69   17.9   12.8   12.7   184    7.4    1.4   15.6    0.00   968.18   565   16.9   10.3    9.1   10.8   10.2    8.4    7.7    1.83    1.57    1.41
 KIN2   133  1055     68   18.1   12.6   12.5   183    6.4    1.4   15.1    0.00   968.04   617   17.2   10.3   -995   -995   -995   -995   -995    -995    -995    -995
 KIN2   133  1060     68   18.3   12.5   12.4   186    7.3    1.7   16.1    0.00   967.92   620   17.3   10.4   -995   -995   -995   -995   -995    -995    -995    -995
 KIN2   133  1065     67   18.3   12.7   12.6   193    6.0    1.3   15.5    0.00   967.77   565   17.2   10.7    9.2   11.0   10.3    8.4    7.7    -995    -995    -995
 KIN2   133  1070     67   18.3   12.0   12.0   184    5.2    1.1   15.1    0.00   967.75   614   17.4    9.9   -995   -995   -995   -995   -995    -995    -995    -995
 KIN2   133  1075     67   18.5   12.2   12.1   187    7.0    1.3   15.4    0.00   967.69   621   17.5   10.2   -995   -995   -995   -995   -995    -995    -995    -995
 KIN2   133  1080     67   18.6   11.7   11.6   184    6.5    1.4   14.9    0.00   967.64   633   17.6    9.8    9.2   11.2   10.5    8.4    7.8    1.82    1.57    1.41
 KIN2   133  1085     66   18.7   12.3   12.2   185    6.1    1.5   15.3    0.00   967.52   625   17.7   10.1   -995   -995   -995   -995   -995    -995    -995    -995
 KIN2   133  1090     66   18.8   11.4   11.3   183    7.6    1.4   14.8    0.00   967.37   611   17.9    9.6   -995   -995   -995   -995   -995    -995    -995    -995
 KIN2   133  1095     66   18.8   12.4   12.3   184    7.4    1.5   15.1    0.00   967.27   649   17.8   10.3    9.3   11.4   10.6    8.4    7.8    -995    -995    -995
 KIN2   133  1100     65   19.0   12.5   12.4   187    5.9    1.4   16.2    0.00   967.22   652   17.9   10.3   -995   -995   -995   -995   -995    -995    -995    -995
 KIN2   133  1105     66   19.0   12.5   12.4   184    6.8    1.3   15.1    0.00   967.10   638   17.8   10.6   -995   -995   -995   -995   -995    -995    -995    -995
 KIN2   133  1110     65   19.0   12.7   12.6   186    6.4    1.1   15.1    0.00   966.98   639   18.0   10.6    9.4   11.6   10.7    8.4    7.8    1.82    1.57    1.42
 KIN2   133  1115     66   19.0   11.7   11.7   185    6.5    1.4   14.8    0.00   966.84   582   18.1    9.8   -995   -995   -995   -995   -995    -995    -995    -995
 KIN2   133  1120     64   19.2   12.8   12.7   181    5.8    1.4   16.0    0.00   966.70   652   18.1   10.9   -995   -995   -995   -995   -995    -995    -995    -995
 KIN2   133  1125     64   19.3   12.9   12.8   184    6.2    1.5   16.1    0.00   966.64   624   18.2   10.7    9.4   11.8   10.9    8.4    7.8    -995    -995    -995
 KIN2   133  1130     64   19.5   12.2   12.1   186    7.0    1.6   15.3    0.00   966.56   645   18.5   10.3   -995   -995   -995   -995   -995    -995    -995    -995
 KIN2   133  1135     63   19.7   12.7   12.6   182    5.7    1.2   15.4    0.00   966.39   653   18.6   10.5   -995   -995   -995   -995   -995    -995    -995    -995
 KIN2   133  1140     63   19.6   12.9   12.8   176    5.3    1.3   15.2    0.00   966.24   649   18.5   10.6    9.5   12.0   11.0    8.4    7.8    1.82    1.57    1.41
 KIN2   133  1145     63   19.6   11.8   11.7   175    6.4    1.5   15.6    0.00   966.13   648   18.6    9.9   -995   -995   -995   -995   -995    -995    -995    -995
 KIN2   133  1150     62   19.9   12.4   12.3   181    5.5    1.5   16.3    0.00   965.96   645   18.9   10.4   -995   -995   -995   -995   -995    -995    -995    -995
 KIN2   133  1155     62   19.9   11.7   11.6   177    8.8    1.4   15.1    0.00   965.83   642   19.0   10.1    9.6   12.2   11.1    8.5    7.8    -995    -995    -995
 KIN2   133  1160     61   19.9   12.8   12.8   176    4.8    1.3   15.9    0.00   965.76   639   18.8   10.7   -995   -995   -995   -995   -995    -995    -995    -995
 KIN2   133  1165     61   20.1   12.1   12.1   175    5.4    1.8   15.9    0.00   965.61   636   19.1   10.1   -995   -995   -995   -995   -995    -995    -995    -995
 KIN2   133  1170     60   20.2   12.2   12.1   181    7.8    1.4   14.6    0.00   965.39   637   19.1   10.0    9.7   12.4   11.2    8.5    7.8    1.83    1.57    1.41
 KIN2   133  1175     61   20.3   13.1   13.0   182    4.5    1.6   15.8    0.00   965.22   631   19.1   10.7   -995   -995   -995   -995   -995    -995    -995    -995
 KIN2   133  1180     60   20.3   12.6   12.5   172    7.3    1.4   15.3    0.00   965.11   624   19.4   10.6   -995   -995   -995   -995   -995    -995    -995    -995
 KIN2   133  1185     60   20.3   13.1   13.0   176    7.7    1.4   16.6    0.00   964.92   618   19.2   11.0    9.7   12.6   11.3    8.5    7.8    -995    -995    -995
 KIN2   133  1190     60   20.3   12.7   12.6   169    7.8    1.3   15.3    0.00   964.79   614   19.4   10.6   -995   -995   -995   -995   -995    -995    -995    -995
 KIN2   133  1195     60   20.4   13.2   13.1   176    7.2    1.5   16.6    0.00   964.62   611   19.5   11.2   -995   -995   -995   -995   -995    -995    -995    -995
 KIN2   133  1200     59   20.5   13.2   13.1   171    7.3    1.5   16.2    0.00   964.55   606   19.6   11.1    9.8   12.8   11.4    8.5    7.8    1.83    1.58    1.42
 KIN2   133  1205     58   20.6   13.4   13.3   176    6.1    1.2   16.9    0.00   964.53   597   19.6   11.3   -995   -995   -995   -995   -995    -995    -995    -995
 KIN2   133  1210     58   20.7   13.2   13.1   178    5.6    1.4   15.5    0.00   964.52   589   19.7   10.9   -995   -995   -995   -995   -995    -995    -995    -995
 KIN2   133  1215     58   20.8   12.4   12.2   179    8.5    1.5   16.2    0.00   964.45   580   20.0   10.5    9.9   13.0   11.4    8.6    7.8    -995    -995    -995
 KIN2   133  1220     58   20.8   13.5   13.4   178    6.8    1.7   16.7    0.00   964.39   571   19.9   11.3   -995   -995   -995   -995   -995    -995    -995    -995
 KIN2   133  1225     58   20.8   13.1   13.0   181    4.5    1.1   15.3    0.00   964.39   563   19.8   10.7   -995   -995   -995   -995   -995    -995    -995    -995
 KIN2   133  1230     58   21.0   12.6   12.6   181    4.7    1.9   17.3    0.00   964.39   556   20.1   10.6   10.0   13.2   11.5    8.6    7.9    1.82    1.57    1.41
 KIN2   133  1235     57   21.1   12.6   12.5   182    8.8    1.5   15.9    0.00   964.26   547   20.3   10.2   -995   -995   -995   -995   -995    -995    -995    -995
 KIN2   133  1240     57   21.3   12.5   12.4   186    6.3    1.4   16.2    0.00   964.19   535   20.4   10.3   -995   -995   -995   -995   -995    -995    -995    -995
 KIN2   133  1245     55   21.4   11.5   11.5   190    5.6    2.0   15.8    0.00   964.19   523   20.7    9.6   10.0   13.4   11.6    8.6    7.9    -995    -995    -995
 KIN2   133  1250     55   21.5   11.8   11.7   187    6.7    1.6   15.0    0.00   964.19   513   20.8    9.6   -995   -995   -995   -995   -995    -995    -995    -995
 KIN2   133  1255     55   21.5   13.3   13.2   186    6.8    1.3   16.3    0.00   964.06   498   20.7   10.9   -995   -995   -995   -995   -995    -995    -995    -995
 KIN2   133  1260     55   21.6   11.8   11.7   192    7.2    1.9   15.9    0.00   964.05   490   20.9    9.8   10.1   13.5   11.6    8.6    7.9    1.83    1.57    1.41
 KIN2   133  1265     54   21.7   11.8   11.7   188    6.1    1.3   14.5    0.00   964.02   480   21.0    9.6   -995   -995   -995   -995   -995    -995    -995    -995
 KIN2   133  1270     54   21.7   13.2   13.1   189    6.5    1.1   15.4    0.00   963.88   466   21.0   10.8   -995   -995   -995   -995   -995    -995    -995    -995
 KIN2   133  1275     54   21.7   12.3   12.2   187    6.3    1.2   15.1    0.00   963.84   454   21.0   10.2   10.2   13.6   11.6    8.6    7.9    -995    -995    -995
 KIN2   133  1280     54   21.7   11.3   11.2   188    6.0    1.2   14.2    0.00   963.86   441   21.2    9.3   -995   -995   -995   -995   -995    -995    -995    -995
 KIN2   133  1285     53   21.8   13.1   13.1   185    4.9    1.4   15.9    0.00   963.80   429   21.2   10.7   -995   -995   -995   -995   -995    -995    -995    -995
 KIN2   133  1290     53   21.8   11.8   11.6   186    7.2    1.5   15.4    0.00   963.80   423   21.3    9.8   10.2   13.8   11.7    8.7    7.9    1.84    1.57    1.42
 KIN2   133  1295     53   21.9   11.3   11.2   188    6.9    1.6   14.4    0.00   963.82   408   21.4    9.1   -995   -995   -995   -995   -995    -995    -995    -995
 KIN2   133  1300     53   21.8   11.9   11.8   189    7.3    1.3   14.3    0.00   963.75   393   21.4    9.8   -995   -995   -995   -995   -995    -995    -995    -995
 KIN2   133  1305     53   21.8   11.2   11.1   188    7.3    1.3   13.8    0.00   963.74   378   21.4    9.3   10.3   13.9   11.7    8.7    7.9    -995    -995    -995
 KIN2   133  1310     53   21.8   11.6   11.6   187    7.1    1.2   15.3    0.00   963.71   367   21.5    9.9   -995   -995   -995   -995   -995    -995    -995    -995
 KIN2   133  1315     52   21.9   11.9   11.8   186    5.5    1.2   14.2    0.00   963.69   351   21.5    9.7   -995   -995   -995   -995   -995    -995    -995    -995
 KIN2   133  1320     52   21.8   12.4   12.3   187    5.6    1.2   15.0    0.00   963.66   339   21.5   10.1   10.4   14.0   11.7    8.8    7.9    1.84    1.58    1.42
 KIN2   133  1325     53   21.8   10.4   10.4   185    7.3    1.1   12.8    0.00   963.68   327   21.6    8.6   -995   -995   -995   -995   -995    -995    -995    -995
 KIN2   133  1330     53   21.8   11.7   11.7   186    5.4    1.2   15.3    0.00   963.66   311   21.6    9.5   -995   -995   -995   -995   -995    -995    -995    -995
 KIN2   133  1335     53   21.7   12.2   12.1   186    5.7    1.2   15.1    0.00   963.58   296   21.5    9.9   10.4   14.1   11.7    8.8    8.0    -995    -995    -995
 KIN2   133  1340     53   21.7    9.9    9.9   183    4.9    1.3   12.2    0.00   963.63   282   21.6    8.2   -995   -995   -995   -995   -995    -995    -995    -995
 KIN2   133  1345     53   21.6   10.7   10.7   183    4.6    1.5   14.8    0.00   963.61   259   21.6    8.7   -995   -995   -995   -995   -995    -995    -995    -995
 KIN2   133  1350     53   21.6   11.1   11.1   182    4.9    1.2   13.8    0.00   963.62   248   21.5    9.3   10.4   14.2   11.7    8.8    8.0    1.84    1.57    1.42
 KIN2   133  1355     54   21.4   10.6   10.5   185    5.8    1.2   12.8    0.00   963.66   234   21.4    8.6   -995   -995   -995   -995   -995    -995    -995    -995
 KIN2   133  1360     54   21.2   10.4   10.3   184    6.5    1.4   12.6    0.00   963.62   215   21.3    8.5   -995   -995   -995   -995   -995    -995    -995    -995
 KIN2   133  1365     54   21.3   10.5   10.4   181    6.4    1.1   13.6    0.00   963.50   202   21.4    8.5   10.5   14.2   11.7    8.9    8.0    -995    -995    -995
 KIN2   133  1370     54   21.2   10.7   10.7   178    6.2    1.7   15.4    0.00   963.38   172   21.4    8.6   -995   -995   -995   -995   -995    -995    -995    -995
 KIN2   133  1375     54   21.0   11.1   11.1   181    5.6    1.4   14.1    0.00   963.25   150   21.1    9.1   -995   -995   -995   -995   -995    -995    -995    -995
 KIN2   133  1380     55   20.8   10.6   10.5   182    5.5    1.4   13.3    0.00   963.26   144   21.1    8.5   10.6   14.2   11.7    8.9    8.0    1.84    1.57    1.42
 KIN2   133  1385     55   20.8    9.4    9.3   177    5.5    1.3   13.1    0.00   963.33   132   21.0    7.8   -995   -995   -995   -995   -995    -995    -995    -995
 KIN2   133  1390     56   20.5    8.2    8.1   172    6.0    0.8    9.9    0.00   963.31    99   20.8    6.7   -995   -995   -995   -995   -995    -995    -995    -995
 KIN2   133  1395     57   20.3    8.8    8.7   172    5.7    0.9   10.8    0.00   963.22    85   20.7    7.0   10.6   14.2   11.7    9.0    8.1    -995    -995    -995
 KIN2   133  1400     57   20.3    8.2    8.2   172    5.8    1.2   10.2    0.00   963.15    88   20.7    6.6   -995   -995   -995   -995   -995    -995    -995    -995
 KIN2   133  1405     58   20.1    8.4    8.4   171    5.6    0.9   10.8    0.00   963.04    71   20.6    6.8   -995   -995   -995   -995   -995    -995    -995    -995
 KIN2   133  1410     58   20.0    7.8    7.8   169    6.7    0.8    9.5    0.00   963.03    46   20.5    6.4   10.6   14.2   11.7    9.1    8.1    1.84    1.57    1.42
 KIN2   133  1415     59   19.9    7.7    7.7   170    5.9    0.8    9.6    0.00   963.06    33   20.4    6.3   -995   -995   -995   -995   -995    -995    -995    -995
 KIN2   133  1420     59   19.7    7.8    7.7   173    5.6    0.8   10.0    0.00   963.10    28   20.4    6.2   -995   -995   -995   -995   -995    -995    -995    -995
 KIN2   133  1425     59   19.8    9.1    9.0   178    6.7    1.4   12.9    0.00   963.14    22   20.5    7.3   10.6   14.1   11.6    9.1    8.1    -995    -995    -995
 KIN2   133  1430     57   19.9    9.7    9.7   182    5.4    1.1   11.7    0.00   963.18    17   20.6    7.7   -995   -995   -995   -995   -995    -995    -995    -995
 KIN2   133  1435     57   19.9    9.9    9.9   182    4.8    0.9   12.0    0.00   963.26    12   20.6    7.9   -995   -995   -995   -995   -995    -995    -995    -995
</pre>