<pre>  101 ! (c) 2019 Oklahoma Climatological Survey and the Oklahoma Mesonet - all rights reserved
  21 2019 01 07 00 00 00
 STID  STNM  TIME   RELH   TAIR   WSPD   WVEC  WDIR   WDSD   WSSD   WMAX    RAIN     PRES  SRAD   TA9M   WS2M   TS10   TB10   TS05   TS25   TS60    TR05    TR25    TR60
 KIN2   133     0     70   15.1   10.5   10.4   197    5.4    1.1   12.4    0.00   969.43     0   15.8    8.5    7.4    8.9    8.1    6.9    7.8    1.44    1.55    1.44
 KIN2   133     5     71   15.0    9.8    9.8   194    5.3    0.9   11.9    0.00   969.30     0   15.6    7.7   -995   -995   -995   -995   -995    -995    -995    -995
 KIN2   133    10     71   14.9   10.2   10.1   196    5.9    1.1   13.3    0.00   969.33     0   15.6    8.0   -995   -995   -995   -995   -995    -995    -995    -995
 KIN2   133    15     72   14.9   10.1   10.0   197    5.1    1.1   12.9    0.00   969.39     0   15.6    8.0    7.5    8.9    8.2    6.9    7.8    -995    -995    -995
 KIN2   133    20     71   15.1   11.1   11.1   196    5.1    1.1   13.9    0.00   969.32     0   15.7    9.0   -995   -995   -995   -995   -995    -995    -995    -995
 KIN2   133    25     71   15.1   11.1   11.1   199    5.3    1.3   14.1    0.00   969.38     0   15.7    8.8   -995   -995   -995   -995   -995    -995    -995    -995
 KIN2   133    30     72   15.0   11.2   11.1   198    5.6    1.3   14.1    0.00   969.36     0   15.6    9.0    7.5    8.9    8.2    6.9    7.8    1.44    1.54    1.43
 KIN2   133    35     72   15.0   11.1   11.0   198    5.8    0.9   12.9    0.00   969.38     0   15.7    8.7   -995   -995   -995   -995   -995    -995    -995    -995
 KIN2   133    40     72   15.1   11.2   11.1   196    6.4    1.1   14.1    0.00   969.26     0   15.6    9.1   -995   -995   -995   -995   -995    -995    -995    -995
 KIN2   133    45     72   15.1   12.1   12.0   193    4.9    1.1   14.9    0.00   968.99     0   15.7    9.5    7.5    8.9    8.2    7.0    7.8    -995    -995    -995
 KIN2   133    50     72   15.0   11.7   11.6   193    5.6    1.2   14.4    0.00   968.98     0   15.6    9.4   -995   -995   -995   -995   -995    -995    -995    -995
 KIN2   133    55     72   15.0   11.4   11.4   193    5.5    1.0   13.6    0.00   968.99     0   15.5    9.1   -995   -995   -995   -995   -995    -995    -995    -995
 KIN2   133    60     73   14.9   11.8   11.8   189    5.0    1.2   14.7    0.00   968.85     0   15.4    9.2    7.5    8.9    8.2    7.0    7.8    1.44    1.56    1.43
 KIN2   133    65     74   14.7   11.2   11.1   190    5.1    1.0   14.1    0.00   968.88     0   15.3    8.9   -995   -995   -995   -995   -995    -995    -995    -995
 KIN2   133    70     73   14.8   11.3   11.3   190    5.2    1.1   14.3    0.00   968.91     0   15.3    9.0   -995   -995   -995   -995   -995    -995    -995    -995
 KIN2   133    75     74   14.7   11.1   11.0   193    5.5    1.2   14.2    0.00   969.05     0   15.2    9.0    7.5    8.9    8.2    7.0    7.8    -995    -995    -995
 KIN2   133    80     74   14.6   10.7   10.7   191    6.0    1.1   13.6    0.00   969.08     0   15.2    8.8   -995   -995   -995   -995   -995    -995    -995    -995
 KIN2   133    85     75   14.6   11.0   10.9   188    5.0    1.0   13.6    0.00   969.07     0   15.1    8.6   -995   -995   -995   -995   -995    -995    -995    -995
 KIN2   133    90     75   14.6   11.5   11.5   187    5.1    0.9   13.3    0.00   969.05     0   15.1    9.3    7.6    8.9    8.2    7.0    7.8    1.44    1.55    1.42
 KIN2   133    95     75   14.5   11.1   11.1   187    4.1    1.1   14.5    0.00   969.15     0   15.0    8.9   -995   -995   -995   -995   -995    -995    -995    -995
 KIN2   133   100     75   14.5   11.0   10.9   190    5.9    1.1   13.8    0.00   969.25     0   15.1    8.6   -995   -995   -995   -995   -995    -995    -995    -995
 KIN2   133   105     75   14.5   10.8   10.7   189    4.9    1.2   14.0    0.00   969.27     0   15.1    8.7    7.6    8.9    8.3    7.1    7.8    -995    -995    -995
 KIN2   133   110     75   14.5   10.6   10.6   189    5.4    0.9   12.7    0.00   969.22     0   15.0    8.4   -995   -995   -995   -995   -995    -995    -995    -995
 KIN2   133   115     76   14.4   10.8   10.7   191    5.4    1.0   13.5    0.00   969.32     0   15.0    8.6   -995   -995   -995   -995   -995    -995    -995    -995
 KIN2   133   120     76   14.6   11.0   11.0   193    5.6    1.0   13.4    0.00   969.44     0   15.1    8.7    7.6    8.9    8.3    7.1    7.8    1.44    1.56    1.43
 KIN2   133   125     75   14.6   11.3   11.3   193    5.0    1.4   15.1    0.00   969.46     0   15.2    9.2   -995   -995   -995   -995   -995    -995    -995    -995
 KIN2   133   130     75   14.6   11.3   11.2   193    5.6    1.0   13.6    0.00   969.42     0   15.1    9.0   -995   -995   -995   -995   -995    -995    -995    -995
 KIN2   133   135     76   14.6   11.2   11.2   192    5.3    1.1   14.2    0.00   969.50     0   15.1    9.2    7.6    9.0    8.3    7.1    7.8    -995    -995    -995
 KIN2   133   140     76   14.6   11.1   11.1   191    5.5    1.1   13.6    0.00   969.59     0   15.1    8.9   -995   -995   -995   -995   -995    -995    -995    -995
 KIN2   133   145     76   14.7   11.7   11.6   193    4.8    1.2   14.1    0.00   969.83     0   15.2    9.2   -995   -995   -995   -995   -995    -995    -995    -995
 KIN2   133   150     76   14.7   10.8   10.8   191    4.9    1.1   13.7    0.00   969.79     0   15.2    8.8    7.7    9.0    8.3    7.1    7.8    1.44    1.54    1.44
 KIN2   133   155     76   14.7   10.5   10.4   190    5.0    1.1   13.0    0.00   969.74     0   15.2    8.5   -995   -995   -995   -995   -995    -995    -995    -995
 KIN2   133   160     76   14.8   10.9   10.8   190    4.9    1.1   13.4    0.00   969.84     0   15.3    8.7   -995   -995   -995   -995   -995    -995    -995    -995
 KIN2   133   165     76   14.9   10.7   10.7   188    4.7    1.0   13.1    0.00   969.80     0   15.4    8.6    7.7    9.0    8.3    7.1    7.8    -995    -995    -995
 KIN2   133   170     76   14.9   11.4   11.3   188    4.9    0.9   13.5    0.00   969.81     0   15.5    9.3   -995   -995   -995   -995   -995    -995    -995    -995
 KIN2   133   175     76   14.8   10.5   10.4   190    5.0    1.2   14.1    0.00   969.90     0   15.4    8.0   -995   -995   -995   -995   -995    -995    -995    -995
 KIN2   133   180     76   14.9   11.0   10.9   190    5.7    1.0   13.4    0.00   969.87     0   15.4    8.7    7.7    9.0    8.3    7.1    7.8    1.45    1.55    1.44
 KIN2   133   185     77   14.8   10.8   10.8   188    4.5    1.1   13.3    0.00   969.79     0   15.4    8.7   -995   -995   -995   -995   -995    -995    -995    -995
 KIN2   133   190     76   14.9   10.8   10.8   186    4.8    1.2   13.8    0.00   969.69     0   15.3    8.8   -995   -995   -995   -995   -995    -995    -995    -995
 KIN2   133   195     76   14.9   11.5   11.4   190    5.0    0.9   13.8    0.00   969.78     0   15.4    9.4    7.7    9.0    8.4    7.2    7.8    -995    -995    -995
 KIN2   133   200     76   14.9   10.9   10.9   192    5.1    1.0   13.1    0.00   970.01     0   15.4    8.6   -995   -995   -995   -995   -995    -995    -995    -995
 KIN2   133   205     76   14.9   11.0   10.9   192    4.7    1.0   13.6    0.00   970.07     0   15.4    8.6   -995   -995   -995   -995   -995    -995    -995    -995
 KIN2   133   210     77   14.9   10.8   10.8   191    5.1    1.1   13.5    0.00   970.02     0   15.4    8.7    7.7    9.1    8.4    7.2    7.8    1.44    1.55    1.43
 KIN2   133   215     77   14.9   10.7   10.6   191    5.9    1.1   13.0    0.00   969.93     0   15.4    8.7   -995   -995   -995   -995   -995    -995    -995    -995
 KIN2   133   220     78   14.9   10.8   10.8   192    5.1    1.1   13.3    0.00   969.83     0   15.4    8.7   -995   -995   -995   -995   -995    -995    -995    -995
 KIN2   133   225     78   15.0   11.9   11.8   192    5.5    1.3   15.3    0.00   969.78     0   15.5    9.5    7.8    9.1    8.4    7.2    7.8    -995    -995    -995
 KIN2   133   230     78   15.1   11.8   11.7   190    5.5    1.2   14.2    0.00   969.73     0   15.5    9.5   -995   -995   -995   -995   -995    -995    -995    -995
 KIN2   133   235     79   14.9   11.0   10.9   190    5.0    1.4   14.7    0.00   969.83     0   15.4    8.9   -995   -995   -995   -995   -995    -995    -995    -995
 KIN2   133   240     79   14.9   11.3   11.3   193    5.6    1.0   13.9    0.00   970.03     0   15.4    9.1    7.8    9.1    8.4    7.2    7.8    1.44    1.55    1.44
 KIN2   133   245     79   15.0   11.9   11.8   193    5.3    1.1   14.3    0.00   969.96     0   15.4    9.5   -995   -995   -995   -995   -995    -995    -995    -995
 KIN2   133   250     79   14.9   11.1   11.1   189    4.9    1.3   13.4    0.00   969.78     0   15.3    8.7   -995   -995   -995   -995   -995    -995    -995    -995
 KIN2   133   255     81   14.7   10.4   10.3   186    5.1    0.8   12.3    0.00   969.72     0   15.1    8.2    7.8    9.1    8.5    7.2    7.8    -995    -995    -995
 KIN2   133   260     81   14.5   10.5   10.5   184    4.4    1.1   13.1    0.00   969.64     0   14.9    8.3   -995   -995   -995   -995   -995    -995    -995    -995
 KIN2   133   265     82   14.3   10.4   10.4   183    4.6    0.8   12.6    0.00   969.61     0   14.7    8.6   -995   -995   -995   -995   -995    -995    -995    -995
 KIN2   133   270     82   14.2   10.2   10.2   184    5.2    0.9   12.8    0.00   969.66     0   14.6    8.3    7.8    9.2    8.5    7.3    7.8    1.44    1.55    1.44
 KIN2   133   275     83   14.2   10.3   10.2   184    4.6    1.2   13.9    0.00   969.62     0   14.6    8.3   -995   -995   -995   -995   -995    -995    -995    -995
 KIN2   133   280     83   14.3   10.6   10.5   185    4.7    1.2   13.4    0.00   969.54     0   14.7    8.4   -995   -995   -995   -995   -995    -995    -995    -995
 KIN2   133   285     83   14.4   11.0   10.9   187    5.0    1.2   14.1    0.00   969.59     0   14.8    9.0    7.9    9.2    8.6    7.3    7.9    -995    -995    -995
 KIN2   133   290     83   14.4   11.2   11.2   187    4.6    1.1   13.9    0.00   969.54     0   14.8    9.1   -995   -995   -995   -995   -995    -995    -995    -995
 KIN2   133   295     83   14.4   11.0   11.0   187    4.6    1.0   14.0    0.00   969.50     0   14.9    9.0   -995   -995   -995   -995   -995    -995    -995    -995
 KIN2   133   300     83   14.5   11.0   11.0   187    5.7    1.1   13.3    0.00   969.48     0   14.9    9.1    7.9    9.2    8.6    7.3    7.8    1.43    1.54    1.43
 KIN2   133   305     84   14.4    9.9    9.9   187    6.0    1.1   12.4    0.00   969.48     0   14.7    8.0   -995   -995   -995   -995   -995    -995    -995    -995
 KIN2   133   310     85   14.3    9.9    9.8   189    6.2    1.0   11.9    0.00   969.57     0   14.7    7.7   -995   -995   -995   -995   -995    -995    -995    -995
 KIN2   133   315     84   14.4   10.6   10.6   190    4.8    1.2   13.5    0.00   969.53     0   14.9    8.6    7.9    9.3    8.6    7.3    7.8    -995    -995    -995
 KIN2   133   320     84   14.5   10.2   10.2   189    4.5    1.1   12.5    0.00   969.49     0   14.9    8.3   -995   -995   -995   -995   -995    -995    -995    -995
 KIN2   133   325     84   14.6   10.2   10.2   188    5.4    1.0   12.8    0.00   969.40     0   15.0    8.6   -995   -995   -995   -995   -995    -995    -995    -995
 KIN2   133   330     84   14.6   10.6   10.6   192    5.5    1.1   13.4    0.00   969.49     0   15.0    8.6    7.9    9.3    8.6    7.4    7.8    1.43    1.54    1.43
 KIN2   133   335     84   14.6   11.1   11.0   192    5.5    1.1   12.8    0.00   969.54     0   15.1    8.9   -995   -995   -995   -995   -995    -995    -995    -995
 KIN2   133   340     85   14.6   11.4   11.4   190    4.7    1.0   13.9    0.00   969.45     0   15.1    9.2   -995   -995   -995   -995   -995    -995    -995    -995
 KIN2   133   345     85   14.6   10.8   10.8   190    5.5    1.2   13.4    0.00   969.41     0   15.0    8.7    8.0    9.3    8.6    7.4    7.8    -995    -995    -995
 KIN2   133   350     86   14.5   10.2   10.1   192    5.2    1.0   13.0    0.00   969.40     0   14.9    8.3   -995   -995   -995   -995   -995    -995    -995    -995
 KIN2   133   355     86   14.5   10.0   10.0   191    4.6    0.9   11.6    0.00   969.32     0   14.8    8.0   -995   -995   -995   -995   -995    -995    -995    -995
 KIN2   133   360     86   14.4    9.4    9.3   190    4.8    1.0   11.3    0.00   969.25     0   14.8    7.5    8.0    9.4    8.7    7.4    7.9    1.43    1.55    1.43
 KIN2   133   365     87   14.3    8.7    8.7   189    5.0    0.8   10.8    0.00   969.17     0   14.7    6.9   -995   -995   -995   -995   -995    -995    -995    -995
 KIN2   133   370     87   14.4    9.1    9.1   191    4.7    0.8   11.0    0.00   969.19     0   14.8    7.2   -995   -995   -995   -995   -995    -995    -995    -995
 KIN2   133   375     87   14.5    9.1    9.1   192    5.0    0.8   11.0    0.00   969.23     0   14.9    7.4    8.0    9.4    8.7    7.4    7.9    -995    -995    -995
 KIN2   133   380     87   14.6    9.1    9.0   191    4.7    0.8   10.9    0.00   969.26     0   15.0    7.2   -995   -995   -995   -995   -995    -995    -995    -995
 KIN2   133   385     86   14.6    9.9    9.8   191    5.5    1.0   12.6    0.00   969.20     0   15.1    8.0   -995   -995   -995   -995   -995    -995    -995    -995
 KIN2   133   390     86   14.7   10.0   10.0   194    5.9    1.0   12.3    0.00   969.27     0   15.1    8.0    8.0    9.4    8.7    7.4    7.9    1.44    1.55    1.44
 KIN2   133   395     86   14.8   10.0    9.9   197    5.0    1.0   12.5    0.00   969.31     0   15.2    8.1   -995   -995   -995   -995   -995    -995    -995    -995
 KIN2   133   400     86   14.7    9.4    9.3   198    5.8    1.1   12.4    0.00   969.43     0   15.2    7.5   -995   -995   -995   -995   -995    -995    -995    -995
 KIN2   133   405     86   14.8    9.8    9.8   199    5.8    1.2   12.8    0.00   969.40     0   15.3    7.9    8.1    9.5    8.8    7.4    7.9    -995    -995    -995
 KIN2   133   410     85   14.9    9.7    9.7   200    4.7    1.3   12.6    0.00   969.43     0   15.4    7.9   -995   -995   -995   -995   -995    -995    -995    -995
 KIN2   133   415     85   15.0   10.4   10.4   201    5.9    1.2   13.9    0.00   969.32     0   15.5    8.2   -995   -995   -995   -995   -995    -995    -995    -995
 KIN2   133   420     85   15.1   10.2   10.2   201    5.4    1.0   12.5    0.00   969.36     0   15.6    8.2    8.1    9.5    8.8    7.5    7.9    1.44    1.55    1.43
 KIN2   133   425     85   15.2    9.9    9.9   206    6.1    1.1   12.0    0.00   969.50     0   15.6    8.0   -995   -995   -995   -995   -995    -995    -995    -995
 KIN2   133   430     85   15.2    9.2    9.2   207    5.6    1.1   11.7    0.00   969.59     0   15.6    7.4   -995   -995   -995   -995   -995    -995    -995    -995
 KIN2   133   435     85   15.1    8.5    8.5   206    6.1    0.9   11.2    0.00   969.58     0   15.5    6.8    8.1    9.5    8.8    7.5    7.9    -995    -995    -995
 KIN2   133   440     85   15.0    8.6    8.6   200    5.5    0.9   10.7    0.00   969.46     0   15.4    6.5   -995   -995   -995   -995   -995    -995    -995    -995
 KIN2   133   445     85   15.1    8.9    8.9   203    4.8    1.0   11.2    0.00   969.51     0   15.6    7.0   -995   -995   -995   -995   -995    -995    -995    -995
 KIN2   133   450     85   15.1    8.6    8.6   200    5.8    1.0   10.6    0.00   969.43     0   15.6    6.9    8.1    9.6    8.8    7.5    7.9    1.44    1.55    1.43
 KIN2   133   455     84   15.2    8.2    8.1   205    5.8    0.8   10.6    0.00   969.42     0   15.7    6.3   -995   -995   -995   -995   -995    -995    -995    -995
 KIN2   133   460     83   15.3    8.8    8.7   204    4.5    0.7   10.4    0.00   969.44     0   15.8    7.0   -995   -995   -995   -995   -995    -995    -995    -995
 KIN2   133   465     84   15.2    8.7    8.6   203    5.5    0.8   10.3    0.00   969.36     0   15.6    7.0    8.2    9.6    8.9    7.5    7.9    -995    -995    -995
 KIN2   133   470     84   15.1    9.0    8.9   203    5.6    1.1   12.1    0.00   969.33     0   15.6    7.0   -995   -995   -995   -995   -995    -995    -995    -995
 KIN2   133   475     84   15.2    9.1    9.1   204    5.2    0.9   11.6    0.00   969.30     0   15.6    7.2   -995   -995   -995   -995   -995    -995    -995    -995
 KIN2   133   480     83   15.1    8.3    8.2   208    6.3    0.9   10.4    0.00   969.29     0   15.5    6.7    8.2    9.7    8.9    7.5    7.9    1.44    1.55    1.43
 KIN2   133   485     84   15.0    8.5    8.4   205    5.7    1.1   11.5    0.00   969.26     0   15.5    6.7   -995   -995   -995   -995   -995    -995    -995    -995
 KIN2   133   490     83   15.1    9.2    9.1   205    5.4    1.0   11.6    0.00   969.36     0   15.5    7.5   -995   -995   -995   -995   -995    -995    -995    -995
 KIN2   133   495     84   15.0    9.0    9.0   206    5.6    0.8   10.8    0.00   969.37     0   15.4    7.1    8.2    9.7    8.9    7.6    7.9    -995    -995    -995
 KIN2   133   500     83   15.0    8.9    8.8   206    5.2    0.9   11.2    0.00   969.32     0   15.4    6.9   -995   -995   -995   -995   -995    -995    -995    -995
 KIN2   133   505     83   15.0    8.1    8.1   213    6.6    1.0   10.5    0.00   969.56     0   15.5    6.5   -995   -995   -995   -995   -995    -995    -995    -995
 KIN2   133   510     83   15.0    7.8    7.8   210    6.2    0.9    9.9    0.00   969.73     0   15.4    6.3    8.2    9.7    9.0    7.6    7.9    1.44    1.55    1.44
 KIN2   133   515     83   14.9    7.8    7.7   208    4.5    0.6    9.3    0.00   969.83     0   15.3    6.0   -995   -995   -995   -995   -995    -995    -995    -995
 KIN2   133   520     83   14.8    8.0    7.9   207    5.6    0.9    9.8    0.00   969.83     0   15.3    6.3   -995   -995   -995   -995   -995    -995    -995    -995
 KIN2   133   525     83   14.7    7.3    7.3   207    5.1    0.8    9.2    0.00   969.77     0   15.2    5.6    8.3    9.8    9.0    7.6    7.9    -995    -995    -995
 KIN2   133   530     82   14.8    7.0    7.0   207    6.0    0.7    8.5    0.00   969.82     0   15.2    5.6   -995   -995   -995   -995   -995    -995    -995    -995
 KIN2   133   535     82   14.7    6.4    6.4   208    6.3    0.7    8.4    0.00   969.87     0   15.3    5.0   -995   -995   -995   -995   -995    -995    -995    -995
 KIN2   133   540     81   14.7    6.2    6.2   210    5.4    0.6    7.7    0.00   969.92     0   15.3    4.8    8.3    9.8    9.0    7.6    7.9    1.43    1.55    1.44
 KIN2   133   545     80   14.9    6.3    6.3   214    7.0    0.7    7.9    0.00   969.97     0   15.5    4.8   -995   -995   -995   -995   -995    -995    -995    -995
 KIN2   133   550     79   15.0    6.3    6.3   216    6.4    0.8    8.7    0.00   970.06     0   15.6    4.8   -995   -995   -995   -995   -995    -995    -995    -995
 KIN2   133   555     79   14.8    5.8    5.7   216   10.0    0.7    7.2    0.00   970.10     0   15.5    4.2    8.3    9.8    9.0    7.7    7.9    -995    -995    -995
 KIN2   133   560     79   14.8    6.1    6.1   225    7.0    0.9    7.8    0.00   970.15     0   15.4    4.3   -995   -995   -995   -995   -995    -995    -995    -995
 KIN2   133   565     76   14.8    6.5    6.4   220    6.1    0.6    8.0    0.00   970.15     0   15.6    4.8   -995   -995   -995   -995   -995    -995    -995    -995
 KIN2   133   570     78   14.5    5.9    5.8   216    6.4    0.6    7.9    0.00   970.29     0   15.1    4.3    8.4    9.8    9.0    7.7    7.9    1.45    1.55    1.43
 KIN2   133   575     77   14.7    5.5    5.5   229    8.6    0.9    8.0    0.00   970.29     0   15.2    3.9   -995   -995   -995   -995   -995    -995    -995    -995
 KIN2   133   580     74   14.8    6.1    6.1   226    5.9    0.7    8.0    0.00   970.37     0   15.5    4.4   -995   -995   -995   -995   -995    -995    -995    -995
 KIN2   133   585     71   15.0    6.0    5.9   226    7.5    0.8    7.7    0.00   970.37     0   15.6    4.3    8.4    9.8    9.0    7.7    8.0    -995    -995    -995
 KIN2   133   590     70   15.0    6.4    6.4   226    7.6    0.8    8.6    0.00   970.37     0   15.7    4.4   -995   -995   -995   -995   -995    -995    -995    -995
 KIN2   133   595     68   15.2    6.4    6.3   229    8.2    0.9    8.6    0.00   970.33     0   15.8    4.3   -995   -995   -995   -995   -995    -995    -995    -995
 KIN2   133   600     66   15.3    6.5    6.5   233    9.1    0.9    8.7    0.00   970.44     0   15.9    4.5    8.4    9.8    9.0    7.7    8.0    1.43    1.55    1.43
 KIN2   133   605     65   15.2    6.1    6.1   233    7.2    0.9    9.0    0.00   970.48     0   15.8    4.1   -995   -995   -995   -995   -995    -995    -995    -995
 KIN2   133   610     65   15.2    6.8    6.8   229    7.7    0.9    9.3    0.00   970.38     0   15.7    4.8   -995   -995   -995   -995   -995    -995    -995    -995
 KIN2   133   615     67   14.8    6.4    6.3   226    7.9    0.8    8.8    0.00   970.35     0   15.4    4.4    8.4    9.8    8.9    7.7    7.9    -995    -995    -995
 KIN2   133   620     69   14.5    6.9    6.8   226    6.4    0.8    8.6    0.00   970.35     0   15.2    4.7   -995   -995   -995   -995   -995    -995    -995    -995
 KIN2   133   625     69   14.4    6.6    6.6   225    7.1    0.8    8.8    0.00   970.35     0   15.1    4.7   -995   -995   -995   -995   -995    -995    -995    -995
 KIN2   133   630     68   14.4    6.6    6.6   229    7.3    1.2    9.5    0.00   970.48     0   15.0    4.5    8.4    9.7    8.9    7.7    8.0    1.44    1.55    1.43
 KIN2   133   635     65   14.6    7.1    7.1   231    6.8    1.1    9.9    0.00   970.53     0   15.3    4.8   -995   -995   -995   -995   -995    -995    -995    -995
 KIN2   133   640     63   14.7    7.4    7.3   231    7.3    1.0    9.4    0.00   970.42     0   15.3    5.2   -995   -995   -995   -995   -995    -995    -995    -995
 KIN2   133   645     63   14.5    6.7    6.7   231    8.5    1.2    9.5    0.00   970.40     0   15.1    4.5    8.4    9.7    8.9    7.8    8.0    -995    -995    -995
 KIN2   133   650     61   14.6    6.2    6.1   239   10.2    1.1    8.2    0.00   970.53     0   15.0    4.4   -995   -995   -995   -995   -995    -995    -995    -995
 KIN2   133   655     60   14.6    6.1    6.0   244    9.9    1.1    8.4    0.00   970.66     0   14.9    4.5   -995   -995   -995   -995   -995    -995    -995    -995
 KIN2   133   660     61   14.4    6.3    6.2   242   10.2    1.0    9.9    0.00   970.60     0   14.7    4.6    8.4    9.7    8.9    7.8    8.0    1.43    1.55    1.43
 KIN2   133   665     60   14.3    7.2    7.0   242   12.4    1.1   10.1    0.00   970.66     0   14.7    5.1   -995   -995   -995   -995   -995    -995    -995    -995
 KIN2   133   670     60   14.1    5.7    5.6   253   11.4    1.0    7.9    0.00   970.80     0   14.5    3.9   -995   -995   -995   -995   -995    -995    -995    -995
 KIN2   133   675     59   14.0    5.9    5.8   249   11.8    1.0    8.1    0.00   970.67     0   14.3    4.2    8.4    9.6    8.9    7.8    8.0    -995    -995    -995
 KIN2   133   680     57   14.0    6.1    6.0   254   11.8    1.1    8.6    0.00   970.79     0   14.4    4.2   -995   -995   -995   -995   -995    -995    -995    -995
 KIN2   133   685     57   13.9    6.0    5.9   252    9.6    1.3    8.8    0.00   970.92     0   14.2    4.3   -995   -995   -995   -995   -995    -995    -995    -995
 KIN2   133   690     58   13.6    5.4    5.3   248   12.8    1.1    8.2    0.00   971.08     0   13.9    3.9    8.4    9.6    8.8    7.8    8.0    1.44    1.55    1.44
 KIN2   133   695     57   13.6    6.2    6.1   248    9.3    0.9    8.3    0.00   971.17     0   13.9    4.3   -995   -995   -995   -995   -995    -995    -995    -995
 KIN2   133   700     58   13.3    5.6    5.5   251   10.4    1.0    7.6    0.00   971.26     0   13.6    4.1   -995   -995   -995   -995   -995    -995    -995    -995
 KIN2   133   705     58   13.1    5.8    5.7   249    9.4    0.9    7.6    0.00   971.34     0   13.4    3.9    8.4    9.5    8.8    7.9    8.0    -995    -995    -995
 KIN2   133   710     58   12.9    5.4    5.3   249   10.9    0.9    8.3    0.00   971.43     0   13.3    3.7   -995   -995   -995   -995   -995    -995    -995    -995
 KIN2   133   715     57   13.0    6.2    6.1   250   11.2    1.1    9.7    0.00   971.48     0   13.3    4.5   -995   -995   -995   -995   -995    -995    -995    -995
 KIN2   133   720     57   12.9    5.7    5.6   250   10.1    1.0    8.2    0.00   971.52     0   13.2    4.2    8.4    9.4    8.8    7.9    8.1    1.43    1.55    1.44
 KIN2   133   725     57   12.7    5.1    5.0   248   10.5    1.2    8.0    0.00   971.63     0   13.0    3.6   -995   -995   -995   -995   -995    -995    -995    -995
 KIN2   133   730     57   12.5    5.0    5.0   253   10.5    0.9    7.1    0.00   971.74     0   12.9    3.4   -995   -995   -995   -995   -995    -995    -995    -995
 KIN2   133   735     59   12.1    4.3    4.2   257   11.5    0.9    7.8    0.00   971.81     0   12.6    2.8    8.4    9.4    8.7    7.9    8.1    -995    -995    -995
 KIN2   133   740     59   12.0    4.5    4.4   258   10.7    0.9    6.9    0.00   971.99     0   12.5    2.9   -995   -995   -995   -995   -995    -995    -995    -995
 KIN2   133   745     60   11.6    3.5    3.5   265   11.7    0.8    5.7    0.00   972.30     0   12.2    2.3   -995   -995   -995   -995   -995    -995    -995    -995
 KIN2   133   750     61   11.2    2.9    2.8   275   13.3    0.5    5.0    0.00   972.59     0   12.0    1.9    8.4    9.3    8.6    7.9    8.1    1.44    1.54    1.43
 KIN2   133   755     62   11.3    3.2    3.1   250   11.7    0.5    4.7    0.00   972.55     0   11.8    2.1   -995   -995   -995   -995   -995    -995    -995    -995
 KIN2   133   760     62   11.1    2.8    2.7   254   11.0    0.6    4.5    0.00   972.66     0   11.6    1.8   -995   -995   -995   -995   -995    -995    -995    -995
 KIN2   133   765     63   10.9    2.6    2.6   249    9.1    0.5    3.6    0.00   972.75     0   11.4    1.6    8.4    9.2    8.6    8.0    8.1    -995    -995    -995
 KIN2   133   770     64   10.7    2.9    2.8   253    9.9    0.5    4.3    0.00   972.94     0   11.2    1.8   -995   -995   -995   -995   -995    -995    -995    -995
 KIN2   133   775     64   10.5    2.8    2.7   259   10.9    0.5    4.0    0.00   973.19     0   11.1    1.6   -995   -995   -995   -995   -995    -995    -995    -995
 KIN2   133   780     66   10.2    2.7    2.6   258   11.3    0.6    4.5    0.00   973.39     0   10.9    1.4    8.4    9.0    8.5    8.0    8.1    1.43    1.54    1.43
 KIN2   133   785     66   10.3    3.2    3.1   258   11.9    0.6    5.1    0.00   973.49     0   10.8    2.1   -995   -995   -995   -995   -995    -995    -995    -995
 KIN2   133   790     66   10.0    2.9    2.8   261   12.2    0.6    5.2    0.00   973.63     0   10.6    1.7   -995   -995   -995   -995   -995    -995    -995    -995
 KIN2   133   795     67    9.9    2.8    2.8   253   10.5    0.5    4.6    0.00   973.72     0   10.4    1.8    8.4    8.9    8.4    8.0    8.1    -995    -995    -995
 KIN2   133   800     67    9.8    2.9    2.8   249   11.3    0.5    4.0    0.00   973.83     0   10.2    1.9   -995   -995   -995   -995   -995    -995    -995    -995
 KIN2   133   805     68    9.5    2.7    2.7   250   11.4    0.6    4.2    0.00   973.91     0   10.0    1.8   -995   -995   -995   -995   -995    -995    -995    -995
 KIN2   133   810     68    9.4    2.8    2.8   251    9.1    0.5    4.4    0.00   974.07     0    9.9    1.8    8.3    8.8    8.3    8.0    8.1    1.44    1.55    1.44
 KIN2   133   815     69    9.3    3.1    3.0   252    9.5    0.5    4.1    0.00   974.16     1    9.7    2.0   -995   -995   -995   -995   -995    -995    -995    -995
 KIN2   133   820     70    9.0    2.9    2.9   256    8.9    0.5    3.9    0.00   974.27     2    9.5    1.9   -995   -995   -995   -995   -995    -995    -995    -995
 KIN2   133   825     70    9.0    3.0    3.0   252    7.5    0.4    3.9    0.00   974.36     3    9.3    2.1    8.3    8.7    8.2    8.0    8.1    -995    -995    -995
 KIN2   133   830     71    8.7    3.3    3.3   255    8.6    0.4    4.1    0.00   974.53     4    9.1    2.0   -995   -995   -995   -995   -995    -995    -995    -995
 KIN2   133   835     72    8.5    2.9    2.8   257   10.0    0.5    4.1    0.00   974.63     7    9.0    1.6   -995   -995   -995   -995   -995    -995    -995    -995
 KIN2   133   840     73    8.3    3.0    3.0   257    9.0    0.5    4.3    0.00   974.72     8    8.8    1.7    8.2    8.5    8.2    8.0    8.1    1.43    1.55    1.44
 KIN2   133   845     73    8.1    2.9    2.9   258    8.1    0.5    4.4    0.00   974.81    10    8.6    1.7   -995   -995   -995   -995   -995    -995    -995    -995
 KIN2   133   850     74    8.0    3.0    2.9   260   10.8    0.5    4.3    0.00   974.97    19    8.6    1.6   -995   -995   -995   -995   -995    -995    -995    -995
 KIN2   133   855     74    8.1    2.8    2.7   261   11.1    0.5    4.3    0.00   975.09    56    8.6    1.6    8.2    8.4    8.1    8.0    8.1    -995    -995    -995
 KIN2   133   860     72    8.4    2.8    2.8   255   10.1    0.5    4.1    0.00   975.14    63    8.7    1.6   -995   -995   -995   -995   -995    -995    -995    -995
 KIN2   133   865     72    8.4    2.7    2.7   256   10.1    0.5    3.8    0.00   975.14    85    8.7    1.5   -995   -995   -995   -995   -995    -995    -995    -995
 KIN2   133   870     72    8.5    2.7    2.6   255    9.3    0.4    3.8    0.00   975.15   103    8.8    1.6    8.1    8.2    7.9    7.9    8.1    1.44    1.54    1.43
 KIN2   133   875     71    8.8    2.3    2.3   254   10.2    0.4    3.2    0.00   975.26   119    9.0    1.3   -995   -995   -995   -995   -995    -995    -995    -995
 KIN2   133   880     70    9.0    2.2    2.2   257   10.7    0.5    3.2    0.00   975.28   139    9.3    1.2   -995   -995   -995   -995   -995    -995    -995    -995
 KIN2   133   885     69    9.2    2.3    2.3   258   11.0    0.5    3.6    0.00   975.40   152    9.5    1.3    8.0    8.1    7.8    7.9    8.0    -995    -995    -995
 KIN2   133   890     68    9.4    2.4    2.4   257   13.1    0.5    3.6    0.00   975.48   166    9.6    1.5   -995   -995   -995   -995   -995    -995    -995    -995
 KIN2   133   895     67    9.6    2.4    2.3   252   11.4    0.5    3.4    0.00   975.48   180    9.8    1.5   -995   -995   -995   -995   -995    -995    -995    -995
 KIN2   133   900     67    9.8    2.0    2.0   257   12.0    0.4    3.1    0.00   975.59   194    9.9    1.3    7.9    7.9    7.7    7.8    7.9    1.44    1.55    1.44
 KIN2   133   905     66   10.0    2.1    2.1   252   10.5    0.4    2.9    0.00   975.59   208   10.1    1.4   -995   -995   -995   -995   -995    -995    -995    -995
 KIN2   133   910     65   10.2    2.1    2.1   251   10.9    0.5    3.2    0.00   975.69   222   10.3    1.4   -995   -995   -995   -995   -995    -995    -995    -995
 KIN2   133   915     65   10.4    2.6    2.6   255    9.9    0.5    3.8    0.00   975.70   236   10.4    1.7    7.9    7.9    7.7    7.8    7.9    -995    -995    -995
 KIN2   133   920     65   10.7    2.4    2.4   260   10.4    0.5    3.6    0.00   975.70   250   10.6    1.5   -995   -995   -995   -995   -995    -995    -995    -995
 KIN2   133   925     64   11.0    2.4    2.3   259    9.9    0.5    3.8    0.00   975.67   263   10.9    1.7   -995   -995   -995   -995   -995    -995    -995    -995
 KIN2   133   930     63   11.2    2.1    2.1   257   12.9    0.5    3.4    0.00   975.58   277   11.1    1.3    7.8    7.9    7.7    7.8    7.9    1.45    1.54    1.43
 KIN2   133   935     62   11.6    1.7    1.7   259   13.1    0.5    3.1    0.00   975.53   291   11.4    1.2   -995   -995   -995   -995   -995    -995    -995    -995
 KIN2   133   940     60   11.8    1.9    1.9   249   11.2    0.4    2.7    0.00   975.45   305   11.7    1.4   -995   -995   -995   -995   -995    -995    -995    -995
 KIN2   133   945     59   12.0    1.5    1.5   250   14.3    0.5    2.6    0.00   975.47   318   12.0    1.0    7.8    7.9    7.8    7.8    7.9    -995    -995    -995
 KIN2   133   950     59   12.2    1.6    1.5   252   11.9    0.5    3.0    0.00   975.49   331   12.2    1.1   -995   -995   -995   -995   -995    -995    -995    -995
 KIN2   133   955     58   12.4    1.6    1.6   254   10.9    0.5    2.8    0.00   975.52   344   12.4    1.2   -995   -995   -995   -995   -995    -995    -995    -995
 KIN2   133   960     57   12.8    1.7    1.7   255   13.2    0.6    3.1    0.00   975.61   357   12.7    1.3    7.8    7.9    7.9    7.8    7.9    1.45    1.54    1.44
 KIN2   133   965     57   13.0    1.8    1.8   244    9.7    0.4    2.7    0.00   975.62   369   12.9    1.3   -995   -995   -995   -995   -995    -995    -995    -995
 KIN2   133   970     56   13.1    2.0    2.0   243   11.6    0.4    2.8    0.00   975.73   381   13.0    1.5   -995   -995   -995   -995   -995    -995    -995    -995
 KIN2   133   975     55   13.2    1.9    1.9   246    9.4    0.3    2.5    0.00   975.76   392   13.1    1.6    7.8    8.1    8.0    7.8    7.9    -995    -995    -995
 KIN2   133   980     55   13.7    1.7    1.6   244   16.5    0.4    2.6    0.00   975.88   403   13.4    1.4   -995   -995   -995   -995   -995    -995    -995    -995
 KIN2   133   985     53   13.8    1.8    1.8   244   12.6    0.4    2.7    0.00   975.96   414   13.6    1.2   -995   -995   -995   -995   -995    -995    -995    -995
 KIN2   133   990     53   13.9    2.1    2.1   239   11.2    0.6    3.7    0.00   976.03   425   13.5    1.6    7.8    8.2    8.2    7.8    7.9    1.44    1.55    1.43
 KIN2   133   995     53   14.2    2.7    2.7   233    6.8    0.4    3.4    0.00   975.97   436   13.6    2.0   -995   -995   -995   -995   -995    -995    -995    -995
 KIN2   133  1000     51   14.3    1.9    1.8   247   13.4    0.4    2.7    0.00   976.07   446   13.9    1.4   -995   -995   -995   -995   -995    -995    -995    -995
 KIN2   133  1005     50   14.6    2.3    2.3   251    9.8    0.6    3.4    0.00   976.21   455   14.2    1.9    7.8    8.4    8.4    7.8    7.9    -995    -995    -995
 KIN2   133  1010     49   14.5    3.0    3.0   254   12.3    0.5    4.1    0.00   976.39   464   14.1    2.2   -995   -995   -995   -995   -995    -995    -995    -995
 KIN2   133  1015     49   15.1    3.0    3.0   263   13.0    0.5    3.9    0.00   976.64   472   14.5    2.0   -995   -995   -995   -995   -995    -995    -995    -995
 KIN2   133  1020     49   15.2    2.8    2.7   253   12.6    0.6    4.1    0.00   976.75   480   14.8    2.0    7.9    8.7    8.6    7.8    8.0    1.45    1.55    1.44
 KIN2   133  1025     47   15.3    3.2    3.1   265   13.6    0.6    4.3    0.00   976.69   488   15.0    2.3   -995   -995   -995   -995   -995    -995    -995    -995
 KIN2   133  1030     46   15.5    3.2    3.1   266   12.9    0.8    4.8    0.00   976.59   496   15.0    2.3   -995   -995   -995   -995   -995    -995    -995    -995
 KIN2   133  1035     46   15.4    2.9    2.9   256   11.7    0.6    4.1    0.00   976.52   502   15.1    2.1    7.9    8.9    8.8    7.9    8.0    -995    -995    -995
 KIN2   133  1040     48   15.6    3.5    3.4   240   10.5    0.5    4.7    0.00   976.42   509   15.1    2.6   -995   -995   -995   -995   -995    -995    -995    -995
 KIN2   133  1045     47   15.7    3.5    3.4   243   11.6    0.8    4.9    0.00   976.34   516   15.2    2.6   -995   -995   -995   -995   -995    -995    -995    -995
 KIN2   133  1050     46   16.0    3.0    2.9   256   17.0    0.7    4.5    0.00   976.33   523   15.6    2.2    8.0    9.2    9.0    7.9    8.0    1.44    1.55    1.43
 KIN2   133  1055     44   16.0    3.5    3.4   254   11.1    0.7    4.8    0.00   976.25   529   15.6    2.4   -995   -995   -995   -995   -995    -995    -995    -995
 KIN2   133  1060     44   16.2    3.0    2.9   248   12.6    0.6    4.4    0.00   976.12   534   15.9    2.3   -995   -995   -995   -995   -995    -995    -995    -995
 KIN2   133  1065     42   16.4    2.5    2.4   257   15.7    0.7    4.2    0.00   976.10   540   16.0    1.9    8.1    9.5    9.2    7.9    8.1    -995    -995    -995
 KIN2   133  1070     41   16.7    1.5    1.4   263   20.0    0.7    2.9    0.00   975.91   545   16.5    1.2   -995   -995   -995   -995   -995    -995    -995    -995
 KIN2   133  1075     37   17.1    2.0    1.9   296   16.4    0.7    3.6    0.00   975.81   550   16.9    1.6   -995   -995   -995   -995   -995    -995    -995    -995
 KIN2   133  1080     32   16.8    2.3    2.2   305   15.7    0.4    3.1    0.00   975.64   554   16.6    1.7    8.2    9.8    9.4    7.9    8.1    1.44    1.55    1.43
 KIN2   133  1085     33   16.9    1.1    1.0   320   31.2    0.4    2.3    0.00   975.55   558   16.9    0.8   -995   -995   -995   -995   -995    -995    -995    -995
 KIN2   133  1090     33   17.5    1.3    1.1   309   30.6    0.5    2.4    0.00   975.50   562   17.3    1.2   -995   -995   -995   -995   -995    -995    -995    -995
 KIN2   133  1095     31   17.2    1.7    1.6   323   18.9    0.9    4.1    0.00   975.38   564   17.2    1.1    8.2   10.0    9.6    7.9    8.0    -995    -995    -995
 KIN2   133  1100     31   17.1    1.8    1.6   324   24.0    0.7    3.2    0.00   975.41   566   16.9    1.6   -995   -995   -995   -995   -995    -995    -995    -995
 KIN2   133  1105     31   17.3    1.4    1.2   320   24.9    0.5    2.6    0.00   975.43   568   17.1    0.8   -995   -995   -995   -995   -995    -995    -995    -995
 KIN2   133  1110     31   17.8    1.9    1.8   282   19.4    0.9    3.7    0.00   975.34   570   17.4    1.4    8.3   10.3    9.7    7.9    8.0    1.44    1.55    1.44
 KIN2   133  1115     33   17.4    1.5    1.5   226   13.1    0.7    2.6    0.00   975.22   570   17.4    1.2   -995   -995   -995   -995   -995    -995    -995    -995
 KIN2   133  1120     34   17.4    2.7    2.6   251   15.7    0.7    4.6    0.00   975.22   568   17.1    2.0   -995   -995   -995   -995   -995    -995    -995    -995
 KIN2   133  1125     33   17.3    1.9    1.8   242   21.5    0.7    3.6    0.00   975.13   569   17.2    1.5    8.4   10.6    9.9    7.9    8.0    -995    -995    -995
 KIN2   133  1130     36   17.4    2.5    2.4   224   20.0    0.8    4.4    0.00   974.89   568   17.1    2.1   -995   -995   -995   -995   -995    -995    -995    -995
 KIN2   133  1135     36   17.5    2.6    2.5   237   11.2    0.4    3.4    0.00   974.79   566   17.1    1.9   -995   -995   -995   -995   -995    -995    -995    -995
 KIN2   133  1140     35   17.5    2.5    2.4   229   14.6    0.6    3.6    0.00   974.56   565   17.2    2.0    8.6   11.0   10.2    7.9    8.1    1.44    1.54    1.43
 KIN2   133  1145     34   17.5    2.0    2.0   239   12.7    0.6    3.2    0.00   974.43   540   17.3    1.6   -995   -995   -995   -995   -995    -995    -995    -995
 KIN2   133  1150     34   17.5    1.8    1.8   242   10.3    0.7    3.2    0.00   974.47   531   17.4    1.4   -995   -995   -995   -995   -995    -995    -995    -995
 KIN2   133  1155     34   17.6    1.8    1.6   251   22.6    0.8    3.8    0.00   974.46   558   17.6    1.3    8.7   11.3   10.4    8.0    8.1    -995    -995    -995
 KIN2   133  1160     35   17.7    2.8    2.7   246   15.2    0.4    3.6    0.00   974.54   553   17.4    2.2   -995   -995   -995   -995   -995    -995    -995    -995
 KIN2   133  1165     37   17.9    2.5    2.4   228   14.5    0.7    4.0    0.00   974.51   549   17.5    1.9   -995   -995   -995   -995   -995    -995    -995    -995
 KIN2   133  1170     39   17.9    2.8    2.8   224   11.6    0.4    3.8    0.00   974.51   544   17.6    2.3    8.8   11.5   10.6    8.0    8.1    1.43    1.55    1.44
 KIN2   133  1175     40   18.0    3.3    3.2   217   12.2    0.6    4.8    0.00   974.36   540   17.6    2.8   -995   -995   -995   -995   -995    -995    -995    -995
 KIN2   133  1180     40   18.0    3.3    3.1   225   20.6    0.6    4.5    0.00   974.10   536   17.6    2.5   -995   -995   -995   -995   -995    -995    -995    -995
 KIN2   133  1185     41   17.8    3.4    3.3   187   11.2    0.5    4.3    0.00   973.95   532   17.5    3.0    9.0   11.8   10.7    8.1    8.2    -995    -995    -995
 KIN2   133  1190     40   17.7    2.8    2.8   209    6.6    0.5    3.6    0.00   974.02   525   17.5    2.4   -995   -995   -995   -995   -995    -995    -995    -995
 KIN2   133  1195     42   18.0    3.1    2.9   209   16.3    0.4    4.0    0.00   974.24   517   17.7    2.7   -995   -995   -995   -995   -995    -995    -995    -995
 KIN2   133  1200     39   17.9    3.7    3.6   232   10.5    0.7    5.1    0.00   974.34   510   17.7    3.0    9.1   12.1   10.8    8.1    8.2    1.44    1.55    1.43
 KIN2   133  1205     43   17.9    4.3    4.3   222    7.4    0.6    5.5    0.00   974.44   503   17.5    3.4   -995   -995   -995   -995   -995    -995    -995    -995
 KIN2   133  1210     45   17.7    5.0    4.9   211    7.7    0.6    6.6    0.00   974.41   495   17.4    4.1   -995   -995   -995   -995   -995    -995    -995    -995
 KIN2   133  1215     44   17.9    4.8    4.7   215   12.6    0.8    6.4    0.00   974.43   488   17.5    3.7    9.3   12.3   10.9    8.1    8.2    -995    -995    -995
 KIN2   133  1220     44   17.7    5.1    5.1   206    6.0    0.7    6.9    0.00   974.41   480   17.4    4.2   -995   -995   -995   -995   -995    -995    -995    -995
 KIN2   133  1225     43   17.7    4.8    4.7   210   10.7    0.5    5.9    0.00   974.41   472   17.4    3.8   -995   -995   -995   -995   -995    -995    -995    -995
 KIN2   133  1230     43   17.7    3.8    3.7   218   10.7    0.6    5.7    0.00   974.37   463   17.5    3.2    9.4   12.5   11.0    8.2    8.3    1.43    1.54    1.43
 KIN2   133  1235     44   17.7    4.2    4.1   203   11.2    0.6    5.7    0.00   974.14   455   17.5    3.3   -995   -995   -995   -995   -995    -995    -995    -995
 KIN2   133  1240     42   17.8    3.3    3.3   222   11.6    0.6    4.4    0.00   974.05   445   17.6    2.6   -995   -995   -995   -995   -995    -995    -995    -995
 KIN2   133  1245     43   17.8    3.7    3.7   212    6.5    0.6    5.1    0.00   974.12   435   17.6    3.0    9.5   12.6   11.0    8.2    8.3    -995    -995    -995
 KIN2   133  1250     41   18.1    3.3    3.3   232    8.9    0.6    4.5    0.00   974.10   424   17.9    2.4   -995   -995   -995   -995   -995    -995    -995    -995
 KIN2   133  1255     40   17.9    3.7    3.6   228    9.3    0.7    5.2    0.00   973.97   413   17.8    2.8   -995   -995   -995   -995   -995    -995    -995    -995
 KIN2   133  1260     41   18.0    3.5    3.5   224    9.4    0.6    4.6    0.00   973.97   401   17.9    2.7    9.5   12.7   11.0    8.2    8.2    1.43    1.55    1.43
 KIN2   133  1265     40   18.0    3.2    3.2   233    9.2    0.4    4.4    0.00   974.15   391   18.0    2.4   -995   -995   -995   -995   -995    -995    -995    -995
 KIN2   133  1270     41   18.2    3.2    3.1   221   14.8    0.8    4.8    0.00   974.12   378   18.1    2.5   -995   -995   -995   -995   -995    -995    -995    -995
 KIN2   133  1275     41   18.2    3.9    3.9   221    9.5    0.9    6.1    0.00   974.02   366   18.1    3.1    9.6   12.8   11.0    8.2    8.2    -995    -995    -995
 KIN2   133  1280     42   18.0    5.3    5.2   217    6.7    0.8    7.0    0.00   974.03   354   18.0    4.3   -995   -995   -995   -995   -995    -995    -995    -995
 KIN2   133  1285     42   17.9    4.6    4.5   219   10.1    0.7    5.9    0.00   974.04   341   18.0    3.5   -995   -995   -995   -995   -995    -995    -995    -995
 KIN2   133  1290     42   17.9    4.4    4.3   218   11.8    0.6    5.7    0.00   974.04   328   18.0    3.4    9.7   12.9   11.0    8.2    8.3    1.43    1.55    1.44
 KIN2   133  1295     43   17.8    3.9    3.9   203    9.6    0.5    4.9    0.00   973.88   316   18.0    3.2   -995   -995   -995   -995   -995    -995    -995    -995
 KIN2   133  1300     43   17.9    4.0    4.0   219    8.8    0.6    5.3    0.00   973.87   303   18.1    3.2   -995   -995   -995   -995   -995    -995    -995    -995
 KIN2   133  1305     45   17.8    4.5    4.4   196    6.4    0.4    5.4    0.00   973.90   290   18.0    3.5    9.7   12.9   11.0    8.3    8.3    -995    -995    -995
 KIN2   133  1310     45   17.8    4.3    4.3   197    5.5    0.4    5.1    0.00   973.94   277   18.1    3.3   -995   -995   -995   -995   -995    -995    -995    -995
 KIN2   133  1315     46   17.8    4.3    4.3   205    6.1    0.6    5.6    0.00   973.97   263   18.2    3.3   -995   -995   -995   -995   -995    -995    -995    -995
 KIN2   133  1320     47   17.8    3.2    3.2   213    8.4    0.6    4.5    0.00   974.09   250   18.2    2.4    9.8   13.0   11.0    8.4    8.3    1.43    1.54    1.43
 KIN2   133  1325     46   17.8    3.9    3.8   214    5.1    0.4    4.8    0.00   974.08   236   18.2    3.0   -995   -995   -995   -995   -995    -995    -995    -995
 KIN2   133  1330     47   17.6    4.5    4.4   205    8.6    0.8    5.8    0.00   974.03   223   18.1    3.4   -995   -995   -995   -995   -995    -995    -995    -995
 KIN2   133  1335     46   17.5    4.5    4.4   210    5.7    0.6    5.9    0.00   973.97   209   18.1    3.3    9.8   13.0   10.9    8.4    8.3    -995    -995    -995
 KIN2   133  1340     46   17.5    4.2    4.2   212    5.8    0.4    5.3    0.00   974.05   196   18.2    3.2   -995   -995   -995   -995   -995    -995    -995    -995
 KIN2   133  1345     46   17.5    3.6    3.6   221    5.8    0.4    4.6    0.00   974.17   182   18.2    2.7   -995   -995   -995   -995   -995    -995    -995    -995
 KIN2   133  1350     47   17.3    3.5    3.5   221    7.3    0.4    4.4    0.00   974.24   169   18.1    2.4    9.8   12.9   10.9    8.4    8.4    1.43    1.55    1.44
 KIN2   133  1355     49   17.0    3.0    3.0   223    7.0    0.4    3.9    0.00   974.33   155   18.0    2.0   -995   -995   -995   -995   -995    -995    -995    -995
 KIN2   133  1360     49   16.9    2.6    2.5   226    6.8    0.4    3.3    0.00   974.44   142   17.9    1.5   -995   -995   -995   -995   -995    -995    -995    -995
 KIN2   133  1365     49   16.9    2.5    2.4   227    7.2    0.4    3.4    0.00   974.59   126   17.9    1.5    9.9   12.9   10.8    8.5    8.4    -995    -995    -995
 KIN2   133  1370     53   16.2    2.2    2.1   227    5.7    0.2    3.0    0.00   974.62   110   17.7    1.2   -995   -995   -995   -995   -995    -995    -995    -995
 KIN2   133  1375     51   16.5    1.8    1.8   236    8.0    0.3    2.6    0.00   974.64    89   17.7    0.9   -995   -995   -995   -995   -995    -995    -995    -995
 KIN2   133  1380     48   16.8    2.3    2.3   239    8.0    0.3    2.9    0.00   974.70    74   17.6    1.4    9.9   12.7   10.7    8.5    8.4    1.43    1.55    1.44
 KIN2   133  1385     51   16.1    2.8    2.8   232    6.3    0.5    4.0    0.00   974.73    53   17.4    1.7   -995   -995   -995   -995   -995    -995    -995    -995
 KIN2   133  1390     53   15.5    3.5    3.5   227    4.8    0.4    4.4    0.00   974.70    24   17.1    2.2   -995   -995   -995   -995   -995    -995    -995    -995
 KIN2   133  1395     58   14.6    3.4    3.4   220    3.7    0.2    4.1    0.00   974.61    14   16.8    2.0    9.9   12.6   10.6    8.6    8.4    -995    -995    -995
 KIN2   133  1400     63   13.7    3.5    3.5   218    2.0    0.1    3.8    0.00   974.66    12   16.5    1.9   -995   -995   -995   -995   -995    -995    -995    -995
 KIN2   133  1405     64   13.5    3.6    3.6   218    2.0    0.1    3.9    0.00   974.69    10   16.2    2.0   -995   -995   -995   -995   -995    -995    -995    -995
 KIN2   133  1410     66   13.0    3.4    3.4   215    2.4    0.1    3.7    0.00   974.66     8   15.9    1.9    9.9   12.5   10.6    8.8    8.6    1.43    1.55    1.44
 KIN2   133  1415     69   12.2    3.5    3.5   216    3.0    0.2    4.0    0.00   974.58     6   15.6    1.8   -995   -995   -995   -995   -995    -995    -995    -995
 KIN2   133  1420     70   12.2    3.6    3.6   221    2.3    0.2    3.9    0.00   974.51     4   15.4    1.8   -995   -995   -995   -995   -995    -995    -995    -995
 KIN2   133  1425     69   12.1    3.2    3.2   222    3.2    0.2    3.6    0.00   974.60     2   15.1    1.5    9.9   12.3   10.6    8.8    8.7    -995    -995    -995
 KIN2   133  1430     68   12.4    3.0    3.0   223    3.2    0.2    3.5    0.00   974.69     1   15.1    1.3   -995   -995   -995   -995   -995    -995    -995    -995
 KIN2   133  1435     69   11.7    2.8    2.8   220    3.2    0.2    3.4    0.00   974.76     0   14.8    1.2   -995   -995   -995   -995   -995    -995    -995    -995
</pre>