<pre>  101 ! (c) 2019 Oklahoma Climatological Survey and the Oklahoma Mesonet - all rights reserved
  21 2019 09 28 00 00 00
 STID  STNM  TIME   RELH   TAIR   WSPD   WVEC  WDIR   WDSD   WSSD   WMAX    RAIN     PRES  SRAD   TA9M   WS2M   TS10   TB10   TS05   TS25   TS60    TR05    TR25    TR60
 KIN2   133     0     56   30.4    7.8    7.8   182    5.1    0.8   10.0    0.00   965.61    20   31.2    6.0   26.4   30.4   26.6   25.9   25.3    1.90    1.53    3.69
 KIN2   133     5     57   30.1    7.6    7.6   181    5.4    0.8    9.6    0.00   965.67    17   31.0    5.6   -995   -995   -995   -995   -995    -995    -995    -995
 KIN2   133    10     58   29.9    6.9    6.9   181    5.0    0.7    8.7    0.00   965.76    15   30.8    5.2   -995   -995   -995   -995   -995    -995    -995    -995
 KIN2   133    15     59   29.7    7.0    6.9   180    5.3    0.7    9.1    0.00   965.86    11   30.6    5.1   26.4   30.2   26.6   26.0   25.3    -995    -995    -995
 KIN2   133    20     60   29.5    7.0    6.9   181    5.0    0.6    8.3    0.00   965.90     7   30.4    5.2   -995   -995   -995   -995   -995    -995    -995    -995
 KIN2   133    25     60   29.4    7.6    7.5   181    4.0    0.5    8.7    0.00   965.90     4   30.3    5.8   -995   -995   -995   -995   -995    -995    -995    -995
 KIN2   133    30     61   29.2    7.2    7.2   181    4.7    0.6    8.5    0.00   965.96     3   30.1    5.4   26.4   30.1   26.5   26.0   25.3    1.91    1.54    3.69
 KIN2   133    35     61   29.1    7.2    7.2   181    5.5    0.7    9.0    0.00   966.01     1   30.1    5.4   -995   -995   -995   -995   -995    -995    -995    -995
 KIN2   133    40     61   29.1    7.4    7.3   180    4.4    0.8    9.3    0.00   966.04     1   30.0    5.8   -995   -995   -995   -995   -995    -995    -995    -995
 KIN2   133    45     60   29.0    7.9    7.8   181    5.3    0.8    9.7    0.00   966.06     0   29.9    6.1   26.4   29.9   26.5   26.0   25.3    -995    -995    -995
 KIN2   133    50     61   28.9    7.5    7.5   182    4.3    0.8    9.4    0.00   966.13     0   29.7    5.6   -995   -995   -995   -995   -995    -995    -995    -995
 KIN2   133    55     62   28.7    7.2    7.2   181    4.7    0.7    9.6    0.00   966.15     0   29.5    5.6   -995   -995   -995   -995   -995    -995    -995    -995
 KIN2   133    60     62   28.6    7.4    7.4   180    4.7    0.7    8.9    0.00   966.17     0   29.5    5.6   26.4   29.7   26.4   26.0   25.3    1.92    1.54    3.69
 KIN2   133    65     62   28.6    7.5    7.5   179    4.9    0.7    9.1    0.00   966.19     0   29.5    5.5   -995   -995   -995   -995   -995    -995    -995    -995
 KIN2   133    70     62   28.5    7.3    7.3   177    4.5    0.7    9.4    0.00   966.22     0   29.4    5.5   -995   -995   -995   -995   -995    -995    -995    -995
 KIN2   133    75     63   28.4    7.0    6.9   176    4.8    0.7    8.9    0.00   966.30     0   29.3    5.2   26.3   29.5   26.3   25.9   25.3    -995    -995    -995
 KIN2   133    80     63   28.3    7.0    7.0   176    4.6    0.9    8.9    0.00   966.38     0   29.2    5.4   -995   -995   -995   -995   -995    -995    -995    -995
 KIN2   133    85     63   28.3    7.1    7.0   174    5.4    0.7    9.1    0.00   966.42     0   29.1    5.5   -995   -995   -995   -995   -995    -995    -995    -995
 KIN2   133    90     63   28.2    7.2    7.2   172    5.2    0.6    8.7    0.00   966.50     0   29.1    5.4   26.3   29.3   26.3   25.9   25.2    1.91    1.54    3.68
 KIN2   133    95     63   28.1    7.0    7.0   172    5.6    0.8    8.8    0.00   966.57     0   28.9    5.6   -995   -995   -995   -995   -995    -995    -995    -995
 KIN2   133   100     64   28.0    7.6    7.5   170    6.4    0.9    9.2    0.00   966.61     0   28.9    5.6   -995   -995   -995   -995   -995    -995    -995    -995
 KIN2   133   105     64   27.9    7.5    7.5   168    5.7    0.9    9.8    0.00   966.63     0   28.8    5.7   26.2   29.1   26.2   25.9   25.2    -995    -995    -995
 KIN2   133   110     64   27.9    7.9    7.8   168    6.1    0.8   10.2    0.00   966.71     0   28.8    5.8   -995   -995   -995   -995   -995    -995    -995    -995
 KIN2   133   115     64   28.0    8.3    8.2   171    6.2    0.9   10.9    0.00   966.78     0   28.8    6.6   -995   -995   -995   -995   -995    -995    -995    -995
 KIN2   133   120     64   27.9    8.3    8.2   169    5.6    1.0   11.3    0.00   966.86     0   28.7    6.3   26.2   28.9   26.1   25.9   25.2    1.92    1.54    3.70
 KIN2   133   125     64   27.8    8.2    8.1   169    5.9    1.0   10.6    0.00   966.94     0   28.6    6.5   -995   -995   -995   -995   -995    -995    -995    -995
 KIN2   133   130     65   27.6    7.8    7.8   167    5.7    0.8    9.7    0.00   966.99     0   28.4    5.8   -995   -995   -995   -995   -995    -995    -995    -995
 KIN2   133   135     65   27.6    7.6    7.5   166    8.2    0.6    9.4    0.00   967.02     0   28.3    5.9   26.2   28.7   26.1   25.9   25.2    -995    -995    -995
 KIN2   133   140     65   27.6    8.2    8.2   166    6.8    1.4   11.8    0.00   967.06     0   28.3    6.5   -995   -995   -995   -995   -995    -995    -995    -995
 KIN2   133   145     65   27.5    8.6    8.5   168    6.0    1.1   10.5    0.00   967.09     0   28.3    6.8   -995   -995   -995   -995   -995    -995    -995    -995
 KIN2   133   150     65   27.5    8.6    8.6   167    5.3    0.9   10.9    0.00   967.11     0   28.2    6.7   26.1   28.5   26.0   25.9   25.2    1.93    1.54    3.69
 KIN2   133   155     66   27.4    8.1    8.1   168    5.3    0.7   10.2    0.00   967.14     0   28.1    6.5   -995   -995   -995   -995   -995    -995    -995    -995
 KIN2   133   160     66   27.2    7.9    7.8   167    6.3    1.0   10.0    0.00   967.14     0   28.0    6.0   -995   -995   -995   -995   -995    -995    -995    -995
 KIN2   133   165     65   27.3    9.0    9.0   166    5.7    1.2   12.1    0.00   967.10     0   28.1    7.0   26.1   28.4   26.0   25.9   25.2    -995    -995    -995
 KIN2   133   170     66   27.2    8.6    8.5   168    5.5    1.0   10.9    0.00   967.08     0   27.9    6.7   -995   -995   -995   -995   -995    -995    -995    -995
 KIN2   133   175     65   27.2    9.0    8.9   168    5.9    0.9   10.6    0.00   967.07     0   27.9    7.1   -995   -995   -995   -995   -995    -995    -995    -995
 KIN2   133   180     64   27.2    9.1    9.0   167    6.7    1.2   12.0    0.00   967.06     0   27.9    6.9   26.1   28.2   26.0   25.9   25.2    1.94    1.55    3.70
 KIN2   133   185     64   27.1    9.0    9.0   169    5.5    0.9   10.9    0.00   967.08     0   27.9    7.0   -995   -995   -995   -995   -995    -995    -995    -995
 KIN2   133   190     63   27.1    9.5    9.4   170    5.6    1.1   12.4    0.00   967.10     0   27.9    7.4   -995   -995   -995   -995   -995    -995    -995    -995
 KIN2   133   195     63   27.0    9.1    9.1   169    5.7    1.3   12.2    0.00   967.15     0   27.8    7.0   26.0   28.1   25.9   25.9   25.2    -995    -995    -995
 KIN2   133   200     63   26.9    9.0    8.9   171    6.6    0.9   11.3    0.00   967.17     0   27.6    7.0   -995   -995   -995   -995   -995    -995    -995    -995
 KIN2   133   205     62   26.8    9.4    9.4   171    5.3    1.2   12.8    0.00   967.22     0   27.6    7.3   -995   -995   -995   -995   -995    -995    -995    -995
 KIN2   133   210     62   26.8    9.0    8.9   172    6.4    1.1   11.7    0.00   967.25     0   27.5    7.0   26.0   27.9   25.9   25.9   25.2    1.93    1.54    3.69
 KIN2   133   215     61   26.7    8.8    8.8   172    4.8    1.0   11.5    0.00   967.28     0   27.5    6.9   -995   -995   -995   -995   -995    -995    -995    -995
 KIN2   133   220     61   26.7    9.1    9.1   172    5.3    0.9   11.6    0.00   967.29     0   27.5    7.3   -995   -995   -995   -995   -995    -995    -995    -995
 KIN2   133   225     60   26.7    8.6    8.6   174    4.9    1.3   12.0    0.00   967.27     0   27.4    7.0   26.0   27.8   25.8   25.9   25.2    -995    -995    -995
 KIN2   133   230     61   26.5    8.6    8.6   176    5.2    1.1   10.9    0.00   967.27     0   27.2    6.9   -995   -995   -995   -995   -995    -995    -995    -995
 KIN2   133   235     60   26.5    9.1    9.1   175    5.8    1.1   11.8    0.00   967.30     0   27.3    7.3   -995   -995   -995   -995   -995    -995    -995    -995
 KIN2   133   240     60   26.4    9.2    9.1   176    5.1    1.0   11.7    0.00   967.33     0   27.2    7.3   26.0   27.6   25.8   25.9   25.2    1.94    1.54    3.69
 KIN2   133   245     59   26.4    9.2    9.2   177    5.3    1.1   11.8    0.00   967.38     0   27.1    7.3   -995   -995   -995   -995   -995    -995    -995    -995
 KIN2   133   250     60   26.2    8.5    8.4   177    5.3    0.9   10.7    0.00   967.39     0   27.0    6.6   -995   -995   -995   -995   -995    -995    -995    -995
 KIN2   133   255     60   26.2    9.0    8.9   177    5.5    1.0   12.6    0.00   967.38     0   27.0    7.1   25.9   27.5   25.7   25.9   25.2    -995    -995    -995
 KIN2   133   260     59   26.1    8.7    8.7   178    5.3    1.0   11.5    0.00   967.43     0   26.9    6.7   -995   -995   -995   -995   -995    -995    -995    -995
 KIN2   133   265     59   26.1    9.1    9.1   178    5.3    1.0   12.1    0.00   967.43     0   26.9    7.1   -995   -995   -995   -995   -995    -995    -995    -995
 KIN2   133   270     59   26.1    9.1    9.1   177    5.2    1.0   11.1    0.00   967.45     0   26.8    7.1   25.9   27.4   25.7   25.9   25.2    1.94    1.53    3.69
 KIN2   133   275     59   25.9    8.9    8.9   178    5.1    0.9   11.0    0.00   967.49     0   26.7    7.0   -995   -995   -995   -995   -995    -995    -995    -995
 KIN2   133   280     59   25.9    8.7    8.7   178    6.1    1.0   11.4    0.00   967.54     0   26.6    7.0   -995   -995   -995   -995   -995    -995    -995    -995
 KIN2   133   285     60   25.7    8.5    8.4   179    5.7    0.8   11.0    0.00   967.60     0   26.5    6.6   25.9   27.2   25.6   25.9   25.2    -995    -995    -995
 KIN2   133   290     60   25.6    8.5    8.4   180    5.7    1.0   10.6    0.00   967.61     0   26.4    6.7   -995   -995   -995   -995   -995    -995    -995    -995
 KIN2   133   295     60   25.5    8.2    8.2   181    4.7    0.9   10.6    0.00   967.63     0   26.3    6.4   -995   -995   -995   -995   -995    -995    -995    -995
 KIN2   133   300     60   25.5    8.4    8.4   181    3.9    1.0   10.8    0.00   967.67     0   26.2    6.6   25.8   27.1   25.6   25.9   25.2    1.95    1.55    3.69
 KIN2   133   305     61   25.3    8.2    8.1   182    4.9    0.8   10.1    0.00   967.71     0   26.1    6.2   -995   -995   -995   -995   -995    -995    -995    -995
 KIN2   133   310     61   25.2    8.1    8.1   180    5.2    0.8   10.5    0.00   967.75     0   26.1    6.2   -995   -995   -995   -995   -995    -995    -995    -995
 KIN2   133   315     61   25.1    7.7    7.6   181    5.0    0.8    9.7    0.00   967.79     0   25.9    5.8   25.8   26.9   25.5   25.8   25.2    -995    -995    -995
 KIN2   133   320     61   25.1    7.9    7.8   182    4.2    0.9   10.1    0.00   967.77     0   25.9    6.0   -995   -995   -995   -995   -995    -995    -995    -995
 KIN2   133   325     62   24.9    7.2    7.2   181    5.3    0.8    9.3    0.00   967.78     0   25.7    5.5   -995   -995   -995   -995   -995    -995    -995    -995
 KIN2   133   330     62   25.0    8.0    8.0   183    5.1    0.8   10.4    0.00   967.79     0   25.8    6.1   25.8   26.8   25.5   25.8   25.2    1.95    1.55    3.69
 KIN2   133   335     62   24.9    7.8    7.8   182    5.3    0.7    9.9    0.00   967.77     0   25.6    6.1   -995   -995   -995   -995   -995    -995    -995    -995
 KIN2   133   340     63   24.8    7.9    7.9   182    5.1    0.9   10.1    0.00   967.73     0   25.5    6.1   -995   -995   -995   -995   -995    -995    -995    -995
 KIN2   133   345     64   24.7    7.8    7.8   182    4.9    0.7   10.0    0.00   967.78     0   25.4    6.0   25.7   26.7   25.4   25.8   25.2    -995    -995    -995
 KIN2   133   350     64   24.7    7.9    7.8   184    4.0    0.7    9.4    0.00   967.84     0   25.4    6.1   -995   -995   -995   -995   -995    -995    -995    -995
 KIN2   133   355     65   24.6    7.7    7.6   185    5.0    0.7    9.2    0.00   967.87     0   25.3    5.8   -995   -995   -995   -995   -995    -995    -995    -995
 KIN2   133   360     65   24.6    7.8    7.8   186    4.5    0.9   10.6    0.00   967.88     0   25.3    6.0   25.7   26.5   25.4   25.8   25.2    1.96    1.55    3.69
 KIN2   133   365     65   24.6    7.5    7.5   186    5.0    0.7    9.4    0.00   967.88     0   25.3    5.7   -995   -995   -995   -995   -995    -995    -995    -995
 KIN2   133   370     66   24.5    7.6    7.5   184    5.4    0.7    9.8    0.00   967.87     0   25.3    5.8   -995   -995   -995   -995   -995    -995    -995    -995
 KIN2   133   375     66   24.6    7.5    7.5   186    5.0    0.8    9.9    0.00   967.91     0   25.3    6.0   25.7   26.4   25.4   25.8   25.2    -995    -995    -995
 KIN2   133   380     66   24.5    7.3    7.3   186    5.4    0.7    9.1    0.00   967.96     0   25.2    5.7   -995   -995   -995   -995   -995    -995    -995    -995
 KIN2   133   385     66   24.5    7.4    7.4   188    6.5    0.7    8.9    0.00   967.98     0   25.2    5.7   -995   -995   -995   -995   -995    -995    -995    -995
 KIN2   133   390     67   24.5    7.0    7.0   188    4.9    0.7    8.8    0.00   968.04     0   25.2    5.3   25.6   26.3   25.3   25.8   25.2    1.95    1.55    3.68
 KIN2   133   395     67   24.4    6.8    6.8   190    6.0    0.7    8.6    0.00   968.14     0   25.1    5.1   -995   -995   -995   -995   -995    -995    -995    -995
 KIN2   133   400     68   24.3    6.6    6.6   189    4.6    0.7    8.4    0.00   968.20     0   25.0    5.0   -995   -995   -995   -995   -995    -995    -995    -995
 KIN2   133   405     68   24.2    6.4    6.4   188    5.0    0.6    8.0    0.00   968.24     0   25.0    4.9   25.6   26.2   25.3   25.8   25.2    -995    -995    -995
 KIN2   133   410     69   24.2    6.8    6.8   186    5.6    0.8    8.8    0.00   968.26     0   25.0    5.2   -995   -995   -995   -995   -995    -995    -995    -995
 KIN2   133   415     68   24.4    7.2    7.1   186    4.7    0.7    8.9    0.00   968.23     0   25.0    5.5   -995   -995   -995   -995   -995    -995    -995    -995
 KIN2   133   420     69   24.3    6.9    6.9   186    4.9    0.8    8.6    0.00   968.26     0   25.0    5.4   25.6   26.1   25.2   25.8   25.2    1.96    1.55    3.69
 KIN2   133   425     69   24.3    7.0    7.0   186    5.5    0.6    8.3    0.00   968.33     0   25.0    5.6   -995   -995   -995   -995   -995    -995    -995    -995
 KIN2   133   430     69   24.3    7.3    7.2   186    4.9    0.6    8.6    0.00   968.37     0   25.0    5.7   -995   -995   -995   -995   -995    -995    -995    -995
 KIN2   133   435     69   24.3    6.9    6.9   187    5.8    0.7    8.7    0.00   968.39     0   24.9    5.3   25.5   26.0   25.2   25.7   25.2    -995    -995    -995
 KIN2   133   440     69   24.4    7.0    7.0   187    5.3    0.8    9.1    0.00   968.42     0   25.0    5.6   -995   -995   -995   -995   -995    -995    -995    -995
 KIN2   133   445     70   24.3    6.9    6.9   186    5.4    0.7    8.7    0.00   968.49     0   25.0    5.4   -995   -995   -995   -995   -995    -995    -995    -995
 KIN2   133   450     70   24.3    6.7    6.6   186    5.5    0.7    8.1    0.00   968.56     0   24.9    5.1   25.5   25.8   25.2   25.7   25.2    1.96    1.54    3.69
 KIN2   133   455     71   24.3    6.5    6.5   187    5.7    0.6    7.9    0.00   968.64     0   24.9    5.2   -995   -995   -995   -995   -995    -995    -995    -995
 KIN2   133   460     71   24.2    6.5    6.5   188    5.8    0.7    8.2    0.00   968.66     0   24.9    5.0   -995   -995   -995   -995   -995    -995    -995    -995
 KIN2   133   465     72   24.1    6.2    6.2   189    5.8    0.6    7.8    0.00   968.66     0   24.8    4.7   25.5   25.8   25.1   25.7   25.2    -995    -995    -995
 KIN2   133   470     72   24.1    6.3    6.3   190    6.3    0.7    7.7    0.00   968.67     0   24.7    4.6   -995   -995   -995   -995   -995    -995    -995    -995
 KIN2   133   475     72   24.1    6.5    6.5   192    4.8    0.6    7.7    0.00   968.69     0   24.7    4.9   -995   -995   -995   -995   -995    -995    -995    -995
 KIN2   133   480     73   24.0    6.2    6.2   192    5.5    0.6    7.5    0.00   968.72     0   24.6    4.7   25.4   25.7   25.1   25.7   25.2    1.97    1.54    3.69
 KIN2   133   485     72   24.2    7.0    7.0   193    4.9    0.6    8.6    0.00   968.73     0   24.8    5.5   -995   -995   -995   -995   -995    -995    -995    -995
 KIN2   133   490     73   24.2    6.7    6.7   193    5.7    0.6    8.2    0.00   968.74     0   24.8    5.1   -995   -995   -995   -995   -995    -995    -995    -995
 KIN2   133   495     73   24.2    7.4    7.4   190    5.1    0.7    8.9    0.00   968.71     0   24.9    5.6   25.4   25.6   25.1   25.7   25.2    -995    -995    -995
 KIN2   133   500     73   24.3    7.5    7.5   189    5.6    0.7    9.5    0.00   968.66     0   24.9    5.8   -995   -995   -995   -995   -995    -995    -995    -995
 KIN2   133   505     73   24.3    7.6    7.5   189    6.1    0.9    9.6    0.00   968.59     0   24.9    5.8   -995   -995   -995   -995   -995    -995    -995    -995
 KIN2   133   510     73   24.3    7.8    7.8   190    5.4    0.7    9.7    0.00   968.55     0   24.9    6.0   25.4   25.5   25.1   25.6   25.2    1.96    1.54    3.68
 KIN2   133   515     73   24.3    7.9    7.9   190    5.0    0.7    9.5    0.00   968.57     0   24.9    6.1   -995   -995   -995   -995   -995    -995    -995    -995
 KIN2   133   520     74   24.3    7.4    7.4   189    5.4    1.0   10.0    0.00   968.63     0   24.8    5.9   -995   -995   -995   -995   -995    -995    -995    -995
 KIN2   133   525     74   24.2    7.1    7.0   189    5.8    0.9    9.6    0.00   968.62     0   24.7    5.6   25.4   25.4   25.0   25.6   25.2    -995    -995    -995
 KIN2   133   530     75   24.1    6.9    6.9   186    4.9    0.7    8.4    0.00   968.62     0   24.6    5.3   -995   -995   -995   -995   -995    -995    -995    -995
 KIN2   133   535     75   24.0    6.9    6.9   184    6.0    0.8    8.9    0.00   968.60     0   24.6    5.3   -995   -995   -995   -995   -995    -995    -995    -995
 KIN2   133   540     76   24.0    6.8    6.8   184    5.1    0.6    8.4    0.00   968.61     0   24.5    5.3   25.3   25.3   25.0   25.6   25.2    1.98    1.55    3.69
 KIN2   133   545     76   23.9    6.7    6.7   185    4.8    0.7    8.5    0.00   968.61     0   24.4    5.2   -995   -995   -995   -995   -995    -995    -995    -995
 KIN2   133   550     77   23.9    7.1    7.1   185    5.3    0.7    8.5    0.00   968.58     0   24.4    5.6   -995   -995   -995   -995   -995    -995    -995    -995
 KIN2   133   555     77   23.8    7.0    7.0   184    4.8    0.8    9.0    0.00   968.58     0   24.3    5.4   25.3   25.3   25.0   25.6   25.2    -995    -995    -995
 KIN2   133   560     77   23.9    7.4    7.3   185    5.4    0.7    9.8    0.00   968.54     0   24.4    5.8   -995   -995   -995   -995   -995    -995    -995    -995
 KIN2   133   565     78   23.9    7.8    7.7   187    5.2    0.7    9.2    0.00   968.51     0   24.4    5.9   -995   -995   -995   -995   -995    -995    -995    -995
 KIN2   133   570     78   24.0    7.8    7.7   185    5.1    0.8    9.9    0.00   968.48     0   24.4    6.2   25.3   25.2   25.0   25.6   25.2    1.97    1.54    3.69
 KIN2   133   575     79   23.9    7.6    7.6   185    5.0    1.0   10.3    0.00   968.46     0   24.4    5.8   -995   -995   -995   -995   -995    -995    -995    -995
 KIN2   133   580     79   23.9    7.6    7.6   185    4.9    0.9    9.3    0.00   968.51     0   24.4    5.8   -995   -995   -995   -995   -995    -995    -995    -995
 KIN2   133   585     79   23.9    7.8    7.8   184    4.4    0.7    9.2    0.00   968.54     0   24.4    6.0   25.3   25.2   25.0   25.6   25.2    -995    -995    -995
 KIN2   133   590     80   24.0    7.8    7.8   186    5.8    0.9    9.5    0.00   968.58     0   24.4    6.2   -995   -995   -995   -995   -995    -995    -995    -995
 KIN2   133   595     80   24.0    7.7    7.6   186    6.3    0.8    9.3    0.00   968.60     0   24.4    6.1   -995   -995   -995   -995   -995    -995    -995    -995
 KIN2   133   600     80   23.9    7.7    7.7   186    5.2    0.9    9.4    0.00   968.68     0   24.4    6.2   25.2   25.1   25.0   25.6   25.2    1.97    1.55    3.69
 KIN2   133   605     81   23.9    7.1    7.1   187    5.2    0.8    9.2    0.00   968.80     0   24.3    5.6   -995   -995   -995   -995   -995    -995    -995    -995
 KIN2   133   610     81   23.9    7.0    6.9   188    6.0    0.7    8.5    0.00   968.94     0   24.3    5.3   -995   -995   -995   -995   -995    -995    -995    -995
 KIN2   133   615     81   23.9    7.0    7.0   189    6.1    1.0    9.1    0.00   969.02     0   24.4    5.4   25.2   25.0   25.0   25.5   25.2    -995    -995    -995
 KIN2   133   620     81   24.0    7.1    7.0   189    6.0    0.8    9.0    0.00   969.10     0   24.4    5.6   -995   -995   -995   -995   -995    -995    -995    -995
 KIN2   133   625     82   23.9    6.8    6.8   191    6.8    1.1    9.8    0.00   969.21     0   24.3    5.4   -995   -995   -995   -995   -995    -995    -995    -995
 KIN2   133   630     82   23.9    7.0    7.0   192    6.0    0.8    8.9    0.00   969.33     0   24.4    5.5   25.2   25.0   25.0   25.5   25.2    1.97    1.54    3.68
 KIN2   133   635     82   23.9    7.2    7.2   192    5.9    0.7    8.8    0.00   969.41     0   24.4    5.8   -995   -995   -995   -995   -995    -995    -995    -995
 KIN2   133   640     82   23.9    7.3    7.3   190    6.7    0.6    9.2    0.00   969.49     0   24.4    5.8   -995   -995   -995   -995   -995    -995    -995    -995
 KIN2   133   645     82   23.9    7.2    7.2   192    5.5    0.7    8.8    0.00   969.56     0   24.3    5.6   25.2   24.9   25.0   25.5   25.2    -995    -995    -995
 KIN2   133   650     82   23.9    7.3    7.3   190    6.2    0.9    9.6    0.00   969.60     0   24.3    5.9   -995   -995   -995   -995   -995    -995    -995    -995
 KIN2   133   655     83   23.9    7.2    7.1   189    6.1    0.9    9.4    0.00   969.64     0   24.3    5.7   -995   -995   -995   -995   -995    -995    -995    -995
 KIN2   133   660     83   23.9    7.6    7.6   191    5.2    0.9    9.3    0.00   969.70     0   24.4    6.0   25.2   24.9   25.0   25.5   25.2    1.98    1.55    3.69
 KIN2   133   665     83   24.0    7.5    7.5   194    5.4    0.9   10.0    0.00   969.75     0   24.4    5.8   -995   -995   -995   -995   -995    -995    -995    -995
 KIN2   133   670     83   23.9    7.4    7.4   192    6.2    0.8    9.4    0.00   969.84     0   24.3    5.9   -995   -995   -995   -995   -995    -995    -995    -995
 KIN2   133   675     83   23.9    8.2    8.2   194    5.9    0.9    9.8    0.00   969.94     0   24.3    6.4   25.2   24.8   24.9   25.5   25.2    -995    -995    -995
 KIN2   133   680     84   23.9    7.8    7.8   192    4.8    0.7    9.6    0.00   970.02     0   24.3    6.0   -995   -995   -995   -995   -995    -995    -995    -995
 KIN2   133   685     84   23.9    7.9    7.9   191    6.0    0.9   10.1    0.00   970.07     0   24.3    6.3   -995   -995   -995   -995   -995    -995    -995    -995
 KIN2   133   690     84   23.8    7.5    7.4   189    6.3    0.8    9.6    0.00   970.12     0   24.2    5.8   25.2   24.8   24.9   25.5   25.2    1.99    1.55    3.69
 KIN2   133   695     85   23.8    7.7    7.7   192    4.9    0.9    9.7    0.00   970.23     0   24.2    5.9   -995   -995   -995   -995   -995    -995    -995    -995
 KIN2   133   700     85   23.8    7.3    7.3   194    5.6    0.8    9.4    0.00   970.33     0   24.2    5.6   -995   -995   -995   -995   -995    -995    -995    -995
 KIN2   133   705     85   23.8    7.3    7.3   191    5.2    0.7    9.2    0.00   970.30     0   24.2    5.8   25.1   24.8   24.9   25.5   25.2    -995    -995    -995
 KIN2   133   710     85   23.8    7.4    7.4   190    5.3    0.8    9.5    0.00   970.44     0   24.2    5.9   -995   -995   -995   -995   -995    -995    -995    -995
 KIN2   133   715     85   23.8    7.3    7.3   190    6.1    0.8    9.4    0.00   970.46     0   24.2    5.8   -995   -995   -995   -995   -995    -995    -995    -995
 KIN2   133   720     85   23.8    7.7    7.6   191    6.2    0.8    9.9    0.00   970.52     0   24.2    6.1   25.1   24.7   24.9   25.5   25.2    1.98    1.55    3.69
 KIN2   133   725     85   23.8    7.2    7.2   192    5.9    0.8    9.1    0.00   970.69     0   24.2    5.7   -995   -995   -995   -995   -995    -995    -995    -995
 KIN2   133   730     86   23.8    7.9    7.8   190    5.1    0.9   10.1    0.00   970.73     0   24.2    6.0   -995   -995   -995   -995   -995    -995    -995    -995
 KIN2   133   735     86   23.8    7.2    7.2   190    5.4    1.1    9.7    0.00   970.81     1   24.2    5.6   25.1   24.7   24.9   25.5   25.2    -995    -995    -995
 KIN2   133   740     86   23.7    7.3    7.3   190    5.1    0.7    9.1    0.00   970.90     3   24.1    5.7   -995   -995   -995   -995   -995    -995    -995    -995
 KIN2   133   745     86   23.8    7.5    7.5   190    5.3    0.9    9.6    0.00   970.97     5   24.2    5.7   -995   -995   -995   -995   -995    -995    -995    -995
 KIN2   133   750     86   23.8    7.2    7.2   192    5.3    0.8    9.2    0.00   971.02     4   24.1    5.7   25.1   24.6   24.9   25.4   25.2    1.99    1.55    3.70
 KIN2   133   755     86   23.8    6.4    6.3   191    6.1    0.7    8.3    0.00   971.17     4   24.1    4.9   -995   -995   -995   -995   -995    -995    -995    -995
 KIN2   133   760     86   23.8    6.2    6.1   190    5.4    0.8    7.8    0.00   971.31     7   24.2    4.9   -995   -995   -995   -995   -995    -995    -995    -995
 KIN2   133   765     86   23.8    5.5    5.4   190    5.7    0.7    7.0    0.00   971.51    11   24.2    4.2   25.1   24.6   24.9   25.4   25.2    -995    -995    -995
 KIN2   133   770     86   23.9    5.1    5.1   190    7.1    0.7    6.5    0.00   971.70    15   24.2    4.0   -995   -995   -995   -995   -995    -995    -995    -995
 KIN2   133   775     85   24.0    4.7    4.7   189    8.0    0.8    6.5    0.00   971.88    20   24.3    3.8   -995   -995   -995   -995   -995    -995    -995    -995
 KIN2   133   780     85   24.0    3.7    3.6   203    8.2    0.6    5.9    0.00   972.20    29   24.3    2.8   25.1   24.6   24.9   25.4   25.1    1.99    1.55    3.69
 KIN2   133   785     85   24.1    2.9    2.8   210    8.3    0.5    4.3    0.00   972.44    39   24.3    2.2   -995   -995   -995   -995   -995    -995    -995    -995
 KIN2   133   790     85   24.1    3.2    3.2   205    7.5    0.6    4.7    0.00   972.47    47   24.4    2.5   -995   -995   -995   -995   -995    -995    -995    -995
 KIN2   133   795     85   24.1    4.0    4.0   199    7.8    0.7    5.6    0.00   972.46    72   24.4    3.1   25.1   24.6   24.9   25.4   25.1    -995    -995    -995
 KIN2   133   800     85   24.3    5.0    5.0   195    5.5    0.7    6.4    0.00   972.50   112   24.5    4.0   -995   -995   -995   -995   -995    -995    -995    -995
 KIN2   133   805     84   24.5    6.2    6.2   197    5.8    0.6    7.8    0.00   972.52   109   24.6    4.9   -995   -995   -995   -995   -995    -995    -995    -995
 KIN2   133   810     83   24.7    6.4    6.3   200    6.9    0.9    8.3    0.00   972.66   147   24.8    5.0   25.0   24.5   24.9   25.4   25.1    2.00    1.56    3.69
 KIN2   133   815     82   24.8    6.7    6.6   202    7.4    0.8    8.8    0.00   972.72   147   24.9    5.4   -995   -995   -995   -995   -995    -995    -995    -995
 KIN2   133   820     81   25.0    7.1    7.0   204    5.5    0.9    8.7    0.00   972.74   178   25.1    5.7   -995   -995   -995   -995   -995    -995    -995    -995
 KIN2   133   825     80   25.4    6.4    6.3   208    6.5    0.8    8.7    0.00   972.74   261   25.3    4.9   25.0   24.5   24.9   25.3   25.1    -995    -995    -995
 KIN2   133   830     77   25.8    6.7    6.6   212    6.9    0.9    8.5    0.00   972.73   279   25.6    5.4   -995   -995   -995   -995   -995    -995    -995    -995
 KIN2   133   835     75   26.0    8.5    8.4   209    6.1    1.0   11.2    0.00   972.67   300   25.8    6.7   -995   -995   -995   -995   -995    -995    -995    -995
 KIN2   133   840     75   26.2    7.7    7.6   208    6.0    1.2   10.4    0.00   972.66   272   25.9    6.0   24.9   24.4   24.9   25.3   25.0    1.99    1.56    3.69
 KIN2   133   845     74   26.0    7.8    7.8   208    6.1    0.7    9.5    0.00   972.84   167   25.9    6.2   -995   -995   -995   -995   -995    -995    -995    -995
 KIN2   133   850     74   26.0    6.0    5.9   214    6.5    0.8    7.8    0.00   972.93   240   25.9    4.8   -995   -995   -995   -995   -995    -995    -995    -995
 KIN2   133   855     72   26.3    6.9    6.9   213    7.3    0.9    8.9    0.00   972.96   272   26.1    5.5   25.0   24.5   24.9   25.2   25.0    -995    -995    -995
 KIN2   133   860     71   26.4    6.9    6.8   217    7.6    0.8    8.5    0.00   972.89   228   26.2    5.5   -995   -995   -995   -995   -995    -995    -995    -995
 KIN2   133   865     70   26.4    7.9    7.8   216    7.1    1.1   11.1    0.00   972.79   243   26.2    6.0   -995   -995   -995   -995   -995    -995    -995    -995
 KIN2   133   870     69   26.6    8.2    8.1   219    7.0    1.0   10.6    0.00   972.83   335   26.4    6.2   25.0   24.6   25.0   25.3   25.0    2.00    1.55    3.69
 KIN2   133   875     67   26.9    7.6    7.5   224    8.2    1.1   10.4    0.00   972.96   298   26.6    5.5   -995   -995   -995   -995   -995    -995    -995    -995
 KIN2   133   880     65   26.8    7.6    7.5   224    6.3    1.1   10.0    0.00   973.00   257   26.6    5.6   -995   -995   -995   -995   -995    -995    -995    -995
 KIN2   133   885     65   27.0    7.5    7.4   222    7.1    1.0    9.8    0.00   973.05   362   26.7    5.9   25.0   24.6   25.0   25.2   25.0    -995    -995    -995
 KIN2   133   890     64   27.1    6.5    6.5   224    7.2    1.0    8.7    0.00   973.30   338   26.8    4.9   -995   -995   -995   -995   -995    -995    -995    -995
 KIN2   133   895     63   27.0    5.4    5.3   229   12.9    1.0    7.9    0.00   973.50   206   26.9    3.8   -995   -995   -995   -995   -995    -995    -995    -995
 KIN2   133   900     63   26.8    5.6    5.5   228    9.8    0.9    7.7    0.00   973.60   177   26.8    4.0   25.0   24.7   25.1   25.3   25.0    2.00    1.56    3.69
 KIN2   133   905     63   26.7    4.7    4.6   231    9.7    0.7    6.3    0.00   973.64   179   26.7    3.2   -995   -995   -995   -995   -995    -995    -995    -995
 KIN2   133   910     62   26.8    5.0    4.9   236   12.2    1.1    8.8    0.00   973.60   190   26.8    3.6   -995   -995   -995   -995   -995    -995    -995    -995
 KIN2   133   915     58   27.0    4.9    4.8   238   12.2    0.9    7.6    0.00   973.58   207   27.0    3.4   25.1   24.9   25.1   25.3   25.1    -995    -995    -995
 KIN2   133   920     56   27.1    4.8    4.7   244   13.8    0.9    6.8    0.00   973.74   226   27.1    3.2   -995   -995   -995   -995   -995    -995    -995    -995
 KIN2   133   925     55   27.2    4.1    4.0   248   13.2    0.9    6.3    0.00   973.92   241   27.2    2.8   -995   -995   -995   -995   -995    -995    -995    -995
 KIN2   133   930     54   27.4    4.4    4.3   251   13.7    1.0    7.1    0.00   974.03   273   27.3    3.0   25.1   25.0   25.2   25.3   25.1    2.00    1.55    3.68
 KIN2   133   935     51   27.6    4.7    4.6   251   13.4    1.1    7.6    0.00   974.02   314   27.5    3.1   -995   -995   -995   -995   -995    -995    -995    -995
 KIN2   133   940     50   27.7    4.5    4.3   243   14.2    0.9    6.1    0.00   974.03   315   27.7    3.1   -995   -995   -995   -995   -995    -995    -995    -995
 KIN2   133   945     50   27.8    4.7    4.6   241   13.4    0.9    7.3    0.00   974.02   295   27.7    3.1   25.1   25.1   25.2   25.3   25.1    -995    -995    -995
 KIN2   133   950     49   27.7    4.6    4.5   237   12.6    0.9    6.5    0.00   973.98   258   27.7    3.2   -995   -995   -995   -995   -995    -995    -995    -995
 KIN2   133   955     51   27.6    3.1    3.0   256   15.3    0.8    5.0    0.00   974.04   249   27.6    2.1   -995   -995   -995   -995   -995    -995    -995    -995
 KIN2   133   960     50   27.7    3.6    3.5   258   12.4    0.9    6.1    0.00   974.07   267   27.6    2.3   25.1   25.2   25.2   25.3   25.1    2.01    1.56    3.68
 KIN2   133   965     51   27.8    2.5    2.5   264   13.2    0.6    4.0    0.00   974.04   296   27.7    1.7   -995   -995   -995   -995   -995    -995    -995    -995
 KIN2   133   970     51   28.0    2.8    2.7   255   14.5    0.8    4.5    0.00   974.03   305   27.8    1.9   -995   -995   -995   -995   -995    -995    -995    -995
 KIN2   133   975     50   28.0    3.1    3.0   246   13.0    0.8    4.8    0.00   974.19   310   27.9    2.1   25.1   25.3   25.3   25.3   25.1    -995    -995    -995
 KIN2   133   980     50   28.1    2.7    2.6   250   13.5    0.5    3.5    0.00   974.38   294   28.0    1.8   -995   -995   -995   -995   -995    -995    -995    -995
 KIN2   133   985     51   28.2    2.2    2.1   291   17.2    0.5    3.4    0.00   974.37   377   28.0    1.4   -995   -995   -995   -995   -995    -995    -995    -995
 KIN2   133   990     51   28.3    2.3    2.2   298   13.3    0.7    4.0    0.00   974.21   435   28.1    1.7   25.1   25.4   25.3   25.3   25.1    2.01    1.56    3.69
 KIN2   133   995     52   28.5    2.3    2.2   291   13.8    0.5    3.2    0.00   974.05   397   28.2    1.6   -995   -995   -995   -995   -995    -995    -995    -995
 KIN2   133  1000     50   28.2    1.5    1.5   286   17.7    0.5    3.0    0.00   974.12   395   28.1    0.9   -995   -995   -995   -995   -995    -995    -995    -995
 KIN2   133  1005     50   28.4    1.0    1.0   269   22.4    0.5    1.8    0.00   974.17   403   28.2    0.6   25.1   25.5   25.4   25.2   25.0    -995    -995    -995
 KIN2   133  1010     50   28.4    1.4    1.2   281   27.6    0.3    1.8    0.00   974.29   408   28.3    0.7   -995   -995   -995   -995   -995    -995    -995    -995
 KIN2   133  1015     51   28.5    1.1    1.0   312   13.1    0.4    1.7    0.00   974.33   510   28.3    0.7   -995   -995   -995   -995   -995    -995    -995    -995
 KIN2   133  1020     50   28.9    0.3    0.1   253   63.6    0.2    0.9    0.00   974.44   585   28.9    0.1   25.1   25.6   25.4   25.2   25.0    2.01    1.57    3.69
 KIN2   133  1025     50   28.8    0.5    0.4    99   27.5    0.3    0.9    0.00   974.52   361   28.6    0.1   -995   -995   -995   -995   -995    -995    -995    -995
 KIN2   133  1030     50   28.6    0.6    0.4   281   43.3    0.5    1.9    0.00   974.49   355   28.8    0.3   -995   -995   -995   -995   -995    -995    -995    -995
 KIN2   133  1035     50   28.6    0.5    0.4   357   38.1    0.2    0.8    0.00   974.51   282   28.6    0.0   25.1   25.9   25.5   25.2   25.0    -995    -995    -995
 KIN2   133  1040     51   28.5    0.7    0.6     1   20.8    0.7    2.2    0.00   974.56   253   28.6    0.3   -995   -995   -995   -995   -995    -995    -995    -995
 KIN2   133  1045     52   28.2    2.1    2.0   323   18.6    0.5    3.0    0.00   974.64   306   28.0    1.5   -995   -995   -995   -995   -995    -995    -995    -995
 KIN2   133  1050     55   27.8    3.5    3.4   307   12.4    0.7    5.5    0.00   975.09   248   27.6    2.5   25.2   26.2   25.6   25.3   25.0    2.02    1.57    3.69
 KIN2   133  1055     56   27.3    3.9    3.8   320   14.4    1.1    7.4    0.00   975.23   189   27.2    3.1   -995   -995   -995   -995   -995    -995    -995    -995
 KIN2   133  1060     58   26.8    4.5    4.3   329   16.4    1.0    7.3    0.00   975.15   219   26.7    3.5   -995   -995   -995   -995   -995    -995    -995    -995
 KIN2   133  1065     59   26.6    4.7    4.6   322   12.6    1.3    7.7    0.00   975.08   287   26.4    3.5   25.4   26.5   25.7   25.4   25.1    -995    -995    -995
 KIN2   133  1070     60   26.4    4.0    3.8   323   16.6    1.1    6.7    0.00   975.12   227   26.3    3.2   -995   -995   -995   -995   -995    -995    -995    -995
 KIN2   133  1075     61   26.1    4.5    4.4   316   10.2    0.9    6.5    0.00   975.20   222   26.0    3.6   -995   -995   -995   -995   -995    -995    -995    -995
 KIN2   133  1080     61   26.2    4.3    4.1   339   15.5    0.9    6.2    0.00   975.04   299   26.0    3.4   25.5   26.8   25.8   25.5   25.3    2.02    1.57    3.69
 KIN2   133  1085     61   26.4    3.4    3.3   330   15.0    1.1    6.0    0.00   975.05   330   26.1    2.6   -995   -995   -995   -995   -995    -995    -995    -995
 KIN2   133  1090     62   26.3    3.5    3.4   327   14.9    1.1    5.9    0.00   974.99   361   26.0    2.8   -995   -995   -995   -995   -995    -995    -995    -995
 KIN2   133  1095     62   26.5    2.9    2.8   353   19.1    0.9    4.9    0.00   975.01   390   26.1    2.5   25.5   26.9   25.8   25.5   25.3    -995    -995    -995
 KIN2   133  1100     62   26.5    3.6    3.5   352   14.0    0.9    5.2    0.00   975.00   417   26.0    2.9   -995   -995   -995   -995   -995    -995    -995    -995
 KIN2   133  1105     63   26.5    3.5    3.3     6   19.0    0.9    5.9    0.00   974.94   443   26.0    2.8   -995   -995   -995   -995   -995    -995    -995    -995
 KIN2   133  1110     63   26.8    3.4    3.3    17   12.4    0.8    5.5    0.00   974.87   515   26.2    2.7   25.5   26.9   25.8   25.4   25.2    2.02    1.57    3.68
 KIN2   133  1115     61   27.1    4.1    3.9    30   16.1    0.7    5.7    0.00   974.75   637   26.4    3.5   -995   -995   -995   -995   -995    -995    -995    -995
 KIN2   133  1120     59   27.3    3.7    3.6    36   12.8    0.8    5.7    0.00   974.67   589   26.6    3.0   -995   -995   -995   -995   -995    -995    -995    -995
 KIN2   133  1125     59   27.8    3.3    3.2    39   15.4    0.7    5.6    0.00   974.65   666   27.1    2.7   25.4   26.9   25.7   25.3   25.1    -995    -995    -995
 KIN2   133  1130     57   27.8    4.8    4.7    54    8.8    0.7    6.2    0.00   974.57   722   27.0    3.9   -995   -995   -995   -995   -995    -995    -995    -995
 KIN2   133  1135     56   28.0    4.3    4.3    48   10.4    0.6    5.8    0.00   974.44   674   27.3    3.7   -995   -995   -995   -995   -995    -995    -995    -995
 KIN2   133  1140     56   27.8    4.4    4.2    46   13.6    0.9    6.2    0.00   974.33   564   27.2    3.5   25.4   27.0   25.8   25.3   25.0    2.03    1.58    3.69
 KIN2   133  1145     54   28.1    3.6    3.5    59   13.6    0.7    5.0    0.00   974.30   572   27.6    2.9   -995   -995   -995   -995   -995    -995    -995    -995
 KIN2   133  1150     53   28.5    3.3    3.2    49   14.1    0.5    4.5    0.00   974.29   633   27.9    2.7   -995   -995   -995   -995   -995    -995    -995    -995
 KIN2   133  1155     54   28.4    3.3    3.1    70   19.7    0.6    4.8    0.00   974.26   567   27.9    2.6   25.4   27.3   25.9   25.3   25.0    -995    -995    -995
 KIN2   133  1160     55   28.1    3.6    3.5    60   14.3    0.8    5.5    0.00   974.31   479   27.7    2.7   -995   -995   -995   -995   -995    -995    -995    -995
 KIN2   133  1165     56   28.3    3.3    3.1    65   15.3    0.5    4.6    0.00   974.30   576   27.8    2.4   -995   -995   -995   -995   -995    -995    -995    -995
 KIN2   133  1170     54   28.4    2.9    2.8    61   14.1    0.8    5.4    0.00   974.21   401   28.0    2.4   25.5   27.7   26.0   25.3   25.0    2.03    1.58    3.69
 KIN2   133  1175     54   28.3    3.6    3.4    80   16.1    0.9    5.5    0.00   974.14   498   28.0    2.7   -995   -995   -995   -995   -995    -995    -995    -995
 KIN2   133  1180     53   28.2    3.6    3.5    92   10.3    0.8    5.8    0.00   974.10   306   27.9    2.6   -995   -995   -995   -995   -995    -995    -995    -995
 KIN2   133  1185     54   28.0    4.1    3.9    93   14.9    0.9    6.2    0.00   974.02   277   27.9    3.2   25.6   28.0   26.1   25.4   25.0    -995    -995    -995
 KIN2   133  1190     55   28.6    2.8    2.7   108   13.5    0.5    3.8    0.00   973.99   674   28.2    2.4   -995   -995   -995   -995   -995    -995    -995    -995
 KIN2   133  1195     54   29.2    4.9    4.8    84   14.5    0.9    7.7    0.00   973.85   793   28.4    3.7   -995   -995   -995   -995   -995    -995    -995    -995
 KIN2   133  1200     54   29.3    4.5    4.3   100   17.2    0.9    7.2    0.00   973.75   720   28.4    3.6   25.6   28.3   26.2   25.4   25.1    2.02    1.58    3.69
 KIN2   133  1205     54   29.3    5.3    5.2   103   11.5    1.1    7.7    0.00   973.61   686   28.5    4.4   -995   -995   -995   -995   -995    -995    -995    -995
 KIN2   133  1210     53   29.1    5.1    5.0   113   12.7    0.9    7.0    0.00   973.56   360   28.6    4.2   -995   -995   -995   -995   -995    -995    -995    -995
 KIN2   133  1215     54   28.7    4.3    4.2   119   11.8    0.6    6.1    0.00   973.56   414   28.4    3.7   25.6   28.6   26.2   25.4   25.0    -995    -995    -995
 KIN2   133  1220     55   28.9    4.5    4.4    98   11.0    0.9    6.3    0.00   973.46   336   28.6    3.5   -995   -995   -995   -995   -995    -995    -995    -995
 KIN2   133  1225     55   28.8    4.8    4.7    91   12.5    0.9    6.4    0.00   973.36   305   28.6    3.8   -995   -995   -995   -995   -995    -995    -995    -995
 KIN2   133  1230     56   29.1    4.1    4.1    84   10.0    0.8    5.7    0.00   973.30   669   28.7    3.1   25.7   28.9   26.3   25.4   25.1    2.04    1.58    3.69
 KIN2   133  1235     55   29.9    4.3    4.1    86   14.2    0.8    5.8    0.00   973.19   748   29.2    3.1   -995   -995   -995   -995   -995    -995    -995    -995
 KIN2   133  1240     54   30.0    4.3    4.2    98   12.2    0.8    6.2    0.00   973.18   596   29.3    3.5   -995   -995   -995   -995   -995    -995    -995    -995
 KIN2   133  1245     54   30.1    4.7    4.6   100   13.4    1.0    7.0    0.00   973.06   622   29.5    3.7   25.7   29.1   26.3   25.4   25.1    -995    -995    -995
 KIN2   133  1250     54   30.1    4.4    4.3   114   14.2    0.7    5.8    0.00   973.09   505   29.6    3.6   -995   -995   -995   -995   -995    -995    -995    -995
 KIN2   133  1255     54   29.7    4.6    4.5    91   12.1    0.9    7.2    0.00   973.10   299   29.4    3.5   -995   -995   -995   -995   -995    -995    -995    -995
 KIN2   133  1260     55   29.6    4.6    4.3   112   19.2    1.2    6.9    0.00   973.06   315   29.5    3.6   25.8   29.3   26.4   25.4   25.0    2.05    1.60    3.69
 KIN2   133  1265     56   29.5    4.1    4.0   111   11.5    0.9    6.4    0.00   972.94   213   29.4    3.5   -995   -995   -995   -995   -995    -995    -995    -995
 KIN2   133  1270     56   29.4    5.5    5.3   129   12.0    1.1    7.5    0.00   972.89   190   29.4    4.5   -995   -995   -995   -995   -995    -995    -995    -995
 KIN2   133  1275     56   29.5    4.2    4.2   121   10.6    0.9    6.8    0.00   972.85   146   29.5    3.6   25.8   29.5   26.5   25.5   25.1    -995    -995    -995
 KIN2   133  1280     57   29.4    4.2    4.1   123   10.4    0.7    6.2    0.00   972.86   137   29.5    3.3   -995   -995   -995   -995   -995    -995    -995    -995
 KIN2   133  1285     57   29.6    3.7    3.7   142   11.9    0.6    4.9    0.00   972.91   293   29.6    3.1   -995   -995   -995   -995   -995    -995    -995    -995
 KIN2   133  1290     57   29.9    4.7    4.7   146   10.1    1.2    7.1    0.00   972.89   395   29.8    3.9   25.9   29.7   26.5   25.6   25.2    2.04    1.59    3.69
 KIN2   133  1295     56   30.0    5.6    5.6   168   10.5    0.6    7.3    0.00   972.89   280   29.9    4.6   -995   -995   -995   -995   -995    -995    -995    -995
 KIN2   133  1300     56   29.8    4.9    4.8   150    9.1    0.6    6.4    0.00   972.91   234   29.8    3.9   -995   -995   -995   -995   -995    -995    -995    -995
 KIN2   133  1305     57   29.9    3.8    3.8   146    9.7    0.5    5.2    0.00   972.92   317   29.8    3.0   25.9   29.7   26.5   25.6   25.1    -995    -995    -995
 KIN2   133  1310     57   30.1    6.2    6.1   175   11.1    0.9    7.8    0.00   972.89   312   30.0    4.9   -995   -995   -995   -995   -995    -995    -995    -995
 KIN2   133  1315     58   30.0    5.9    5.9   165    8.3    0.7    7.5    0.00   972.89   249   30.0    5.0   -995   -995   -995   -995   -995    -995    -995    -995
 KIN2   133  1320     59   29.8    5.7    5.6   163    8.9    0.8    7.2    0.00   972.88   211   29.8    4.5   25.9   29.7   26.4   25.5   25.1    2.05    1.59    3.68
 KIN2   133  1325     60   29.7    5.5    5.4   155    9.9    0.8    6.9    0.00   972.87   173   29.8    4.2   -995   -995   -995   -995   -995    -995    -995    -995
 KIN2   133  1330     61   29.6    5.1    5.0   158    7.0    1.0    7.0    0.00   972.88   177   29.7    4.0   -995   -995   -995   -995   -995    -995    -995    -995
 KIN2   133  1335     61   29.6    5.1    5.1   160    7.8    0.6    6.8    0.00   972.86   168   29.8    4.2   25.9   29.7   26.4   25.6   25.1    -995    -995    -995
 KIN2   133  1340     60   29.9    5.3    5.2   157    9.3    0.6    6.4    0.00   972.84   355   29.9    4.3   -995   -995   -995   -995   -995    -995    -995    -995
 KIN2   133  1345     59   30.2    4.9    4.9   144    7.9    0.7    7.0    0.00   972.78   301   30.0    4.0   -995   -995   -995   -995   -995    -995    -995    -995
 KIN2   133  1350     60   29.9    5.3    5.2   153    6.3    0.6    6.3    0.00   972.77   153   29.9    4.1   25.9   29.7   26.4   25.6   25.1    2.05    1.59    3.69
 KIN2   133  1355     61   29.8    5.5    5.4   165    9.8    0.6    7.0    0.00   972.79   167   30.0    4.3   -995   -995   -995   -995   -995    -995    -995    -995
 KIN2   133  1360     61   29.7    5.5    5.5   174    6.9    0.6    6.8    0.00   972.80   105   29.9    4.2   -995   -995   -995   -995   -995    -995    -995    -995
 KIN2   133  1365     62   29.6    5.6    5.5   166    9.5    0.6    7.3    0.00   972.79   146   29.8    4.4   26.0   29.7   26.4   25.6   25.1    -995    -995    -995
 KIN2   133  1370     63   29.4    4.4    4.4   157    6.3    0.7    5.8    0.00   972.77   114   29.7    3.4   -995   -995   -995   -995   -995    -995    -995    -995
 KIN2   133  1375     63   29.3    5.1    5.0   159    6.7    0.7    6.3    0.00   972.72    85   29.7    4.0   -995   -995   -995   -995   -995    -995    -995    -995
 KIN2   133  1380     63   29.5    4.1    4.0   164   10.3    0.7    5.5    0.00   972.70   192   29.9    3.2   26.0   29.7   26.4   25.6   25.1    2.05    1.60    3.69
 KIN2   133  1385     60   29.9    4.7    4.7   171    7.3    0.7    6.3    0.00   972.65   190   30.2    3.9   -995   -995   -995   -995   -995    -995    -995    -995
 KIN2   133  1390     60   29.7    5.1    5.1   161    7.1    0.7    6.8    0.00   972.59   138   30.1    4.0   -995   -995   -995   -995   -995    -995    -995    -995
 KIN2   133  1395     60   29.6    5.4    5.4   161    6.0    0.5    6.4    0.00   972.54   154   30.0    4.2   26.0   29.7   26.3   25.6   25.1    -995    -995    -995
 KIN2   133  1400     61   29.6    4.5    4.5   160    7.1    0.5    5.5    0.00   972.47   125   30.1    3.6   -995   -995   -995   -995   -995    -995    -995    -995
 KIN2   133  1405     61   29.6    4.5    4.5   156    8.1    0.5    5.9    0.00   972.41   122   30.0    3.5   -995   -995   -995   -995   -995    -995    -995    -995
 KIN2   133  1410     62   29.4    4.4    4.4   155    6.0    0.6    5.5    0.00   972.40   106   29.9    3.3   26.0   29.6   26.3   25.6   25.1    2.05    1.60    3.69
 KIN2   133  1415     62   29.3    4.3    4.2   157    6.8    0.6    5.6    0.00   972.29    94   29.9    3.3   -995   -995   -995   -995   -995    -995    -995    -995
 KIN2   133  1420     63   29.3    4.4    4.4   152    6.7    0.5    6.2    0.00   972.25    88   29.8    3.4   -995   -995   -995   -995   -995    -995    -995    -995
 KIN2   133  1425     64   29.2    4.0    4.0   154    8.4    0.5    5.5    0.00   972.17    84   29.8    3.1   26.0   29.5   26.3   25.6   25.1    -995    -995    -995
 KIN2   133  1430     64   29.1    4.0    4.0   154    6.9    0.5    5.5    0.00   972.08    37   29.8    3.1   -995   -995   -995   -995   -995    -995    -995    -995
 KIN2   133  1435     65   28.9    3.9    3.9   157    7.7    0.6    5.2    0.00   972.14    27   29.6    3.0   -995   -995   -995   -995   -995    -995    -995    -995
</pre>