<pre>  101 ! (c) 2019 Oklahoma Climatological Survey and the Oklahoma Mesonet - all rights reserved
  21 2019 08 24 00 00 00
 STID  STNM  TIME   RELH   TAIR   WSPD   WVEC  WDIR   WDSD   WSSD   WMAX    RAIN     PRES  SRAD   TA9M   WS2M   TS10   TB10   TS05   TS25   TS60    TR05    TR25    TR60
 KIN2   133     0     56   29.3    4.1    3.9    95   14.5    0.9    5.8    0.00   974.59   178   29.2    3.0   29.1   33.5   29.2   28.0   26.8    2.74    2.59    3.70
 KIN2   133     5     56   29.2    5.0    4.9    98   10.6    0.7    6.8    0.00   974.57   161   29.1    3.5   -995   -995   -995   -995   -995    -995    -995    -995
 KIN2   133    10     57   29.0    5.2    5.1    96   12.5    0.8    7.0    0.00   974.53   147   29.0    3.8   -995   -995   -995   -995   -995    -995    -995    -995
 KIN2   133    15     58   28.9    5.9    5.9    90    7.5    0.7    7.8    0.00   974.54   134   28.8    4.0   29.0   33.5   29.2   28.0   26.8    -995    -995    -995
 KIN2   133    20     58   28.8    4.6    4.6    98    8.7    0.9    6.5    0.00   974.62   123   28.8    3.5   -995   -995   -995   -995   -995    -995    -995    -995
 KIN2   133    25     59   28.6    5.1    5.0   100    9.3    1.0    7.3    0.00   974.69   104   28.6    3.8   -995   -995   -995   -995   -995    -995    -995    -995
 KIN2   133    30     60   28.5    5.4    5.3    92   10.6    0.8    7.5    0.00   974.71    73   28.5    3.8   29.0   33.4   29.1   28.0   26.8    2.76    2.59    3.70
 KIN2   133    35     61   28.2    5.4    5.3    98   10.6    1.1    8.2    0.00   974.75    46   28.3    4.0   -995   -995   -995   -995   -995    -995    -995    -995
 KIN2   133    40     61   28.0    5.0    5.0    93    9.3    1.0    7.6    0.00   974.91    35   28.1    3.5   -995   -995   -995   -995   -995    -995    -995    -995
 KIN2   133    45     62   27.9    5.2    5.1    97    9.9    0.7    6.7    0.00   974.98    31   28.0    3.8   29.0   33.3   29.0   28.1   26.8    -995    -995    -995
 KIN2   133    50     63   27.6    5.9    5.8    92    8.4    0.8    7.4    0.00   975.02    25   27.8    4.2   -995   -995   -995   -995   -995    -995    -995    -995
 KIN2   133    55     64   27.5    5.5    5.4    98    8.9    1.0    7.2    0.00   975.10    20   27.6    4.0   -995   -995   -995   -995   -995    -995    -995    -995
 KIN2   133    60     64   27.3    5.3    5.3    95   10.0    1.1    7.7    0.00   975.23    15   27.5    3.9   29.0   33.2   29.0   28.1   26.8    2.75    2.58    3.69
 KIN2   133    65     64   27.2    5.5    5.4    93    8.7    0.8    7.4    0.00   975.31    10   27.4    3.9   -995   -995   -995   -995   -995    -995    -995    -995
 KIN2   133    70     65   27.0    5.0    4.9    97    9.1    0.8    6.8    0.00   975.33     6   27.3    3.7   -995   -995   -995   -995   -995    -995    -995    -995
 KIN2   133    75     65   26.8    4.3    4.2    98   10.9    0.8    6.3    0.00   975.36     3   27.1    2.9   29.0   33.0   28.9   28.1   26.8    -995    -995    -995
 KIN2   133    80     66   26.8    4.9    4.9    96    9.3    0.7    6.8    0.00   975.38     1   27.0    3.7   -995   -995   -995   -995   -995    -995    -995    -995
 KIN2   133    85     66   26.6    4.6    4.5   100    9.9    0.6    6.0    0.00   975.40     0   26.9    3.3   -995   -995   -995   -995   -995    -995    -995    -995
 KIN2   133    90     67   26.5    5.2    5.1    97    8.4    0.7    6.8    0.00   975.42     0   26.8    3.7   28.9   32.8   28.8   28.1   26.8    2.76    2.58    3.70
 KIN2   133    95     67   26.4    4.9    4.8    98    8.4    0.7    6.5    0.00   975.51     0   26.7    3.6   -995   -995   -995   -995   -995    -995    -995    -995
 KIN2   133   100     67   26.3    4.8    4.7    94    8.1    0.8    6.9    0.00   975.63     0   26.5    3.7   -995   -995   -995   -995   -995    -995    -995    -995
 KIN2   133   105     67   26.2    5.1    5.0    98    9.0    1.0    7.7    0.00   975.76     0   26.4    3.6   28.9   32.6   28.7   28.1   26.8    -995    -995    -995
 KIN2   133   110     67   26.0    4.9    4.8   100    8.9    0.8    6.7    0.00   975.85     0   26.3    3.7   -995   -995   -995   -995   -995    -995    -995    -995
 KIN2   133   115     68   25.9    4.7    4.7   101   10.5    0.8    6.7    0.00   976.00     0   26.2    3.5   -995   -995   -995   -995   -995    -995    -995    -995
 KIN2   133   120     69   25.7    4.5    4.5   100    8.7    0.6    6.1    0.00   976.07     0   26.0    3.4   28.8   32.4   28.5   28.1   26.8    2.77    2.58    3.70
 KIN2   133   125     70   25.6    5.1    5.1    96    9.9    0.7    6.7    0.00   976.12     0   25.9    3.8   -995   -995   -995   -995   -995    -995    -995    -995
 KIN2   133   130     70   25.5    4.7    4.6    90   10.7    0.6    6.2    0.00   976.26     0   25.8    3.2   -995   -995   -995   -995   -995    -995    -995    -995
 KIN2   133   135     71   25.4    4.5    4.4    89   12.9    0.6    5.9    0.00   976.46     0   25.7    3.3   28.7   32.2   28.4   28.0   26.7    -995    -995    -995
 KIN2   133   140     71   25.3    4.6    4.5    88    8.3    0.8    6.4    0.00   976.72     0   25.6    3.0   -995   -995   -995   -995   -995    -995    -995    -995
 KIN2   133   145     71   25.2    4.2    4.1    85   11.0    0.6    5.8    0.00   976.94     0   25.5    2.7   -995   -995   -995   -995   -995    -995    -995    -995
 KIN2   133   150     72   25.1    4.4    4.4    85    9.8    0.7    6.5    0.00   977.06     0   25.5    2.9   28.7   32.0   28.4   28.0   26.7    2.77    2.57    3.70
 KIN2   133   155     72   25.1    4.3    4.3    87    9.2    0.7    6.0    0.00   977.04     0   25.4    2.8   -995   -995   -995   -995   -995    -995    -995    -995
 KIN2   133   160     72   25.0    4.0    3.9    83   11.5    1.0    6.6    0.00   977.12     0   25.3    2.9   -995   -995   -995   -995   -995    -995    -995    -995
 KIN2   133   165     73   25.0    4.4    4.4    85    7.8    0.9    6.6    0.00   977.21     0   25.3    2.8   28.6   31.9   28.3   28.0   26.7    -995    -995    -995
 KIN2   133   170     73   24.9    4.0    3.9    82   10.0    0.6    5.7    0.00   977.14     0   25.2    2.5   -995   -995   -995   -995   -995    -995    -995    -995
 KIN2   133   175     74   24.8    4.5    4.4    76    8.6    1.0    6.8    0.00   977.09     0   25.0    2.9   -995   -995   -995   -995   -995    -995    -995    -995
 KIN2   133   180     75   24.6    4.5    4.4    83   10.9    0.9    6.9    0.00   977.14     0   24.9    3.0   28.6   31.7   28.2   28.0   26.7    2.77    2.58    3.70
 KIN2   133   185     77   24.6    4.4    4.3    85    8.9    0.9    6.9    0.00   977.06     0   24.8    2.8   -995   -995   -995   -995   -995    -995    -995    -995
 KIN2   133   190     78   24.4    4.3    4.2    91    9.8    0.8    6.0    0.00   977.09     0   24.7    2.9   -995   -995   -995   -995   -995    -995    -995    -995
 KIN2   133   195     79   24.4    4.7    4.7    92   10.6    0.9    7.1    0.00   977.07     0   24.6    3.3   28.5   31.5   28.1   28.0   26.7    -995    -995    -995
 KIN2   133   200     79   24.2    4.5    4.5    95    9.0    0.9    6.5    0.00   977.09     0   24.5    3.3   -995   -995   -995   -995   -995    -995    -995    -995
 KIN2   133   205     80   24.2    5.2    5.2    97    9.3    0.7    7.7    0.00   976.87     0   24.4    3.7   -995   -995   -995   -995   -995    -995    -995    -995
 KIN2   133   210     81   24.0    5.8    5.7   100    9.8    1.0    8.8    0.00   976.62     0   24.2    4.2   28.5   31.3   28.0   28.0   26.7    2.77    2.57    3.69
 KIN2   133   215     82   23.9    5.1    5.0   102    8.4    1.2    7.6    0.00   976.51     0   24.1    3.9   -995   -995   -995   -995   -995    -995    -995    -995
 KIN2   133   220     82   23.8    5.1    5.1   103    8.9    0.8    6.8    0.00   976.38     0   24.0    3.7   -995   -995   -995   -995   -995    -995    -995    -995
 KIN2   133   225     83   23.7    4.8    4.7    99    8.4    1.0    7.4    0.00   976.23     0   23.9    3.6   28.4   31.1   28.0   28.0   26.7    -995    -995    -995
 KIN2   133   230     84   23.6    5.6    5.5    99   10.9    1.0    7.6    0.00   976.19     0   23.8    4.0   -995   -995   -995   -995   -995    -995    -995    -995
 KIN2   133   235     84   23.5    4.3    4.3    91   11.1    0.6    6.1    0.00   976.40     0   23.7    3.0   -995   -995   -995   -995   -995    -995    -995    -995
 KIN2   133   240     84   23.5    4.4    4.4    87    9.9    0.9    6.5    0.00   976.70     0   23.7    3.0   28.4   31.0   27.9   28.0   26.7    2.77    2.57    3.69
 KIN2   133   245     85   23.4    5.0    4.9    90    9.4    0.7    6.4    0.00   976.73     0   23.6    3.4   -995   -995   -995   -995   -995    -995    -995    -995
 KIN2   133   250     85   23.4    4.6    4.6    97   10.0    0.7    6.7    0.00   976.69     0   23.6    3.4   -995   -995   -995   -995   -995    -995    -995    -995
 KIN2   133   255     85   23.3    4.4    4.4    98    7.8    0.9    6.8    0.00   976.80     0   23.5    3.1   28.3   30.8   27.9   28.0   26.7    -995    -995    -995
 KIN2   133   260     86   23.3    4.5    4.4   103   11.0    0.6    5.9    0.00   976.84     0   23.5    3.4   -995   -995   -995   -995   -995    -995    -995    -995
 KIN2   133   265     86   23.2    4.3    4.2   106   11.6    0.9    6.0    0.00   976.98     0   23.4    3.3   -995   -995   -995   -995   -995    -995    -995    -995
 KIN2   133   270     86   23.1    4.5    4.4   105    9.9    0.7    6.6    0.00   977.03     0   23.4    3.4   28.3   30.7   27.8   27.9   26.7    2.77    2.57    3.70
 KIN2   133   275     87   23.1    4.8    4.8   108    9.8    0.7    6.3    0.00   977.23     0   23.3    3.6   -995   -995   -995   -995   -995    -995    -995    -995
 KIN2   133   280     87   23.1    3.8    3.7   117    8.7    0.7    5.3    0.00   977.35     0   23.3    3.0   -995   -995   -995   -995   -995    -995    -995    -995
 KIN2   133   285     87   23.0    3.9    3.9   110   10.4    0.8    5.9    0.00   977.55     0   23.3    3.0   28.2   30.5   27.7   27.9   26.7    -995    -995    -995
 KIN2   133   290     87   23.0    3.8    3.7   108    9.6    0.7    6.0    0.00   977.74     0   23.2    2.9   -995   -995   -995   -995   -995    -995    -995    -995
 KIN2   133   295     88   23.0    3.8    3.8   114    8.3    0.5    5.1    0.00   977.69     0   23.2    3.1   -995   -995   -995   -995   -995    -995    -995    -995
 KIN2   133   300     88   22.9    3.1    3.0   118    8.5    0.5    4.3    0.00   977.66     0   23.2    2.4   28.2   30.4   27.7   27.9   26.7    2.77    2.56    3.70
 KIN2   133   305     88   22.9    2.8    2.8   118    9.7    0.5    3.8    0.00   977.74     0   23.2    2.2   -995   -995   -995   -995   -995    -995    -995    -995
 KIN2   133   310     88   22.8    3.4    3.4   124    8.9    0.6    4.8    0.00   977.70     0   23.1    2.5   -995   -995   -995   -995   -995    -995    -995    -995
 KIN2   133   315     88   22.9    3.7    3.7   140    9.1    0.6    5.7    0.00   977.76     0   23.2    2.8   28.1   30.2   27.6   27.9   26.6    -995    -995    -995
 KIN2   133   320     88   22.8    3.9    3.8   140    7.3    0.6    5.7    0.00   977.65     0   23.1    2.8   -995   -995   -995   -995   -995    -995    -995    -995
 KIN2   133   325     88   22.8    3.7    3.7   140    6.4    0.5    4.8    0.00   977.62     0   23.0    2.7   -995   -995   -995   -995   -995    -995    -995    -995
 KIN2   133   330     88   22.7    2.7    2.6   149    9.2    0.3    3.5    0.00   977.65     0   23.0    1.9   28.1   30.1   27.6   27.9   26.6    2.78    2.56    3.70
 KIN2   133   335     88   22.8    3.3    3.3   147    8.1    0.5    4.2    0.00   977.62     0   23.1    2.4   -995   -995   -995   -995   -995    -995    -995    -995
 KIN2   133   340     88   22.8    3.7    3.6   137    8.2    0.5    5.1    0.00   977.52     0   23.1    2.6   -995   -995   -995   -995   -995    -995    -995    -995
 KIN2   133   345     88   22.8    3.9    3.9   137    7.1    0.6    5.4    0.00   977.49     0   23.1    2.8   28.0   30.0   27.5   27.9   26.6    -995    -995    -995
 KIN2   133   350     88   22.8    3.3    3.2   134    8.9    0.6    4.8    0.00   977.45     0   23.0    2.4   -995   -995   -995   -995   -995    -995    -995    -995
 KIN2   133   355     88   22.8    2.6    2.6   143   10.2    0.5    3.9    0.00   977.54     0   23.0    1.9   -995   -995   -995   -995   -995    -995    -995    -995
 KIN2   133   360     88   22.7    2.2    2.2   134   11.3    0.4    3.3    0.00   977.54     0   23.0    1.7   28.0   29.8   27.5   27.8   26.6    2.78    2.55    3.69
 KIN2   133   365     89   22.6    2.3    2.3   140    6.4    0.3    3.4    0.00   977.41     0   23.0    1.7   -995   -995   -995   -995   -995    -995    -995    -995
 KIN2   133   370     89   22.6    2.5    2.5   134    7.8    0.3    3.3    0.00   977.35     0   22.9    1.9   -995   -995   -995   -995   -995    -995    -995    -995
 KIN2   133   375     89   22.6    2.6    2.6   127    8.3    0.4    3.5    0.00   977.27     0   22.9    1.9   27.9   29.7   27.4   27.8   26.6    -995    -995    -995
 KIN2   133   380     89   22.6    2.7    2.6   132    7.2    0.4    3.6    0.00   977.22     0   22.9    2.0   -995   -995   -995   -995   -995    -995    -995    -995
 KIN2   133   385     89   22.6    2.6    2.6   140    9.4    0.5    3.8    0.00   977.26     0   22.9    1.9   -995   -995   -995   -995   -995    -995    -995    -995
 KIN2   133   390     88   22.6    2.4    2.3   136   10.9    0.4    3.7    0.00   977.31     0   22.9    1.7   27.9   29.6   27.4   27.8   26.6    2.79    2.55    3.69
 KIN2   133   395     88   22.5    1.6    1.6   123   11.4    0.3    2.6    0.00   977.38     0   22.9    1.1   -995   -995   -995   -995   -995    -995    -995    -995
 KIN2   133   400     88   22.6    1.8    1.8   140   11.6    0.3    2.6    0.00   977.42     0   22.9    1.3   -995   -995   -995   -995   -995    -995    -995    -995
 KIN2   133   405     88   22.5    2.4    2.4   143    6.5    0.5    4.0    0.00   977.17     0   22.8    1.7   27.9   29.5   27.4   27.8   26.6    -995    -995    -995
 KIN2   133   410     88   22.5    2.9    2.9   138    5.8    0.4    3.8    0.00   976.99     0   22.8    2.0   -995   -995   -995   -995   -995    -995    -995    -995
 KIN2   133   415     89   22.5    2.7    2.7   129    8.2    0.4    3.7    0.00   976.89     0   22.8    2.0   -995   -995   -995   -995   -995    -995    -995    -995
 KIN2   133   420     89   22.4    1.7    1.7   119   13.5    0.5    3.1    0.00   976.89     0   22.8    1.1   27.8   29.4   27.3   27.8   26.6    2.78    2.54    3.70
 KIN2   133   425     89   22.4    1.2    1.2    88   13.8    0.2    1.8    0.00   976.92     0   22.7    0.3   -995   -995   -995   -995   -995    -995    -995    -995
 KIN2   133   430     89   22.4    1.3    1.3    72   12.2    0.2    1.8    0.00   976.90     0   22.7    0.6   -995   -995   -995   -995   -995    -995    -995    -995
 KIN2   133   435     89   22.3    1.2    1.1    84   20.0    0.3    2.0    0.00   976.82     0   22.7    0.4   27.8   29.3   27.3   27.7   26.6    -995    -995    -995
 KIN2   133   440     89   22.1    1.3    1.3    50    7.5    0.1    1.7    0.00   976.79     0   22.6    0.7   -995   -995   -995   -995   -995    -995    -995    -995
 KIN2   133   445     90   22.0    0.4    0.4    48    8.6    0.3    1.0    0.00   976.90     0   22.5    0.0   -995   -995   -995   -995   -995    -995    -995    -995
 KIN2   133   450     90   22.0    0.5    0.5    16   13.4    0.2    0.8    0.00   976.93     0   22.5    0.0   27.8   29.2   27.2   27.7   26.6    2.79    2.55    3.70
 KIN2   133   455     91   22.0    0.6    0.6    27   12.8    0.1    0.8    0.00   976.98     0   22.4    0.0   -995   -995   -995   -995   -995    -995    -995    -995
 KIN2   133   460     91   21.9    1.0    1.0    22    3.6    0.2    1.2    0.00   976.93     0   22.4    0.7   -995   -995   -995   -995   -995    -995    -995    -995
 KIN2   133   465     91   21.7    1.2    1.2    15    7.3    0.2    1.6    0.00   976.92     0   22.3    0.6   27.7   29.1   27.2   27.7   26.6    -995    -995    -995
 KIN2   133   470     92   21.7    0.9    0.9     3    9.8    0.1    1.1    0.00   976.98     0   22.1    0.3   -995   -995   -995   -995   -995    -995    -995    -995
 KIN2   133   475     92   21.7    0.9    0.9   358    5.9    0.1    1.2    0.00   976.97     0   22.1    0.2   -995   -995   -995   -995   -995    -995    -995    -995
 KIN2   133   480     92   21.7    0.9    0.9   353    5.7    0.1    1.1    0.00   976.92     0   22.0    0.1   27.7   29.0   27.2   27.7   26.7    2.79    2.55    3.70
 KIN2   133   485     92   21.6    0.9    0.9   359    6.3    0.1    1.0    0.00   976.90     0   21.9    0.2   -995   -995   -995   -995   -995    -995    -995    -995
 KIN2   133   490     93   21.5    1.0    0.9   342   12.0    0.1    1.1    0.00   977.04     0   21.9    0.3   -995   -995   -995   -995   -995    -995    -995    -995
 KIN2   133   495     93   21.5    0.9    0.9   341    5.9    0.1    1.1    0.00   977.13     0   21.8    0.0   27.6   28.9   27.1   27.7   26.7    -995    -995    -995
 KIN2   133   500     93   21.5    0.9    0.9   334    8.2    0.1    1.1    0.00   977.13     0   21.8    0.1   -995   -995   -995   -995   -995    -995    -995    -995
 KIN2   133   505     93   21.5    1.1    1.1   340    7.8    0.1    1.4    0.00   977.14     0   21.8    0.4   -995   -995   -995   -995   -995    -995    -995    -995
 KIN2   133   510     93   21.5    1.1    1.1    10    8.8    0.2    1.4    0.00   977.13     0   21.8    0.3   27.6   28.8   27.1   27.7   26.7    2.79    2.55    3.69
 KIN2   133   515     93   21.5    1.0    1.0    17    5.1    0.1    1.3    0.00   977.15     0   21.7    0.0   -995   -995   -995   -995   -995    -995    -995    -995
 KIN2   133   520     94   21.5    0.7    0.7    13    8.5    0.1    1.0    0.00   977.20     0   21.8    0.0   -995   -995   -995   -995   -995    -995    -995    -995
 KIN2   133   525     94   21.6    0.9    0.9     1    9.3    0.1    1.0    0.00   977.26     0   21.8    0.0   27.5   28.7   27.0   27.6   26.6    -995    -995    -995
 KIN2   133   530     93   21.6    1.2    1.2    22    3.8    0.1    1.4    0.00   977.18     0   21.8    0.4   -995   -995   -995   -995   -995    -995    -995    -995
 KIN2   133   535     93   21.5    0.9    0.9    15    7.6    0.1    1.1    0.00   977.20     0   21.8    0.0   -995   -995   -995   -995   -995    -995    -995    -995
 KIN2   133   540     94   21.6    0.8    0.8    27    8.1    0.1    1.1    0.00   977.17     0   21.8    0.0   27.5   28.6   27.0   27.6   26.6    2.79    2.56    3.70
 KIN2   133   545     94   21.6    0.9    0.9    53    8.1    0.2    1.2    0.00   977.09     0   21.9    0.0   -995   -995   -995   -995   -995    -995    -995    -995
 KIN2   133   550     94   21.7    0.8    0.8    61    8.2    0.1    1.0    0.00   977.07     0   21.9    0.0   -995   -995   -995   -995   -995    -995    -995    -995
 KIN2   133   555     93   21.8    0.5    0.5    56    8.8    0.1    0.7    0.00   977.00     0   22.0    0.0   27.5   28.5   27.0   27.6   26.6    -995    -995    -995
 KIN2   133   560     93   21.8    0.6    0.6    55    7.7    0.1    0.8    0.00   976.91     0   22.0    0.0   -995   -995   -995   -995   -995    -995    -995    -995
 KIN2   133   565     93   21.8    0.5    0.5    49    3.8    0.2    0.8    0.00   976.89     0   22.0    0.0   -995   -995   -995   -995   -995    -995    -995    -995
 KIN2   133   570     93   21.9    0.9    0.9    64    4.2    0.3    1.3    0.00   976.83     0   22.0    0.1   27.4   28.5   27.0   27.6   26.6    2.79    2.55    3.70
 KIN2   133   575     93   21.9    1.0    1.0    76    9.3    0.1    1.2    0.00   976.79     0   22.1    0.1   -995   -995   -995   -995   -995    -995    -995    -995
 KIN2   133   580     93   21.9    1.2    1.1    91    7.0    0.2    1.4    0.00   976.84     0   22.1    0.1   -995   -995   -995   -995   -995    -995    -995    -995
 KIN2   133   585     92   21.9    1.1    1.1    84    4.7    0.1    1.4    0.00   976.86     0   22.1    0.2   27.4   28.4   26.9   27.5   26.6    -995    -995    -995
 KIN2   133   590     92   21.9    1.1    1.1    88    5.4    0.1    1.5    0.00   976.94     0   22.1    0.1   -995   -995   -995   -995   -995    -995    -995    -995
 KIN2   133   595     92   21.8    0.9    0.9   104   11.4    0.2    1.2    0.00   977.00     0   22.0    0.0   -995   -995   -995   -995   -995    -995    -995    -995
 KIN2   133   600     93   21.8    1.2    1.2   124    8.0    0.2    1.7    0.00   976.94     0   22.0    0.8   27.4   28.3   26.9   27.5   26.6    2.80    2.55    3.70
 KIN2   133   605     93   21.7    1.5    1.5   125    7.5    0.4    2.3    0.00   976.86     0   22.0    0.9   -995   -995   -995   -995   -995    -995    -995    -995
 KIN2   133   610     93   21.7    2.2    2.2   118    9.2    0.1    2.5    0.00   976.75     0   21.9    1.6   -995   -995   -995   -995   -995    -995    -995    -995
 KIN2   133   615     93   21.6    2.3    2.3   107    6.7    0.3    2.9    0.00   976.64     0   21.9    1.6   27.4   28.3   26.9   27.5   26.6    -995    -995    -995
 KIN2   133   620     93   21.6    2.4    2.4   110    7.3    0.3    3.3    0.00   976.57     0   21.8    1.7   -995   -995   -995   -995   -995    -995    -995    -995
 KIN2   133   625     93   21.6    3.2    3.2   106    5.8    0.4    3.9    0.00   976.41     0   21.8    2.5   -995   -995   -995   -995   -995    -995    -995    -995
 KIN2   133   630     94   21.5    3.0    2.9   101    6.9    0.4    3.9    0.00   976.34     0   21.7    2.1   27.3   28.2   26.9   27.5   26.6    2.79    2.55    3.69
 KIN2   133   635     94   21.5    2.8    2.8    97    7.7    0.4    3.6    0.00   976.33     0   21.7    1.9   -995   -995   -995   -995   -995    -995    -995    -995
 KIN2   133   640     94   21.5    2.7    2.7    96   10.0    0.4    3.6    0.00   976.27     0   21.6    1.9   -995   -995   -995   -995   -995    -995    -995    -995
 KIN2   133   645     94   21.5    2.8    2.8    98    8.0    0.5    4.2    0.00   976.26     0   21.6    2.0   27.3   28.2   26.9   27.5   26.6    -995    -995    -995
 KIN2   133   650     94   21.4    2.8    2.7   104    7.8    0.3    3.4    0.00   976.24     0   21.6    2.0   -995   -995   -995   -995   -995    -995    -995    -995
 KIN2   133   655     94   21.4    3.4    3.3   101    6.7    0.6    4.5    0.00   976.16     0   21.6    2.5   -995   -995   -995   -995   -995    -995    -995    -995
 KIN2   133   660     94   21.4    3.2    3.2    99    7.6    0.6    4.4    0.00   976.10     0   21.5    2.6   27.3   28.1   26.8   27.5   26.6    2.80    2.55    3.70
 KIN2   133   665     94   21.4    2.8    2.7   103   11.1    0.3    3.5    0.00   976.08     0   21.5    2.1   -995   -995   -995   -995   -995    -995    -995    -995
 KIN2   133   670     95   21.4    3.2    3.1   107    8.8    0.5    4.3    0.00   976.12     0   21.5    2.5   -995   -995   -995   -995   -995    -995    -995    -995
 KIN2   133   675     95   21.3    3.4    3.4   112   10.1    0.5    4.8    0.00   976.15     0   21.5    2.4   27.3   28.0   26.8   27.5   26.6    -995    -995    -995
 KIN2   133   680     95   21.3    3.7    3.6   115   10.8    0.7    5.3    0.00   976.12     0   21.5    2.7   -995   -995   -995   -995   -995    -995    -995    -995
 KIN2   133   685     95   21.3    3.5    3.4   114    9.9    0.6    4.7    0.00   976.10     0   21.5    2.7   -995   -995   -995   -995   -995    -995    -995    -995
 KIN2   133   690     95   21.3    4.1    4.1   110    9.0    0.7    5.8    0.00   975.99     0   21.4    3.1   27.2   28.0   26.8   27.4   26.6    2.80    2.55    3.70
 KIN2   133   695     95   21.3    3.9    3.9   115    7.4    0.7    5.6    0.00   975.99     0   21.4    3.0   -995   -995   -995   -995   -995    -995    -995    -995
 KIN2   133   700     95   21.3    4.2    4.1   115    8.4    0.5    5.3    0.00   975.98     0   21.4    3.2   -995   -995   -995   -995   -995    -995    -995    -995
 KIN2   133   705     95   21.3    4.2    4.2   114    7.9    0.7    5.8    0.00   975.94     0   21.5    3.2   27.2   27.9   26.7   27.4   26.6    -995    -995    -995
 KIN2   133   710     95   21.3    3.7    3.7   112    9.2    0.7    5.4    0.00   975.88     1   21.5    2.8   -995   -995   -995   -995   -995    -995    -995    -995
 KIN2   133   715     95   21.3    3.7    3.7   110    8.2    0.4    4.8    0.00   975.82     2   21.5    2.7   -995   -995   -995   -995   -995    -995    -995    -995
 KIN2   133   720     95   21.3    3.8    3.8   104    9.3    0.5    4.9    0.00   975.78     5   21.5    2.9   27.2   27.8   26.7   27.4   26.6    2.80    2.55    3.70
 KIN2   133   725     95   21.3    3.8    3.8   101    7.9    0.5    5.6    0.00   975.75    10   21.5    2.7   -995   -995   -995   -995   -995    -995    -995    -995
 KIN2   133   730     95   21.4    3.2    3.2    99    9.5    0.6    4.5    0.00   975.82    15   21.5    2.2   -995   -995   -995   -995   -995    -995    -995    -995
 KIN2   133   735     95   21.3    2.6    2.6    94    8.2    0.5    3.8    0.00   975.92    20   21.5    1.6   27.1   27.7   26.7   27.4   26.6    -995    -995    -995
 KIN2   133   740     95   21.4    2.6    2.6    87   10.0    0.6    4.5    0.00   975.99    26   21.5    1.8   -995   -995   -995   -995   -995    -995    -995    -995
 KIN2   133   745     95   21.4    2.7    2.7    84    8.6    0.5    4.3    0.00   976.01    35   21.5    1.6   -995   -995   -995   -995   -995    -995    -995    -995
 KIN2   133   750     95   21.4    3.4    3.4    85    9.8    0.6    4.8    0.00   976.03    43   21.6    2.1   27.1   27.6   26.6   27.4   26.6    2.80    2.55    3.69
 KIN2   133   755     95   21.5    2.7    2.7    89   10.4    0.4    3.8    0.00   976.10    54   21.6    1.7   -995   -995   -995   -995   -995    -995    -995    -995
 KIN2   133   760     94   21.5    2.8    2.8    92    9.8    0.5    4.0    0.00   976.09    67   21.6    1.8   -995   -995   -995   -995   -995    -995    -995    -995
 KIN2   133   765     94   21.6    1.8    1.8    89   13.1    0.5    3.1    0.00   976.16    66   21.7    1.0   27.1   27.5   26.6   27.3   26.6    -995    -995    -995
 KIN2   133   770     94   21.7    2.4    2.3    79   14.0    0.5    3.5    0.00   976.16    71   21.7    1.6   -995   -995   -995   -995   -995    -995    -995    -995
 KIN2   133   775     94   21.7    2.1    1.9    56   20.6    0.5    2.9    0.00   976.23    71   21.7    1.5   -995   -995   -995   -995   -995    -995    -995    -995
 KIN2   133   780     94   21.9    1.8    1.8     6   16.7    0.4    2.7    0.00   976.38    69   21.8    1.3   27.0   27.5   26.6   27.3   26.6    2.80    2.55    3.69
 KIN2   133   785     94   22.0    1.8    1.7    14   15.5    0.5    2.8    0.00   976.51    61   21.9    1.2   -995   -995   -995   -995   -995    -995    -995    -995
 KIN2   133   790     94   22.0    2.4    2.3    43   18.8    0.6    3.6    0.00   976.41    48   21.8    1.8   -995   -995   -995   -995   -995    -995    -995    -995
 KIN2   133   795     94   22.0    2.5    2.5    63    9.3    0.5    3.7    0.00   976.35    52   21.9    1.8   27.0   27.4   26.6   27.3   26.6    -995    -995    -995
 KIN2   133   800     94   22.0    1.5    1.4    43   14.5    0.3    2.1    0.00   976.58    32   22.0    1.0   -995   -995   -995   -995   -995    -995    -995    -995
 KIN2   133   805     93   22.0    1.5    1.5    46   13.8    0.3    2.1    0.00   976.67    24   21.9    1.1   -995   -995   -995   -995   -995    -995    -995    -995
 KIN2   133   810     94   22.0    1.4    1.4    24   11.6    0.4    2.7    0.00   976.76    43   22.0    1.0   27.0   27.4   26.6   27.2   26.6    2.81    2.55    3.70
 KIN2   133   815     94   22.1    2.1    2.1    29    9.5    0.3    2.7    0.00   976.70    78   22.0    1.6   -995   -995   -995   -995   -995    -995    -995    -995
 KIN2   133   820     93   22.3    2.1    2.0    15   18.9    0.4    3.2    0.00   976.76   109   22.0    1.6   -995   -995   -995   -995   -995    -995    -995    -995
 KIN2   133   825     93   22.3    2.3    2.2   358   14.5    0.4    3.2    0.00   976.96    67   22.0    1.8   27.0   27.4   26.6   27.2   26.6    -995    -995    -995
 KIN2   133   830     93   22.2    2.2    2.1     9   15.0    0.4    3.2    0.00   977.00    40   22.0    1.6   -995   -995   -995   -995   -995    -995    -995    -995
 KIN2   133   835     93   22.1    2.3    2.2     7   11.2    0.4    3.1    0.00   977.01    47   22.0    1.8   -995   -995   -995   -995   -995    -995    -995    -995
 KIN2   133   840     93   22.2    2.5    2.4    27   10.9    0.5    3.6    0.00   977.00    78   22.0    1.9   26.9   27.4   26.7   27.2   26.6    2.81    2.55    3.70
 KIN2   133   845     93   22.3    2.5    2.4    39    9.1    0.5    3.2    0.00   977.03    88   22.0    1.9   -995   -995   -995   -995   -995    -995    -995    -995
 KIN2   133   850     93   22.3    2.0    2.0    45   13.5    0.3    2.7    0.00   976.99    93   22.1    1.6   -995   -995   -995   -995   -995    -995    -995    -995
 KIN2   133   855     92   22.4    1.7    1.6    46   11.3    0.4    2.6    0.00   977.02   113   22.2    1.2   26.9   27.4   26.7   27.2   26.6    -995    -995    -995
 KIN2   133   860     92   22.5    1.3    1.2    55   22.4    0.5    2.5    0.00   977.05   137   22.3    0.7   -995   -995   -995   -995   -995    -995    -995    -995
 KIN2   133   865     92   22.6    1.6    1.6    79    7.6    0.5    2.4    0.00   976.98   171   22.4    1.0   -995   -995   -995   -995   -995    -995    -995    -995
 KIN2   133   870     91   22.9    2.0    1.9    88   19.0    0.3    2.9    0.00   976.92   190   22.5    1.5   26.9   27.4   26.7   27.2   26.6    2.80    2.54    3.69
 KIN2   133   875     90   23.1    2.2    2.2   101   10.3    0.5    3.1    0.00   976.92   212   22.6    1.7   -995   -995   -995   -995   -995    -995    -995    -995
 KIN2   133   880     89   23.3    2.5    2.4    92    9.9    0.5    3.5    0.00   976.96   243   22.8    1.8   -995   -995   -995   -995   -995    -995    -995    -995
 KIN2   133   885     88   23.5    2.8    2.7    91   13.0    0.4    3.6    0.00   976.82   298   23.0    2.0   26.9   27.4   26.8   27.1   26.5    -995    -995    -995
 KIN2   133   890     87   24.0    3.3    3.1   100   15.1    0.6    4.3    0.00   976.72   283   23.3    2.4   -995   -995   -995   -995   -995    -995    -995    -995
 KIN2   133   895     86   24.0    3.3    3.2    87    7.5    0.6    4.3    0.00   976.66   351   23.4    2.3   -995   -995   -995   -995   -995    -995    -995    -995
 KIN2   133   900     85   24.2    3.0    3.0    71    9.6    0.5    4.5    0.00   976.72   282   23.5    2.1   26.8   27.4   26.8   27.1   26.5    2.80    2.54    3.69
 KIN2   133   905     85   24.4    2.8    2.7    61   12.2    0.5    3.8    0.00   976.69   275   23.8    2.0   -995   -995   -995   -995   -995    -995    -995    -995
 KIN2   133   910     84   24.6    2.6    2.5    59   11.8    0.9    4.5    0.00   976.62   343   24.0    2.0   -995   -995   -995   -995   -995    -995    -995    -995
 KIN2   133   915     83   24.8    3.9    3.9    81    8.7    0.5    4.9    0.00   976.44   442   24.1    2.8   26.8   27.4   26.9   27.1   26.5    -995    -995    -995
 KIN2   133   920     82   24.8    2.5    2.4    64   19.3    0.6    4.2    0.00   976.56   444   24.2    1.9   -995   -995   -995   -995   -995    -995    -995    -995
 KIN2   133   925     82   25.1    2.1    1.9    96   26.4    0.6    3.6    0.00   976.67   445   24.6    1.7   -995   -995   -995   -995   -995    -995    -995    -995
 KIN2   133   930     80   25.4    1.4    1.2   115   27.0    0.6    2.6    0.00   976.87   364   24.8    1.0   26.8   27.5   27.0   27.0   26.4    2.80    2.55    3.70
 KIN2   133   935     80   25.0    1.8    1.7    94   17.8    0.5    2.6    0.00   976.90   254   24.6    1.4   -995   -995   -995   -995   -995    -995    -995    -995
 KIN2   133   940     81   25.1    2.2    2.1    70   10.4    0.6    3.7    0.00   976.70   273   24.6    1.4   -995   -995   -995   -995   -995    -995    -995    -995
 KIN2   133   945     80   25.6    2.6    2.5    73   12.0    0.6    3.6    0.00   976.78   358   24.8    1.8   26.9   27.7   27.1   27.0   26.5    -995    -995    -995
 KIN2   133   950     79   25.4    2.3    2.0    75   27.2    0.5    3.0    0.00   976.92   269   24.9    1.7   -995   -995   -995   -995   -995    -995    -995    -995
 KIN2   133   955     80   25.3    1.1    0.7    69   50.2    0.8    2.7    0.00   977.05   268   24.9    0.8   -995   -995   -995   -995   -995    -995    -995    -995
 KIN2   133   960     79   25.9    2.2    2.1    26   15.1    0.3    3.1    0.00   977.10   691   25.1    1.8   26.9   28.0   27.3   27.1   26.5    2.80    2.56    3.70
 KIN2   133   965     76   26.2    2.1    2.0    26   13.8    0.5    3.1    0.00   977.14   673   25.3    1.7   -995   -995   -995   -995   -995    -995    -995    -995
 KIN2   133   970     77   26.1    2.0    1.9    29   10.1    0.6    3.2    0.00   977.12   441   25.4    1.7   -995   -995   -995   -995   -995    -995    -995    -995
 KIN2   133   975     77   25.9    1.0    1.0    41   20.1    0.6    2.4    0.00   977.09   499   25.6    0.7   26.9   28.0   27.4   27.0   26.5    -995    -995    -995
 KIN2   133   980     75   26.7    2.1    2.1    79   15.0    0.8    3.6    0.00   977.10   675   25.8    1.6   -995   -995   -995   -995   -995    -995    -995    -995
 KIN2   133   985     74   26.4    1.4    1.4   108   19.9    0.5    2.6    0.00   977.16   500   25.9    1.3   -995   -995   -995   -995   -995    -995    -995    -995
 KIN2   133   990     75   26.2    0.6    0.6    19   30.2    0.4    1.9    0.00   977.17   312   26.0    0.3   26.9   28.2   27.5   27.0   26.4    2.80    2.56    3.69
 KIN2   133   995     74   26.7    1.9    1.6    80   32.8    0.9    4.1    0.00   977.19   356   26.3    1.3   -995   -995   -995   -995   -995    -995    -995    -995
 KIN2   133  1000     73   27.1    1.2    0.9   106   37.5    0.5    2.1    0.00   977.19   874   26.7    0.7   -995   -995   -995   -995   -995    -995    -995    -995
 KIN2   133  1005     69   28.0    1.0    0.8    75   35.3    0.6    2.7    0.00   977.16   965   27.5    0.8   27.0   28.5   27.7   27.0   26.5    -995    -995    -995
 KIN2   133  1010     68   28.1    2.0    1.9   146   16.9    0.9    3.3    0.00   977.12   944   27.2    1.8   -995   -995   -995   -995   -995    -995    -995    -995
 KIN2   133  1015     68   27.6    0.8    0.6   352   38.4    0.6    1.9    0.00   976.97   629   27.6    0.7   -995   -995   -995   -995   -995    -995    -995    -995
 KIN2   133  1020     68   28.8    1.3    0.8    71   50.3    0.9    3.3    0.00   976.89   538   28.2    0.9   27.0   28.7   27.9   27.0   26.4    2.81    2.58    3.70
 KIN2   133  1025     66   28.4    1.6    1.4   131   32.4    0.7    3.2    0.00   976.91   421   27.7    1.2   -995   -995   -995   -995   -995    -995    -995    -995
 KIN2   133  1030     68   28.1    2.1    1.8   136   34.2    0.7    3.6    0.00   976.93   342   27.5    1.6   -995   -995   -995   -995   -995    -995    -995    -995
 KIN2   133  1035     68   27.9    2.1    2.0    93   15.8    0.7    3.7    0.00   976.85   408   27.2    1.5   27.1   29.1   28.1   27.0   26.4    -995    -995    -995
 KIN2   133  1040     68   28.7    1.7    1.6    88   20.6    0.9    3.6    0.00   976.77   753   27.8    1.2   -995   -995   -995   -995   -995    -995    -995    -995
 KIN2   133  1045     65   29.2    2.0    1.8   133   26.0    0.6    4.1    0.00   976.75   885   28.2    1.6   -995   -995   -995   -995   -995    -995    -995    -995
 KIN2   133  1050     65   29.0    2.7    2.6    85   13.6    0.8    4.0    0.00   976.67   833   27.9    2.1   27.3   29.5   28.3   27.1   26.5    2.81    2.59    3.69
 KIN2   133  1055     65   29.4    1.9    1.6    98   30.5    1.0    4.5    0.00   976.55   981   28.2    1.6   -995   -995   -995   -995   -995    -995    -995    -995
 KIN2   133  1060     63   29.9    3.0    2.9    78   17.0    0.6    4.7    0.00   976.44   813   28.4    2.4   -995   -995   -995   -995   -995    -995    -995    -995
 KIN2   133  1065     64   29.7    2.2    2.0    83   24.8    0.8    3.9    0.00   976.34   775   28.6    1.7   27.3   29.8   28.5   27.0   26.5    -995    -995    -995
 KIN2   133  1070     62   30.1    3.0    2.9    72   16.6    0.7    4.3    0.00   976.21   723   28.9    2.3   -995   -995   -995   -995   -995    -995    -995    -995
 KIN2   133  1075     63   29.6    3.0    3.0    99   10.6    0.6    4.2    0.00   976.17   641   28.7    2.4   -995   -995   -995   -995   -995    -995    -995    -995
 KIN2   133  1080     63   29.9    2.3    2.3    84   12.9    0.7    4.2    0.00   976.12   514   28.9    1.6   27.5   30.2   28.9   27.1   26.5    2.80    2.62    3.69
 KIN2   133  1085     62   30.1    1.9    1.8   140   20.4    0.9    3.9    0.00   976.07   867   29.3    1.5   -995   -995   -995   -995   -995    -995    -995    -995
 KIN2   133  1090     58   30.4    2.9    2.6   159   27.4    1.1    5.2    0.00   976.03   610   29.4    2.4   -995   -995   -995   -995   -995    -995    -995    -995
 KIN2   133  1095     56   31.5    3.8    3.6   154   18.5    1.2    6.5    0.00   976.02   997   30.0    3.3   27.6   30.6   29.2   27.1   26.5    -995    -995    -995
 KIN2   133  1100     55   31.5    4.4    4.3   163   12.7    1.2    7.1    0.00   975.99   902   30.0    3.7   -995   -995   -995   -995   -995    -995    -995    -995
 KIN2   133  1105     57   30.8    4.7    4.5   149   14.0    1.2    7.1    0.00   975.95   545   29.5    3.8   -995   -995   -995   -995   -995    -995    -995    -995
 KIN2   133  1110     55   31.5    5.1    5.0   133   10.0    1.0    6.8    0.00   975.89   970   29.9    4.2   27.8   31.0   29.4   27.1   26.5    2.80    2.62    3.69
 KIN2   133  1115     54   31.7    5.8    5.6   154   17.4    1.1    8.1    0.00   975.86   948   30.1    5.0   -995   -995   -995   -995   -995    -995    -995    -995
 KIN2   133  1120     52   32.3    5.2    5.0   174   14.8    1.3    7.8    0.00   975.84   981   30.5    4.4   -995   -995   -995   -995   -995    -995    -995    -995
 KIN2   133  1125     49   32.0    5.6    5.2   170   19.7    1.2    7.7    0.00   975.80   928   30.3    4.6   27.9   31.4   29.6   27.2   26.5    -995    -995    -995
 KIN2   133  1130     49   32.3    5.3    5.2   174   12.8    1.2    9.0    0.00   975.71   989   30.4    4.4   -995   -995   -995   -995   -995    -995    -995    -995
 KIN2   133  1135     51   31.7    5.3    5.2   171   12.2    1.5    7.8    0.00   975.66   696   30.2    4.5   -995   -995   -995   -995   -995    -995    -995    -995
 KIN2   133  1140     52   31.9    5.8    5.6   161   14.8    0.7    7.3    0.00   975.64   868   30.4    4.9   28.1   31.8   29.9   27.2   26.5    2.80    2.64    3.69
 KIN2   133  1145     53   31.9    4.5    4.4   162    9.9    1.4    7.3    0.00   975.63   852   30.3    3.8   -995   -995   -995   -995   -995    -995    -995    -995
 KIN2   133  1150     53   31.0    4.8    4.7   140   13.0    0.9    7.4    0.00   975.52   507   30.1    4.0   -995   -995   -995   -995   -995    -995    -995    -995
 KIN2   133  1155     52   32.0    5.7    5.6   150   10.0    0.9    7.7    0.00   975.42   943   30.5    4.5   28.2   32.2   30.1   27.3   26.6    -995    -995    -995
 KIN2   133  1160     52   32.1    4.9    4.8   165   14.1    1.5    7.7    0.00   975.37   980   30.4    3.9   -995   -995   -995   -995   -995    -995    -995    -995
 KIN2   133  1165     47   32.4    4.3    4.2   173   13.8    1.4    8.2    0.00   975.36  1003   30.7    3.7   -995   -995   -995   -995   -995    -995    -995    -995
 KIN2   133  1170     50   31.9    3.7    3.6   162   14.9    1.6    7.4    0.00   975.29   705   30.8    3.2   28.4   32.5   30.3   27.3   26.5    2.81    2.64    3.69
 KIN2   133  1175     52   31.4    4.2    4.1   125   13.2    0.6    6.1    0.00   975.19   558   30.4    3.5   -995   -995   -995   -995   -995    -995    -995    -995
 KIN2   133  1180     52   31.5    5.9    5.6   146   17.7    1.1    8.2    0.00   975.11   411   30.5    4.7   -995   -995   -995   -995   -995    -995    -995    -995
 KIN2   133  1185     52   31.7    4.1    4.0   142   14.7    1.1    7.2    0.00   975.03   891   30.6    3.3   28.5   32.9   30.5   27.3   26.5    -995    -995    -995
 KIN2   133  1190     49   32.6    4.5    4.3   170   16.2    0.8    5.9    0.00   974.90   660   31.1    3.9   -995   -995   -995   -995   -995    -995    -995    -995
 KIN2   133  1195     50   31.6    4.8    4.1   162   30.2    0.8    6.4    0.00   974.81   563   30.7    3.7   -995   -995   -995   -995   -995    -995    -995    -995
 KIN2   133  1200     48   32.6    4.5    4.4   166   12.0    0.9    6.9    0.00   974.79   908   31.2    3.8   28.6   33.2   30.5   27.4   26.6    2.82    2.65    3.69
 KIN2   133  1205     49   32.7    4.4    4.2   135   16.1    0.8    6.3    0.00   974.69   958   31.0    3.6   -995   -995   -995   -995   -995    -995    -995    -995
 KIN2   133  1210     49   32.8    4.4    4.3   152   12.9    0.8    6.2    0.00   974.61   756   31.3    3.6   -995   -995   -995   -995   -995    -995    -995    -995
 KIN2   133  1215     50   32.3    4.0    4.0   124   10.4    0.9    6.2    0.00   974.48   815   30.8    3.2   28.7   33.4   30.5   27.4   26.5    -995    -995    -995
 KIN2   133  1220     48   32.8    4.5    4.3   154   19.5    1.1    7.0    0.00   974.36   912   31.4    3.8   -995   -995   -995   -995   -995    -995    -995    -995
 KIN2   133  1225     50   32.0    3.7    3.6   193   10.2    0.5    4.9    0.00   974.30   291   31.1    3.2   -995   -995   -995   -995   -995    -995    -995    -995
 KIN2   133  1230     52   31.5    2.4    2.1   167   30.6    0.6    4.5    0.00   974.19   405   30.9    2.0   28.8   33.7   30.6   27.4   26.5    2.84    2.68    3.69
 KIN2   133  1235     51   32.5    4.2    4.0   137   14.0    0.8    6.6    0.00   974.13   821   31.3    3.3   -995   -995   -995   -995   -995    -995    -995    -995
 KIN2   133  1240     50   32.6    5.0    4.9   168   10.9    1.1    6.8    0.00   974.09   510   31.4    4.2   -995   -995   -995   -995   -995    -995    -995    -995
 KIN2   133  1245     50   32.2    2.9    2.6   168   25.4    1.1    4.9    0.00   973.98   611   31.4    2.2   29.0   33.9   30.7   27.4   26.5    -995    -995    -995
 KIN2   133  1250     48   33.2    4.0    3.8   190   19.4    0.8    5.8    0.00   973.89   791   31.7    3.2   -995   -995   -995   -995   -995    -995    -995    -995
 KIN2   133  1255     48   33.2    3.8    3.6   155   20.5    1.2    6.3    0.00   973.84   812   32.0    3.3   -995   -995   -995   -995   -995    -995    -995    -995
 KIN2   133  1260     50   32.5    3.1    2.9   152   21.6    1.0    6.1    0.00   973.82   562   31.5    2.7   29.0   34.1   30.6   27.5   26.5    2.85    2.68    3.69
 KIN2   133  1265     50   32.3    3.9    3.3   162   32.0    0.9    5.9    0.00   973.75   239   31.6    3.2   -995   -995   -995   -995   -995    -995    -995    -995
 KIN2   133  1270     51   31.9    3.6    3.0   162   32.5    0.6    5.1    0.00   973.68   247   31.4    2.9   -995   -995   -995   -995   -995    -995    -995    -995
 KIN2   133  1275     50   32.3    3.5    3.3   151   17.6    0.9    6.0    0.00   973.61   405   31.7    2.8   29.1   34.3   30.7   27.5   26.5    -995    -995    -995
 KIN2   133  1280     49   32.1    4.5    4.5   148    8.0    1.0    6.3    0.00   973.55   139   31.7    3.7   -995   -995   -995   -995   -995    -995    -995    -995
 KIN2   133  1285     49   32.5    4.1    4.0   138   14.1    0.7    5.6    0.00   973.46   642   31.9    3.3   -995   -995   -995   -995   -995    -995    -995    -995
 KIN2   133  1290     45   33.9    5.5    5.1   174   20.1    0.7    7.4    0.00   973.37   737   32.2    4.4   29.2   34.5   30.7   27.6   26.6    2.86    2.69    3.69
 KIN2   133  1295     44   33.6    4.3    4.2   171   10.9    0.9    6.7    0.00   973.36   711   32.4    3.7   -995   -995   -995   -995   -995    -995    -995    -995
 KIN2   133  1300     45   33.8    5.5    5.4   151   12.0    1.1    7.9    0.00   973.32   681   32.4    4.3   -995   -995   -995   -995   -995    -995    -995    -995
 KIN2   133  1305     46   33.4    3.9    3.9   158   10.0    1.0    6.4    0.00   973.28   419   32.2    3.3   29.2   34.5   30.5   27.6   26.5    -995    -995    -995
 KIN2   133  1310     48   32.4    3.9    3.9   140    8.1    0.7    5.8    0.00   973.27   322   32.0    3.0   -995   -995   -995   -995   -995    -995    -995    -995
 KIN2   133  1315     47   32.9    3.8    3.6   162   19.4    0.5    5.0    0.00   973.26   311   32.3    3.2   -995   -995   -995   -995   -995    -995    -995    -995
 KIN2   133  1320     48   32.5    5.4    5.3   156   11.4    0.9    7.8    0.00   973.28   303   32.0    4.1   29.3   34.6   30.5   27.6   26.5    2.88    2.71    3.68
 KIN2   133  1325     47   33.5    6.1    6.0   161    9.3    1.1    8.7    0.00   973.26   610   32.3    4.7   -995   -995   -995   -995   -995    -995    -995    -995
 KIN2   133  1330     45   33.6    5.0    4.9   168    9.2    1.2    7.7    0.00   973.24   587   32.5    4.1   -995   -995   -995   -995   -995    -995    -995    -995
 KIN2   133  1335     45   33.3    5.0    4.8   160   16.0    1.1    7.8    0.00   973.24   528   32.3    4.1   29.3   34.7   30.4   27.7   26.5    -995    -995    -995
 KIN2   133  1340     45   33.2    5.4    5.2   168   14.9    0.7    7.7    0.00   973.26   345   32.5    4.4   -995   -995   -995   -995   -995    -995    -995    -995
 KIN2   133  1345     44   33.5    5.5    5.2   158   20.6    1.2    7.9    0.00   973.26   469   32.7    4.4   -995   -995   -995   -995   -995    -995    -995    -995
 KIN2   133  1350     43   33.5    5.7    5.6   159   10.1    0.9    7.5    0.00   973.30   477   32.5    4.6   29.4   34.7   30.3   27.7   26.5    2.89    2.72    3.69
 KIN2   133  1355     44   33.2    5.2    5.1   173    8.5    0.9    6.9    0.00   973.30   256   32.5    4.2   -995   -995   -995   -995   -995    -995    -995    -995
 KIN2   133  1360     45   33.3    5.5    5.4   182   11.1    0.8    7.3    0.00   973.26   453   32.3    4.4   -995   -995   -995   -995   -995    -995    -995    -995
 KIN2   133  1365     44   33.5    6.3    6.3   173    7.9    1.0    8.9    0.00   973.26   433   32.5    5.0   29.4   34.8   30.3   27.8   26.5    -995    -995    -995
 KIN2   133  1370     44   33.5    6.6    6.5   179    7.8    0.8    9.2    0.00   973.27   424   32.4    5.4   -995   -995   -995   -995   -995    -995    -995    -995
 KIN2   133  1375     44   33.2    5.8    5.8   176    7.4    1.3    8.3    0.00   973.26   400   32.3    4.8   -995   -995   -995   -995   -995    -995    -995    -995
 KIN2   133  1380     43   33.4    6.1    6.1   168    7.1    1.2    8.2    0.00   973.27   379   32.7    4.9   29.4   34.8   30.2   27.8   26.5    2.91    2.73    3.70
 KIN2   133  1385     43   33.4    6.5    6.4   178    9.5    0.8    8.4    0.00   973.24   365   32.5    5.2   -995   -995   -995   -995   -995    -995    -995    -995
 KIN2   133  1390     44   33.1    5.5    5.4   166   11.8    0.7    7.1    0.00   973.27   352   32.4    4.4   -995   -995   -995   -995   -995    -995    -995    -995
 KIN2   133  1395     44   33.3    5.8    5.8   174    7.9    0.8    7.1    0.00   973.32   336   32.5    4.6   29.4   34.8   30.1   27.9   26.5    -995    -995    -995
 KIN2   133  1400     43   33.2    6.7    6.6   170    9.7    1.2    9.6    0.00   973.37   315   32.4    5.1   -995   -995   -995   -995   -995    -995    -995    -995
 KIN2   133  1405     44   32.8    6.5    6.4   166   12.4    0.9    9.1    0.00   973.44   299   32.2    5.2   -995   -995   -995   -995   -995    -995    -995    -995
 KIN2   133  1410     44   32.8    6.7    6.5   164   12.3    0.7    8.4    0.00   973.50   279   32.3    5.1   29.5   34.8   30.0   27.9   26.5    2.93    2.74    3.70
 KIN2   133  1415     44   32.7    6.1    5.9   170   11.7    0.9    7.9    0.00   973.54   258   32.2    4.8   -995   -995   -995   -995   -995    -995    -995    -995
 KIN2   133  1420     44   32.7    5.7    5.6   162   10.0    0.7    6.9    0.00   973.58   238   32.2    4.3   -995   -995   -995   -995   -995    -995    -995    -995
 KIN2   133  1425     45   32.5    6.2    6.0   162   11.1    0.7    7.9    0.00   973.55   219   32.1    4.9   29.5   34.8   29.9   28.0   26.6    -995    -995    -995
 KIN2   133  1430     46   32.2    5.6    5.6   154    8.2    0.8    7.2    0.00   973.53   199   32.0    4.4   -995   -995   -995   -995   -995    -995    -995    -995
 KIN2   133  1435     47   32.2    6.0    6.0   166    8.4    0.8    7.8    0.00   973.51   179   32.0    4.8   -995   -995   -995   -995   -995    -995    -995    -995
</pre>