<pre>  101 ! (c) 2019 Oklahoma Climatological Survey and the Oklahoma Mesonet - all rights reserved
  21 2019 05 17 00 00 00
 STID  STNM  TIME   RELH   TAIR   WSPD   WVEC  WDIR   WDSD   WSSD   WMAX    RAIN     PRES  SRAD   TA9M   WS2M   TS10   TB10   TS05   TS25   TS60    TR05    TR25    TR60
 KIN2   133     0     61   27.6    7.0    6.9   181    7.3    1.0    9.9    0.00   971.05   205   28.1    4.9   22.9   30.3   23.8   20.0   17.7    1.54    1.51    1.40
 KIN2   133     5     61   27.5    7.5    7.4   181    6.7    1.2   10.6    0.00   970.94   208   28.1    5.2   -995   -995   -995   -995   -995    -995    -995    -995
 KIN2   133    10     62   27.4    6.8    6.8   180    7.9    1.1   10.1    0.00   970.90   197   28.0    4.6   -995   -995   -995   -995   -995    -995    -995    -995
 KIN2   133    15     61   27.4    7.6    7.6   181    6.6    1.2   11.2    0.00   970.91   182   28.0    5.4   22.8   30.1   23.6   20.1   17.7    -995    -995    -995
 KIN2   133    20     62   27.1    6.8    6.7   179    8.7    0.9    9.6    0.00   970.95   165   27.7    4.7   -995   -995   -995   -995   -995    -995    -995    -995
 KIN2   133    25     62   27.0    7.3    7.3   183    7.8    0.8    9.7    0.00   970.99   137   27.6    5.2   -995   -995   -995   -995   -995    -995    -995    -995
 KIN2   133    30     63   26.7    6.6    6.5   188    6.8    1.0    8.9    0.00   971.06   109   27.4    4.5   22.8   29.9   23.5   20.1   17.7    1.54    1.51    1.40
 KIN2   133    35     65   26.3    5.5    5.5   187    7.7    0.8    7.1    0.00   971.10    91   27.1    3.8   -995   -995   -995   -995   -995    -995    -995    -995
 KIN2   133    40     66   26.1    5.7    5.6   186    7.2    1.0    8.6    0.00   971.13    83   26.9    3.8   -995   -995   -995   -995   -995    -995    -995    -995
 KIN2   133    45     66   25.9    5.6    5.6   188    7.0    0.8    7.8    0.00   971.15    81   26.8    3.7   22.7   29.7   23.3   20.1   17.7    -995    -995    -995
 KIN2   133    50     67   25.7    5.3    5.3   188    6.9    0.8    8.1    0.00   971.19    56   26.6    3.5   -995   -995   -995   -995   -995    -995    -995    -995
 KIN2   133    55     67   25.5    5.3    5.2   188    8.7    0.8    7.8    0.00   971.20    46   26.4    3.6   -995   -995   -995   -995   -995    -995    -995    -995
 KIN2   133    60     67   25.3    5.1    5.0   190    8.1    0.6    6.5    0.00   971.22    26   26.2    3.3   22.7   29.5   23.2   20.2   17.8    1.54    1.51    1.40
 KIN2   133    65     69   25.0    5.2    5.1   186    5.8    0.6    6.9    0.00   971.26    16   26.0    3.2   -995   -995   -995   -995   -995    -995    -995    -995
 KIN2   133    70     70   24.7    4.8    4.8   186    6.7    0.6    6.2    0.00   971.34    12   25.7    3.2   -995   -995   -995   -995   -995    -995    -995    -995
 KIN2   133    75     71   24.4    4.9    4.8   182    5.6    0.5    5.8    0.00   971.45    10   25.3    3.0   22.6   29.3   23.0   20.2   17.8    -995    -995    -995
 KIN2   133    80     73   24.1    4.9    4.8   184    5.9    0.5    6.3    0.00   971.51     7   25.0    3.1   -995   -995   -995   -995   -995    -995    -995    -995
 KIN2   133    85     74   23.8    4.5    4.5   183    5.2    0.4    5.5    0.00   971.53     5   24.8    2.7   -995   -995   -995   -995   -995    -995    -995    -995
 KIN2   133    90     76   23.5    4.2    4.2   182    5.6    0.5    5.5    0.00   971.52     3   24.4    2.4   22.6   29.0   22.9   20.3   17.8    1.54    1.51    1.39
 KIN2   133    95     79   23.0    3.6    3.6   178    4.9    0.3    4.3    0.00   971.53     2   24.0    2.1   -995   -995   -995   -995   -995    -995    -995    -995
 KIN2   133   100     79   22.8    3.9    3.9   176    6.0    0.5    5.3    0.00   971.54     1   23.9    2.2   -995   -995   -995   -995   -995    -995    -995    -995
 KIN2   133   105     77   23.0    4.5    4.5   176    5.9    0.5    5.7    0.00   971.53     0   24.2    2.5   22.5   28.7   22.8   20.3   17.8    -995    -995    -995
 KIN2   133   110     75   23.2    4.7    4.7   175    5.6    0.5    5.8    0.00   971.50     0   24.3    2.8   -995   -995   -995   -995   -995    -995    -995    -995
 KIN2   133   115     75   23.1    4.7    4.7   175    6.0    0.6    5.8    0.00   971.46     0   24.1    2.7   -995   -995   -995   -995   -995    -995    -995    -995
 KIN2   133   120     75   23.2    5.0    4.9   175    7.4    0.5    6.2    0.00   971.42     0   24.2    3.0   22.4   28.4   22.6   20.3   17.8    1.54    1.50    1.39
 KIN2   133   125     74   23.3    4.8    4.7   174    6.0    0.5    6.0    0.00   971.42     0   24.3    2.9   -995   -995   -995   -995   -995    -995    -995    -995
 KIN2   133   130     73   23.3    4.9    4.8   174    6.6    0.5    6.0    0.00   971.39     0   24.2    3.2   -995   -995   -995   -995   -995    -995    -995    -995
 KIN2   133   135     72   23.3    5.0    5.0   173    6.4    0.6    6.7    0.00   971.37     0   24.2    3.2   22.3   28.1   22.4   20.2   17.7    -995    -995    -995
 KIN2   133   140     72   23.1    4.8    4.8   175    5.5    0.5    6.1    0.00   971.40     0   24.1    3.0   -995   -995   -995   -995   -995    -995    -995    -995
 KIN2   133   145     73   23.0    4.7    4.7   175    6.4    0.6    6.0    0.00   971.47     0   24.0    2.8   -995   -995   -995   -995   -995    -995    -995    -995
 KIN2   133   150     73   22.8    4.6    4.6   176    7.7    0.5    6.2    0.00   971.50     0   23.9    2.8   22.2   27.8   22.3   20.2   17.7    1.54    1.51    1.39
 KIN2   133   155     73   22.7    4.6    4.6   176    6.7    0.5    6.0    0.00   971.51     0   23.7    2.8   -995   -995   -995   -995   -995    -995    -995    -995
 KIN2   133   160     73   22.6    4.8    4.8   176    7.5    0.6    6.4    0.00   971.51     0   23.6    3.0   -995   -995   -995   -995   -995    -995    -995    -995
 KIN2   133   165     72   22.5    4.9    4.9   175    6.5    0.5    6.2    0.00   971.54     0   23.5    3.1   22.1   27.5   22.1   20.2   17.7    -995    -995    -995
 KIN2   133   170     72   22.6    5.1    5.0   176    6.0    0.7    7.2    0.00   971.59     0   23.5    3.3   -995   -995   -995   -995   -995    -995    -995    -995
 KIN2   133   175     73   22.3    4.6    4.6   177    6.8    0.6    6.4    0.00   971.63     0   23.2    2.8   -995   -995   -995   -995   -995    -995    -995    -995
 KIN2   133   180     73   22.2    4.9    4.8   177    7.2    0.8    6.9    0.00   971.63     0   23.1    3.1   22.0   27.2   22.0   20.2   17.7    1.55    1.51    1.40
 KIN2   133   185     73   22.3    5.3    5.2   177    7.4    0.6    6.9    0.00   971.65     0   23.2    3.4   -995   -995   -995   -995   -995    -995    -995    -995
 KIN2   133   190     72   22.4    5.6    5.6   176    6.8    0.7    7.3    0.00   971.63     0   23.2    3.7   -995   -995   -995   -995   -995    -995    -995    -995
 KIN2   133   195     72   22.3    5.1    5.1   175    7.3    0.7    7.1    0.00   971.68     0   23.1    3.4   22.0   27.0   21.9   20.2   17.7    -995    -995    -995
 KIN2   133   200     72   22.3    5.4    5.4   176    7.0    0.8    7.1    0.00   971.71     0   23.1    3.6   -995   -995   -995   -995   -995    -995    -995    -995
 KIN2   133   205     73   22.1    5.0    5.0   176    6.8    0.6    6.6    0.00   971.74     0   23.0    3.1   -995   -995   -995   -995   -995    -995    -995    -995
 KIN2   133   210     74   22.0    5.1    5.0   177    7.4    0.7    6.7    0.00   971.79     0   22.9    3.1   21.9   26.7   21.8   20.2   17.7    1.55    1.51    1.40
 KIN2   133   215     74   21.9    5.0    5.0   177    7.5    0.6    6.6    0.00   971.86     0   22.8    3.1   -995   -995   -995   -995   -995    -995    -995    -995
 KIN2   133   220     75   21.8    4.7    4.7   178    7.9    0.7    5.9    0.00   971.88     0   22.7    3.0   -995   -995   -995   -995   -995    -995    -995    -995
 KIN2   133   225     76   21.7    4.5    4.5   177    7.2    0.6    5.9    0.00   971.88     0   22.6    2.8   21.8   26.5   21.7   20.2   17.7    -995    -995    -995
 KIN2   133   230     76   21.6    4.5    4.5   177    6.8    0.6    5.7    0.00   971.91     0   22.5    2.9   -995   -995   -995   -995   -995    -995    -995    -995
 KIN2   133   235     76   21.6    4.7    4.7   178    8.1    0.6    5.9    0.00   971.93     0   22.5    3.0   -995   -995   -995   -995   -995    -995    -995    -995
 KIN2   133   240     76   21.5    4.7    4.7   179    6.0    0.6    5.8    0.00   971.94     0   22.4    3.0   21.7   26.2   21.6   20.2   17.7    1.55    1.51    1.40
 KIN2   133   245     77   21.4    4.4    4.3   179    6.8    0.5    5.7    0.00   971.92     0   22.3    2.7   -995   -995   -995   -995   -995    -995    -995    -995
 KIN2   133   250     78   21.3    4.3    4.3   179    7.3    0.5    6.3    0.00   971.92     0   22.2    2.5   -995   -995   -995   -995   -995    -995    -995    -995
 KIN2   133   255     78   21.3    4.5    4.4   178    6.5    0.5    5.8    0.00   971.92     0   22.2    2.7   21.7   26.0   21.5   20.2   17.7    -995    -995    -995
 KIN2   133   260     78   21.4    4.5    4.5   178    7.2    0.6    5.9    0.00   971.91     0   22.2    2.9   -995   -995   -995   -995   -995    -995    -995    -995
 KIN2   133   265     77   21.4    4.8    4.8   179    5.9    0.6    6.7    0.00   971.87     0   22.2    2.9   -995   -995   -995   -995   -995    -995    -995    -995
 KIN2   133   270     78   21.3    5.0    4.9   179    7.0    0.7    6.5    0.00   971.82     0   22.2    3.2   21.6   25.8   21.4   20.2   17.7    1.55    1.51    1.39
 KIN2   133   275     77   21.4    5.0    5.0   179    7.1    0.6    6.4    0.00   971.78     0   22.2    3.3   -995   -995   -995   -995   -995    -995    -995    -995
 KIN2   133   280     78   21.3    4.8    4.8   180    6.8    0.6    6.4    0.00   971.78     0   22.1    3.2   -995   -995   -995   -995   -995    -995    -995    -995
 KIN2   133   285     78   21.2    4.9    4.8   180    6.7    0.5    6.4    0.00   971.76     0   22.0    3.1   21.5   25.6   21.3   20.2   17.7    -995    -995    -995
 KIN2   133   290     79   21.1    4.9    4.8   181    7.0    0.6    6.3    0.00   971.72     0   21.9    3.1   -995   -995   -995   -995   -995    -995    -995    -995
 KIN2   133   295     79   21.0    4.6    4.5   180    6.9    0.6    5.7    0.00   971.65     0   21.8    2.9   -995   -995   -995   -995   -995    -995    -995    -995
 KIN2   133   300     80   20.9    4.8    4.7   178    7.0    0.8    7.1    0.00   971.61     0   21.7    2.9   21.4   25.4   21.2   20.2   17.7    1.56    1.51    1.40
 KIN2   133   305     79   21.0    5.1    5.1   178    7.4    0.6    6.5    0.00   971.57     0   21.8    3.3   -995   -995   -995   -995   -995    -995    -995    -995
 KIN2   133   310     79   21.0    4.9    4.9   178    7.1    0.6    6.5    0.00   971.48     0   21.8    3.1   -995   -995   -995   -995   -995    -995    -995    -995
 KIN2   133   315     79   21.1    4.9    4.9   177    8.0    0.8    7.3    0.00   971.40     0   21.8    3.3   21.4   25.2   21.1   20.2   17.7    -995    -995    -995
 KIN2   133   320     79   21.1    5.1    5.1   176    7.7    0.8    6.7    0.00   971.31     0   21.8    3.4   -995   -995   -995   -995   -995    -995    -995    -995
 KIN2   133   325     79   21.0    5.0    4.9   174    8.0    0.6    6.5    0.00   971.22     0   21.7    3.3   -995   -995   -995   -995   -995    -995    -995    -995
 KIN2   133   330     79   21.0    5.1    5.1   175    8.2    0.8    7.3    0.00   971.12     0   21.7    3.3   21.3   25.0   21.0   20.2   17.7    1.56    1.51    1.40
 KIN2   133   335     79   21.0    5.5    5.5   175    6.6    0.7    7.4    0.00   971.03     0   21.7    3.8   -995   -995   -995   -995   -995    -995    -995    -995
 KIN2   133   340     78   21.0    5.5    5.4   174    6.7    0.7    7.2    0.00   970.94     0   21.6    3.8   -995   -995   -995   -995   -995    -995    -995    -995
 KIN2   133   345     78   20.9    5.7    5.6   175    7.1    0.8    7.6    0.00   970.90     0   21.6    3.8   21.2   24.8   21.0   20.2   17.7    -995    -995    -995
 KIN2   133   350     78   21.0    5.7    5.7   176    6.4    0.9    8.0    0.00   970.84     0   21.6    3.9   -995   -995   -995   -995   -995    -995    -995    -995
 KIN2   133   355     78   20.9    5.8    5.8   178    8.0    0.7    7.3    0.00   970.83     0   21.5    4.0   -995   -995   -995   -995   -995    -995    -995    -995
 KIN2   133   360     78   20.8    5.9    5.9   178    6.6    0.8    8.0    0.00   970.82     0   21.4    4.2   21.2   24.6   20.9   20.2   17.7    1.57    1.51    1.40
 KIN2   133   365     78   20.7    5.6    5.6   177    7.0    0.8    7.8    0.00   970.80     0   21.3    3.8   -995   -995   -995   -995   -995    -995    -995    -995
 KIN2   133   370     79   20.5    5.4    5.4   178    7.5    0.8    6.8    0.00   970.81     0   21.2    3.6   -995   -995   -995   -995   -995    -995    -995    -995
 KIN2   133   375     79   20.5    6.0    6.0   179    6.1    0.8    7.9    0.00   970.86     0   21.2    4.0   21.1   24.5   20.9   20.2   17.7    -995    -995    -995
 KIN2   133   380     80   20.3    5.4    5.4   182    7.8    0.7    7.1    0.00   970.86     0   21.0    3.6   -995   -995   -995   -995   -995    -995    -995    -995
 KIN2   133   385     80   20.3    6.0    6.0   182    5.5    0.8    7.7    0.00   970.81     0   20.9    4.0   -995   -995   -995   -995   -995    -995    -995    -995
 KIN2   133   390     81   20.1    5.4    5.3   184    8.7    0.9    7.8    0.00   970.78     0   20.7    3.5   21.1   24.3   20.8   20.2   17.7    1.57    1.51    1.40
 KIN2   133   395     81   20.0    5.5    5.4   183    7.9    0.7    6.8    0.00   970.73     0   20.6    3.8   -995   -995   -995   -995   -995    -995    -995    -995
 KIN2   133   400     82   20.0    5.3    5.2   182    8.5    0.7    7.4    0.00   970.69     0   20.5    3.5   -995   -995   -995   -995   -995    -995    -995    -995
 KIN2   133   405     82   19.9    5.2    5.2   188    8.2    1.0    7.4    0.00   970.66     0   20.5    3.5   21.0   24.2   20.7   20.2   17.8    -995    -995    -995
 KIN2   133   410     82   19.9    5.4    5.4   189    8.0    0.7    7.3    0.00   970.64     0   20.5    3.7   -995   -995   -995   -995   -995    -995    -995    -995
 KIN2   133   415     83   19.9    5.2    5.2   190    8.1    0.9    7.5    0.00   970.66     0   20.5    3.5   -995   -995   -995   -995   -995    -995    -995    -995
 KIN2   133   420     83   20.0    5.4    5.3   189    8.0    1.0    7.5    0.00   970.66     0   20.6    3.5   21.0   24.0   20.7   20.1   17.8    1.56    1.51    1.40
 KIN2   133   425     82   20.1    5.7    5.7   189    8.4    0.9    7.9    0.00   970.56     0   20.7    4.0   -995   -995   -995   -995   -995    -995    -995    -995
 KIN2   133   430     82   20.1    5.9    5.8   186    7.8    0.9    7.7    0.00   970.46     0   20.7    3.9   -995   -995   -995   -995   -995    -995    -995    -995
 KIN2   133   435     83   20.1    6.1    6.1   188    6.9    0.9    8.4    0.00   970.39     0   20.6    4.3   20.9   23.8   20.6   20.1   17.8    -995    -995    -995
 KIN2   133   440     82   20.1    6.4    6.3   189    7.8    0.9    8.3    0.00   970.33     0   20.6    4.3   -995   -995   -995   -995   -995    -995    -995    -995
 KIN2   133   445     83   20.1    6.6    6.6   187    6.3    1.0    8.8    0.00   970.26     0   20.6    4.6   -995   -995   -995   -995   -995    -995    -995    -995
 KIN2   133   450     83   20.0    6.0    5.9   188    9.0    0.9    7.7    0.00   970.23     0   20.5    4.0   20.9   23.7   20.6   20.1   17.8    1.57    1.52    1.40
 KIN2   133   455     83   20.0    6.8    6.7   184    7.1    1.0    9.7    0.00   970.14     0   20.5    4.6   -995   -995   -995   -995   -995    -995    -995    -995
 KIN2   133   460     83   20.0    6.3    6.2   185    7.1    0.9    8.8    0.00   970.10     0   20.5    4.3   -995   -995   -995   -995   -995    -995    -995    -995
 KIN2   133   465     84   19.9    6.6    6.5   187    7.2    0.9    8.5    0.00   970.12     0   20.5    4.4   20.8   23.5   20.5   20.1   17.8    -995    -995    -995
 KIN2   133   470     84   19.9    6.0    6.0   188    7.7    0.9    8.3    0.00   970.13     0   20.4    3.9   -995   -995   -995   -995   -995    -995    -995    -995
 KIN2   133   475     84   19.9    6.1    6.1   186    6.5    0.7    8.0    0.00   970.14     0   20.5    4.2   -995   -995   -995   -995   -995    -995    -995    -995
 KIN2   133   480     84   19.9    5.5    5.5   185    7.5    0.6    6.9    0.00   970.17     0   20.4    3.9   20.8   23.4   20.5   20.1   17.8    1.57    1.51    1.40
 KIN2   133   485     84   19.9    5.8    5.8   184    7.5    0.8    7.8    0.00   970.14     0   20.4    3.8   -995   -995   -995   -995   -995    -995    -995    -995
 KIN2   133   490     84   19.9    5.4    5.3   183    9.3    0.7    7.6    0.00   970.11     0   20.4    3.7   -995   -995   -995   -995   -995    -995    -995    -995
 KIN2   133   495     84   19.9    5.9    5.8   183    7.7    1.0    8.7    0.00   970.07     0   20.5    4.0   20.7   23.3   20.4   20.1   17.8    -995    -995    -995
 KIN2   133   500     84   19.9    5.4    5.4   183    8.1    0.7    7.4    0.00   970.05     0   20.4    3.7   -995   -995   -995   -995   -995    -995    -995    -995
 KIN2   133   505     84   20.0    5.4    5.4   185    8.0    0.8    7.2    0.00   970.04     0   20.5    3.7   -995   -995   -995   -995   -995    -995    -995    -995
 KIN2   133   510     85   19.9    4.9    4.9   184    8.0    0.7    6.3    0.00   970.04     0   20.4    3.1   20.7   23.1   20.4   20.0   17.8    1.57    1.51    1.39
 KIN2   133   515     85   19.9    5.1    5.0   184    7.9    0.8    6.9    0.00   970.09     0   20.4    3.3   -995   -995   -995   -995   -995    -995    -995    -995
 KIN2   133   520     85   19.8    4.6    4.5   186    8.3    0.5    5.6    0.00   970.11     0   20.4    2.9   -995   -995   -995   -995   -995    -995    -995    -995
 KIN2   133   525     86   19.8    4.8    4.7   185    8.1    0.7    6.2    0.00   970.09     0   20.4    3.2   20.6   23.0   20.3   20.0   17.8    -995    -995    -995
 KIN2   133   530     86   19.8    4.7    4.6   185    7.8    0.7    6.4    0.00   970.11     0   20.3    3.0   -995   -995   -995   -995   -995    -995    -995    -995
 KIN2   133   535     86   19.9    5.3    5.2   185    6.8    0.7    7.6    0.00   970.09     0   20.4    3.5   -995   -995   -995   -995   -995    -995    -995    -995
 KIN2   133   540     86   19.9    5.2    5.2   184    7.2    0.7    7.2    0.00   970.09     0   20.4    3.5   20.6   22.9   20.3   20.0   17.8    1.57    1.51    1.40
 KIN2   133   545     85   19.9    5.3    5.2   181    6.1    0.8    7.7    0.00   970.07     0   20.4    3.6   -995   -995   -995   -995   -995    -995    -995    -995
 KIN2   133   550     85   19.9    5.2    5.2   182    7.5    0.6    6.5    0.00   970.10     0   20.4    3.4   -995   -995   -995   -995   -995    -995    -995    -995
 KIN2   133   555     86   19.8    5.2    5.1   181    6.8    0.7    6.5    0.00   970.13     0   20.4    3.4   20.5   22.8   20.2   20.0   17.8    -995    -995    -995
 KIN2   133   560     86   19.8    5.1    5.0   181    7.6    0.7    6.7    0.00   970.10     0   20.3    3.4   -995   -995   -995   -995   -995    -995    -995    -995
 KIN2   133   565     86   19.8    5.3    5.3   179    6.7    0.7    6.9    0.00   970.06     0   20.3    3.7   -995   -995   -995   -995   -995    -995    -995    -995
 KIN2   133   570     85   19.9    6.0    6.0   181    6.9    0.7    7.9    0.00   970.01     0   20.4    4.2   20.5   22.7   20.2   20.0   17.8    1.57    1.51    1.40
 KIN2   133   575     85   20.0    5.8    5.8   179    6.9    0.7    7.7    0.00   969.97     0   20.4    4.0   -995   -995   -995   -995   -995    -995    -995    -995
 KIN2   133   580     85   20.0    5.6    5.6   177    7.2    0.9    7.8    0.00   969.94     0   20.4    4.0   -995   -995   -995   -995   -995    -995    -995    -995
 KIN2   133   585     85   20.0    5.5    5.4   178    7.7    1.0    8.0    0.00   969.91     0   20.5    3.7   20.5   22.6   20.2   20.0   17.8    -995    -995    -995
 KIN2   133   590     85   20.0    5.0    4.9   176    9.2    0.7    6.5    0.00   969.93     0   20.5    3.5   -995   -995   -995   -995   -995    -995    -995    -995
 KIN2   133   595     85   20.0    5.4    5.4   177    7.2    1.0    8.0    0.00   969.92     0   20.6    3.8   -995   -995   -995   -995   -995    -995    -995    -995
 KIN2   133   600     84   20.2    5.6    5.6   175    8.0    0.8    7.8    0.00   969.88     0   20.6    4.0   20.4   22.5   20.1   20.0   17.8    1.58    1.51    1.40
 KIN2   133   605     84   20.0    5.2    5.1   175    7.6    0.8    7.0    0.00   969.91     0   20.5    3.5   -995   -995   -995   -995   -995    -995    -995    -995
 KIN2   133   610     85   20.0    5.3    5.2   174    9.6    0.9    7.2    0.00   969.93     0   20.5    3.7   -995   -995   -995   -995   -995    -995    -995    -995
 KIN2   133   615     85   20.0    5.3    5.2   177    7.7    0.8    7.1    0.00   969.94     0   20.5    3.6   20.4   22.4   20.1   20.0   17.8    -995    -995    -995
 KIN2   133   620     85   20.0    5.8    5.8   178    6.9    1.0    8.0    0.00   969.94     0   20.5    3.9   -995   -995   -995   -995   -995    -995    -995    -995
 KIN2   133   625     85   19.9    5.1    5.1   177    7.8    0.7    7.7    0.00   969.94     0   20.4    3.1   -995   -995   -995   -995   -995    -995    -995    -995
 KIN2   133   630     86   19.9    5.5    5.5   176    6.4    0.8    7.3    0.00   969.92     0   20.4    4.0   20.4   22.3   20.1   19.9   17.8    1.58    1.51    1.40
 KIN2   133   635     86   19.8    5.2    5.2   177    7.3    0.7    6.7    0.00   969.92     0   20.3    3.4   -995   -995   -995   -995   -995    -995    -995    -995
 KIN2   133   640     86   19.8    5.6    5.5   179    7.4    0.8    7.1    0.00   969.93     0   20.3    3.9   -995   -995   -995   -995   -995    -995    -995    -995
 KIN2   133   645     86   19.9    5.4    5.4   180    6.6    0.8    7.3    0.00   969.91     0   20.3    3.8   20.3   22.2   20.1   19.9   17.9    -995    -995    -995
 KIN2   133   650     86   19.8    5.8    5.8   180    7.4    1.0    8.6    0.00   969.94     0   20.3    3.9   -995   -995   -995   -995   -995    -995    -995    -995
 KIN2   133   655     86   19.8    5.4    5.4   179    6.3    0.8    7.3    0.00   969.95     0   20.3    3.6   -995   -995   -995   -995   -995    -995    -995    -995
 KIN2   133   660     87   19.7    5.1    5.1   179    7.4    0.6    6.5    0.00   969.94     0   20.2    3.3   20.3   22.1   20.0   19.9   17.9    1.58    1.51    1.42
 KIN2   133   665     87   19.7    5.0    4.9   180    8.1    0.9    7.2    0.00   970.03     0   20.2    3.4   -995   -995   -995   -995   -995    -995    -995    -995
 KIN2   133   670     87   19.7    5.5    5.4   181    6.6    0.8    7.3    0.00   970.06     0   20.2    3.7   -995   -995   -995   -995   -995    -995    -995    -995
 KIN2   133   675     87   19.8    5.7    5.7   179    7.0    0.8    7.8    0.00   970.05     0   20.2    4.0   20.3   22.0   20.0   19.9   17.9    -995    -995    -995
 KIN2   133   680     87   19.7    5.7    5.7   179    7.7    0.8    7.8    0.00   970.06     1   20.2    3.8   -995   -995   -995   -995   -995    -995    -995    -995
 KIN2   133   685     87   19.6    5.4    5.4   181    7.2    0.8    7.2    0.00   970.13     2   20.1    3.6   -995   -995   -995   -995   -995    -995    -995    -995
 KIN2   133   690     88   19.5    5.9    5.9   183    6.5    0.9    7.7    0.00   970.18     4   20.0    4.0   20.2   22.0   20.0   19.9   17.9    1.58    1.51    1.39
 KIN2   133   695     88   19.6    5.7    5.6   182    7.9    0.8    7.6    0.00   970.21     7   20.0    3.8   -995   -995   -995   -995   -995    -995    -995    -995
 KIN2   133   700     88   19.6    6.1    6.1   180    5.6    0.7    7.8    0.00   970.20     8   20.1    4.4   -995   -995   -995   -995   -995    -995    -995    -995
 KIN2   133   705     88   19.6    5.8    5.8   181    6.9    0.9    8.1    0.00   970.18    12   20.0    4.2   20.2   21.9   20.0   19.9   17.9    -995    -995    -995
 KIN2   133   710     88   19.5    5.7    5.7   182    7.2    0.8    7.6    0.00   970.16    20   20.0    3.8   -995   -995   -995   -995   -995    -995    -995    -995
 KIN2   133   715     88   19.6    5.9    5.8   182    6.3    0.9    8.2    0.00   970.12    31   20.0    4.0   -995   -995   -995   -995   -995    -995    -995    -995
 KIN2   133   720     88   19.6    5.9    5.8   184    8.8    1.0    7.4    0.00   970.09    26   20.0    4.0   20.2   21.8   19.9   19.9   17.9    1.58    1.51    1.40
 KIN2   133   725     88   19.7    6.2    6.1   184    7.2    1.1    8.6    0.00   970.10    26   20.1    4.3   -995   -995   -995   -995   -995    -995    -995    -995
 KIN2   133   730     88   19.8    6.4    6.4   181    7.4    0.9    8.4    0.00   970.12    28   20.1    4.7   -995   -995   -995   -995   -995    -995    -995    -995
 KIN2   133   735     88   19.6    5.8    5.8   179    7.9    0.7    7.4    0.00   970.13    34   20.0    4.2   20.1   21.7   19.9   19.8   17.9    -995    -995    -995
 KIN2   133   740     89   19.6    5.7    5.7   180    8.1    0.7    7.8    0.00   970.17    48   20.0    3.8   -995   -995   -995   -995   -995    -995    -995    -995
 KIN2   133   745     89   19.8    6.1    6.0   178    6.9    0.9    7.8    0.00   970.24    63   20.1    4.2   -995   -995   -995   -995   -995    -995    -995    -995
 KIN2   133   750     89   19.7    5.5    5.5   180    7.2    0.9    8.0    0.00   970.26    59   20.0    3.8   20.1   21.6   19.9   19.8   17.9    1.59    1.51    1.39
 KIN2   133   755     89   19.8    5.3    5.2   181    9.2    0.8    7.4    0.00   970.30    64   20.0    3.7   -995   -995   -995   -995   -995    -995    -995    -995
 KIN2   133   760     89   19.8    5.8    5.8   185    7.1    0.9    7.6    0.00   970.36    71   20.1    4.0   -995   -995   -995   -995   -995    -995    -995    -995
 KIN2   133   765     89   20.1    6.9    6.8   183    7.5    1.0    8.8    0.00   970.44   141   20.3    5.0   20.0   21.5   19.8   19.8   17.9    -995    -995    -995
 KIN2   133   770     88   20.4    7.0    6.9   181    8.9    1.0    9.5    0.00   970.49   160   20.5    5.0   -995   -995   -995   -995   -995    -995    -995    -995
 KIN2   133   775     87   20.6    6.5    6.4   182    8.6    0.9    8.6    0.00   970.55   176   20.6    4.5   -995   -995   -995   -995   -995    -995    -995    -995
 KIN2   133   780     87   20.7    6.7    6.6   179    8.7    1.5   10.2    0.00   970.52   157   20.8    4.8   20.0   21.5   19.8   19.7   17.8    1.59    1.52    1.40
 KIN2   133   785     87   21.0    7.8    7.8   184    7.3    1.3   10.1    0.00   970.45   210   21.0    5.3   -995   -995   -995   -995   -995    -995    -995    -995
 KIN2   133   790     86   21.2    8.2    8.1   188    8.4    1.5   11.2    0.00   970.43   242   21.2    5.9   -995   -995   -995   -995   -995    -995    -995    -995
 KIN2   133   795     85   21.5    8.5    8.4   188    7.1    1.6   11.7    0.00   970.47   251   21.5    6.2   19.9   21.4   19.8   19.7   17.8    -995    -995    -995
 KIN2   133   800     85   21.6    9.1    9.0   186    7.6    1.6   12.4    0.00   970.53   245   21.6    6.4   -995   -995   -995   -995   -995    -995    -995    -995
 KIN2   133   805     85   21.8    8.2    8.1   190    9.5    1.9   13.5    0.00   970.60   237   21.8    5.7   -995   -995   -995   -995   -995    -995    -995    -995
 KIN2   133   810     84   21.8    9.8    9.8   186    6.8    1.5   13.7    0.00   970.58   202   21.8    6.9   19.9   21.4   19.8   19.7   17.8    1.60    1.52    1.40
 KIN2   133   815     85   21.9    8.8    8.6   188    9.4    1.6   12.1    0.00   970.56   218   21.9    6.4   -995   -995   -995   -995   -995    -995    -995    -995
 KIN2   133   820     85   22.0    8.9    8.8   191    9.6    1.6   13.0    0.00   970.59   249   22.0    6.3   -995   -995   -995   -995   -995    -995    -995    -995
 KIN2   133   825     84   22.1    8.6    8.6   187    8.1    1.6   12.2    0.00   970.63   192   22.0    6.1   19.9   21.5   19.8   19.7   17.8    -995    -995    -995
 KIN2   133   830     84   22.1    8.9    8.8   190    8.1    1.1   11.9    0.00   970.62   234   22.1    6.3   -995   -995   -995   -995   -995    -995    -995    -995
 KIN2   133   835     84   22.1    9.9    9.8   189    7.6    1.4   13.4    0.00   970.65   212   22.1    7.3   -995   -995   -995   -995   -995    -995    -995    -995
 KIN2   133   840     84   22.2    9.2    9.1   188    8.5    1.2   11.9    0.00   970.67   212   22.2    6.5   19.9   21.6   19.9   19.7   17.9    1.60    1.52    1.40
 KIN2   133   845     84   22.2    8.4    8.3   190    8.9    1.5   11.7    0.00   970.70   224   22.2    5.9   -995   -995   -995   -995   -995    -995    -995    -995
 KIN2   133   850     84   22.3    8.9    8.8   188    8.9    1.3   12.1    0.00   970.74   264   22.3    6.5   -995   -995   -995   -995   -995    -995    -995    -995
 KIN2   133   855     84   22.4    8.5    8.4   187    8.4    1.2   11.2    0.00   970.78   223   22.3    6.0   19.9   21.7   20.0   19.7   17.9    -995    -995    -995
 KIN2   133   860     83   22.3    9.4    9.3   193    8.3    1.3   12.5    0.00   970.82   241   22.3    6.6   -995   -995   -995   -995   -995    -995    -995    -995
 KIN2   133   865     84   22.4    7.7    7.6   192    9.6    1.8   12.1    0.00   970.88   199   22.5    5.5   -995   -995   -995   -995   -995    -995    -995    -995
 KIN2   133   870     83   22.4    7.9    7.8   190    7.8    1.8   11.0    0.00   970.83   213   22.5    5.6   20.0   21.8   20.1   19.7   17.9    1.60    1.51    1.39
 KIN2   133   875     82   22.6    7.7    7.6   185    8.9    1.4   11.1    0.00   970.72   308   22.6    5.6   -995   -995   -995   -995   -995    -995    -995    -995
 KIN2   133   880     81   23.0    9.0    8.9   186    9.2    1.3   11.9    0.00   970.63   422   22.9    6.6   -995   -995   -995   -995   -995    -995    -995    -995
 KIN2   133   885     79   23.3    9.5    9.4   194    8.5    1.3   12.5    0.00   970.59   429   23.0    6.7   20.0   21.9   20.2   19.7   17.9    -995    -995    -995
 KIN2   133   890     79   23.2   10.3   10.2   194    7.7    1.4   13.0    0.00   970.55   322   23.0    7.4   -995   -995   -995   -995   -995    -995    -995    -995
 KIN2   133   895     79   23.1    9.8    9.6   196    8.2    1.5   14.1    0.00   970.54   317   23.1    7.1   -995   -995   -995   -995   -995    -995    -995    -995
 KIN2   133   900     79   23.1    9.0    8.9   197   10.1    1.3   12.1    0.00   970.51   272   23.1    6.4   20.0   22.0   20.2   19.6   17.9    1.60    1.51    1.40
 KIN2   133   905     79   23.3    9.1    9.0   192    9.4    1.5   12.4    0.00   970.47   322   23.3    6.4   -995   -995   -995   -995   -995    -995    -995    -995
 KIN2   133   910     78   23.3    9.7    9.6   194    8.4    1.6   13.3    0.00   970.45   225   23.3    7.1   -995   -995   -995   -995   -995    -995    -995    -995
 KIN2   133   915     79   23.2    8.4    8.3   197    8.2    1.1   11.3    0.00   970.46   230   23.3    6.1   20.0   22.2   20.3   19.6   17.9    -995    -995    -995
 KIN2   133   920     80   23.3    7.7    7.6   198    8.4    1.2   10.6    0.00   970.47   235   23.4    5.5   -995   -995   -995   -995   -995    -995    -995    -995
 KIN2   133   925     79   23.4    8.5    8.4   196    8.1    1.4   11.7    0.00   970.45   272   23.4    5.9   -995   -995   -995   -995   -995    -995    -995    -995
 KIN2   133   930     79   23.5    9.1    9.0   197    8.0    1.8   13.4    0.00   970.37   304   23.5    6.3   20.1   22.4   20.5   19.7   18.0    1.59    1.51    1.40
 KIN2   133   935     78   23.4    9.2    9.1   193    7.7    1.5   13.1    0.00   970.29   239   23.5    6.4   -995   -995   -995   -995   -995    -995    -995    -995
 KIN2   133   940     78   23.4    9.4    9.3   197    7.6    1.4   12.5    0.00   970.25   270   23.5    6.5   -995   -995   -995   -995   -995    -995    -995    -995
 KIN2   133   945     78   23.4    9.1    8.9   195    8.6    1.3   11.7    0.00   970.19   258   23.5    6.5   20.1   22.5   20.5   19.7   18.0    -995    -995    -995
 KIN2   133   950     78   23.4    8.0    8.0   194    7.8    1.2   11.1    0.00   970.16   258   23.5    5.7   -995   -995   -995   -995   -995    -995    -995    -995
 KIN2   133   955     79   23.5    7.1    7.0   186    9.5    1.5   11.2    0.00   970.13   252   23.6    4.9   -995   -995   -995   -995   -995    -995    -995    -995
 KIN2   133   960     79   23.6    6.7    6.6   187    8.4    1.1    9.4    0.00   970.10   238   23.6    4.8   20.1   22.7   20.6   19.7   18.0    1.59    1.52    1.39
 KIN2   133   965     78   23.6    8.0    7.9   187    8.8    1.6   11.5    0.00   970.06   262   23.7    5.5   -995   -995   -995   -995   -995    -995    -995    -995
 KIN2   133   970     77   23.6    8.7    8.6   189    6.6    1.2   11.8    0.00   970.00   210   23.8    6.4   -995   -995   -995   -995   -995    -995    -995    -995
 KIN2   133   975     77   23.6    9.5    9.4   192    7.5    1.5   12.3    0.00   969.97   217   23.8    6.7   20.2   22.8   20.7   19.7   18.0    -995    -995    -995
 KIN2   133   980     77   23.7    8.6    8.5   192    8.4    1.3   11.4    0.00   969.99   254   23.9    6.3   -995   -995   -995   -995   -995    -995    -995    -995
 KIN2   133   985     77   23.9    9.2    9.1   192    8.2    1.3   12.4    0.00   969.98   407   24.0    6.6   -995   -995   -995   -995   -995    -995    -995    -995
 KIN2   133   990     75   24.9    8.7    8.6   186    9.2    2.0   13.5    0.00   969.93   787   24.5    6.3   20.2   22.9   20.7   19.7   18.0    1.59    1.51    1.39
 KIN2   133   995     72   25.1    9.6    9.5   189    7.3    1.4   13.2    0.00   969.92   614   24.8    7.0   -995   -995   -995   -995   -995    -995    -995    -995
 KIN2   133  1000     72   25.4    9.3    9.2   185    8.9    1.6   13.1    0.00   969.91   765   25.0    6.7   -995   -995   -995   -995   -995    -995    -995    -995
 KIN2   133  1005     70   25.9   10.9   10.8   190    8.4    1.9   14.9    0.00   969.87   914   25.3    8.1   20.1   22.9   20.7   19.6   17.9    -995    -995    -995
 KIN2   133  1010     69   26.0   10.9   10.8   190    7.7    1.9   14.8    0.00   969.85   860   25.4    8.2   -995   -995   -995   -995   -995    -995    -995    -995
 KIN2   133  1015     70   25.8    9.4    9.2   185    9.3    1.4   12.4    0.00   969.84   440   25.4    6.8   -995   -995   -995   -995   -995    -995    -995    -995
 KIN2   133  1020     71   25.2    9.2    9.2   185    7.0    1.1   11.8    0.00   969.88   345   25.1    6.8   20.1   23.1   20.9   19.5   17.9    1.60    1.52    1.40
 KIN2   133  1025     72   25.4    8.4    8.2   184    9.7    1.5   13.7    0.00   969.80   515   25.3    6.0   -995   -995   -995   -995   -995    -995    -995    -995
 KIN2   133  1030     71   25.7    9.6    9.5   181    7.5    1.5   13.1    0.00   969.69   620   25.5    7.1   -995   -995   -995   -995   -995    -995    -995    -995
 KIN2   133  1035     70   25.9   10.0    9.9   183    8.1    1.5   13.2    0.00   969.57   576   25.6    7.2   20.3   23.5   21.1   19.6   17.9    -995    -995    -995
 KIN2   133  1040     71   25.4    9.5    9.4   187    8.4    1.5   13.1    0.00   969.57   318   25.3    6.6   -995   -995   -995   -995   -995    -995    -995    -995
 KIN2   133  1045     71   25.5    9.2    9.1   188    7.7    1.3   11.5    0.00   969.49   619   25.4    6.5   -995   -995   -995   -995   -995    -995    -995    -995
 KIN2   133  1050     69   26.2    9.2    9.1   192    8.0    1.2   11.8    0.00   969.41   720   25.8    6.6   20.4   23.8   21.3   19.6   18.0    1.60    1.51    1.40
 KIN2   133  1055     68   26.5    8.8    8.7   182    8.4    1.2   12.1    0.00   969.41   909   26.1    6.3   -995   -995   -995   -995   -995    -995    -995    -995
 KIN2   133  1060     66   27.1    9.4    9.3   189    8.3    1.4   12.7    0.00   969.30   906   26.5    7.0   -995   -995   -995   -995   -995    -995    -995    -995
 KIN2   133  1065     68   26.5    7.6    7.4   188   11.4    1.5   11.3    0.00   969.23   612   26.3    5.9   20.4   24.0   21.4   19.6   17.9    -995    -995    -995
 KIN2   133  1070     66   26.6    9.1    9.0   183    7.7    1.3   12.8    0.00   969.12   426   26.3    6.5   -995   -995   -995   -995   -995    -995    -995    -995
 KIN2   133  1075     68   26.4    8.4    8.3   181    8.8    1.8   12.1    0.00   969.02   635   26.4    5.9   -995   -995   -995   -995   -995    -995    -995    -995
 KIN2   133  1080     66   26.8    8.7    8.5   185   11.8    1.3   12.4    0.00   968.89   462   26.7    6.3   20.5   24.3   21.6   19.6   18.0    1.59    1.52    1.40
 KIN2   133  1085     67   26.5    8.4    8.3   183    8.0    1.2   11.2    0.00   968.77   644   26.5    6.1   -995   -995   -995   -995   -995    -995    -995    -995
 KIN2   133  1090     65   27.5    8.4    8.3   176    9.0    1.6   11.6    0.00   968.59   825   27.2    6.3   -995   -995   -995   -995   -995    -995    -995    -995
 KIN2   133  1095     63   27.7    9.4    9.2   175   10.5    1.5   13.1    0.00   968.59   837   27.2    6.8   20.6   24.6   21.8   19.6   18.0    -995    -995    -995
 KIN2   133  1100     63   27.3    9.5    9.4   175    9.4    1.6   12.8    0.00   968.55   532   27.0    6.9   -995   -995   -995   -995   -995    -995    -995    -995
 KIN2   133  1105     64   26.9    9.6    9.5   184    7.1    1.1   12.1    0.00   968.47   599   26.8    6.9   -995   -995   -995   -995   -995    -995    -995    -995
 KIN2   133  1110     64   27.1    8.0    7.9   173    9.4    1.6   11.8    0.00   968.44   474   27.0    5.9   20.7   24.9   22.0   19.7   18.0    1.59    1.52    1.39
 KIN2   133  1115     65   26.9    8.8    8.7   178    9.9    1.4   11.9    0.00   968.45   518   26.8    6.2   -995   -995   -995   -995   -995    -995    -995    -995
 KIN2   133  1120     65   26.8    9.0    8.8   171   10.1    1.2   11.9    0.00   968.37   471   26.8    6.4   -995   -995   -995   -995   -995    -995    -995    -995
 KIN2   133  1125     65   27.1    8.5    8.4   181    8.7    1.6   12.6    0.00   968.34   682   27.0    6.3   20.9   25.2   22.2   19.7   18.0    -995    -995    -995
 KIN2   133  1130     65   27.4    8.8    8.7   179    8.4    1.4   11.5    0.00   968.32   976   27.0    6.7   -995   -995   -995   -995   -995    -995    -995    -995
 KIN2   133  1135     64   28.0    8.6    8.5   173    8.2    1.4   11.6    0.00   968.26  1066   27.2    6.3   -995   -995   -995   -995   -995    -995    -995    -995
 KIN2   133  1140     63   27.6    9.1    9.1   172    7.9    1.4   12.2    0.00   968.22   493   27.1    6.7   21.0   25.5   22.3   19.7   18.0    1.59    1.52    1.40
 KIN2   133  1145     64   27.2    8.4    8.2   170   10.1    1.3   10.9    0.00   968.22   564   27.1    6.2   -995   -995   -995   -995   -995    -995    -995    -995
 KIN2   133  1150     64   27.4    8.5    8.3   172   10.5    1.3   12.1    0.00   968.19   709   27.1    6.4   -995   -995   -995   -995   -995    -995    -995    -995
 KIN2   133  1155     64   27.3    8.2    8.0   186   10.8    1.9   12.9    0.00   968.16   497   27.2    5.9   21.1   25.8   22.5   19.7   18.0    -995    -995    -995
 KIN2   133  1160     62   27.2   10.5   10.3   182   11.2    1.3   13.7    0.00   968.05   433   27.1    7.6   -995   -995   -995   -995   -995    -995    -995    -995
 KIN2   133  1165     65   27.1    7.8    7.7   174    9.9    1.8   11.4    0.00   968.06   777   27.0    5.8   -995   -995   -995   -995   -995    -995    -995    -995
 KIN2   133  1170     64   27.6    7.7    7.6   178   10.8    1.4   10.7    0.00   967.96   481   27.4    5.9   21.2   26.1   22.6   19.7   18.0    1.59    1.51    1.40
 KIN2   133  1175     65   27.1    7.8    7.7   180    8.9    1.4   11.2    0.00   967.96   455   27.0    5.6   -995   -995   -995   -995   -995    -995    -995    -995
 KIN2   133  1180     64   26.7    9.4    9.2   184    9.7    1.3   12.3    0.00   967.89   341   26.8    6.5   -995   -995   -995   -995   -995    -995    -995    -995
 KIN2   133  1185     64   26.5    9.6    9.4   177   10.0    1.7   13.3    0.00   967.90   316   26.7    6.9   21.3   26.3   22.8   19.8   18.1    -995    -995    -995
 KIN2   133  1190     66   26.4    7.8    7.7   183    7.4    1.3   10.4    0.00   967.90   321   26.5    5.5   -995   -995   -995   -995   -995    -995    -995    -995
 KIN2   133  1195     67   26.4    7.3    7.2   172    8.3    1.3   10.3    0.00   967.86   245   26.6    5.3   -995   -995   -995   -995   -995    -995    -995    -995
 KIN2   133  1200     67   26.2    8.3    8.2   180    7.9    1.7   13.1    0.00   967.77   236   26.5    5.9   21.4   26.5   22.9   19.8   18.1    1.59    1.51    1.39
 KIN2   133  1205     67   26.4    7.8    7.7   178    8.5    1.5   11.0    0.00   967.71   300   26.7    5.9   -995   -995   -995   -995   -995    -995    -995    -995
 KIN2   133  1210     67   26.2    7.9    7.8   177    8.3    1.6   10.9    0.00   967.69   178   26.5    5.8   -995   -995   -995   -995   -995    -995    -995    -995
 KIN2   133  1215     68   26.1    7.8    7.7   179    7.9    1.6   11.1    0.00   967.67   525   26.5    5.5   21.5   26.7   22.8   19.9   18.1    -995    -995    -995
 KIN2   133  1220     64   27.7    8.2    8.1   185    8.6    1.7   11.7    0.00   967.55   646   27.4    6.0   -995   -995   -995   -995   -995    -995    -995    -995
 KIN2   133  1225     65   26.8    8.3    8.2   190    9.4    1.3   11.0    0.00   967.48   289   26.9    5.9   -995   -995   -995   -995   -995    -995    -995    -995
 KIN2   133  1230     64   27.4   10.0    9.9   182    7.6    2.1   13.9    0.00   967.40   621   27.3    7.6   21.5   26.7   22.8   19.9   18.1    1.59    1.52    1.40
 KIN2   133  1235     65   26.9    9.9    9.8   178    8.9    1.5   13.7    0.00   967.37   447   26.9    7.2   -995   -995   -995   -995   -995    -995    -995    -995
 KIN2   133  1240     63   27.7   10.1   10.0   185    8.1    1.7   13.0    0.00   967.24   839   27.5    7.3   -995   -995   -995   -995   -995    -995    -995    -995
 KIN2   133  1245     62   27.7    9.4    9.2   187    8.5    1.4   12.9    0.00   967.13   649   27.5    7.2   21.6   26.7   22.7   19.8   18.0    -995    -995    -995
 KIN2   133  1250     61   27.9   10.6   10.5   178    7.7    1.4   13.3    0.00   967.05   600   27.6    7.6   -995   -995   -995   -995   -995    -995    -995    -995
 KIN2   133  1255     60   27.6   10.2   10.1   177    6.5    1.8   14.8    0.00   966.99   629   27.4    7.4   -995   -995   -995   -995   -995    -995    -995    -995
 KIN2   133  1260     60   27.7   10.8   10.7   181    9.9    1.8   14.5    0.00   966.88   644   27.5    7.8   21.6   26.8   22.7   19.8   18.0    1.59    1.51    1.40
 KIN2   133  1265     61   28.0    9.4    9.3   178    8.4    1.7   13.1    0.00   966.78   772   27.7    6.9   -995   -995   -995   -995   -995    -995    -995    -995
 KIN2   133  1270     60   27.9   10.2   10.1   188    7.8    1.6   15.2    0.00   966.71   559   27.7    7.4   -995   -995   -995   -995   -995    -995    -995    -995
 KIN2   133  1275     62   27.6    8.8    8.6   187    9.7    1.5   12.9    0.00   966.63   407   27.6    6.5   21.7   26.9   22.8   19.9   18.0    -995    -995    -995
 KIN2   133  1280     61   27.8    9.8    9.7   177    8.4    1.4   12.8    0.00   966.56   777   27.7    7.2   -995   -995   -995   -995   -995    -995    -995    -995
 KIN2   133  1285     61   28.1    9.9    9.8   190    9.5    1.9   13.4    0.00   966.52   444   27.9    7.1   -995   -995   -995   -995   -995    -995    -995    -995
 KIN2   133  1290     63   27.3    9.3    9.2   171    8.2    1.3   12.2    0.00   966.57   514   27.3    6.7   21.7   27.1   22.9   19.9   18.0    1.60    1.52    1.40
 KIN2   133  1295     63   27.4    9.7    9.6   171    8.2    1.5   12.4    0.00   966.53   436   27.3    6.8   -995   -995   -995   -995   -995    -995    -995    -995
 KIN2   133  1300     63   27.4    9.9    9.7   179   10.6    1.5   14.2    0.00   966.48   307   27.5    7.3   -995   -995   -995   -995   -995    -995    -995    -995
 KIN2   133  1305     61   27.0    9.2    9.1   191    7.8    1.4   12.7    0.00   966.48   292   27.3    6.8   21.8   27.2   22.9   19.9   18.1    -995    -995    -995
 KIN2   133  1310     61   27.4   10.7   10.6   189    7.4    1.9   14.9    0.00   966.46   508   27.5    7.8   -995   -995   -995   -995   -995    -995    -995    -995
 KIN2   133  1315     61   27.5   10.6   10.6   189    7.1    1.5   13.4    0.00   966.41   607   27.6    7.7   -995   -995   -995   -995   -995    -995    -995    -995
 KIN2   133  1320     60   28.0    9.9    9.8   189    8.8    1.6   13.8    0.00   966.33   540   27.9    7.3   21.9   27.4   23.0   20.0   18.1    1.59    1.52    1.39
 KIN2   133  1325     59   28.0   10.5   10.4   184    8.2    1.6   14.1    0.00   966.26   440   27.9    7.6   -995   -995   -995   -995   -995    -995    -995    -995
 KIN2   133  1330     59   27.9   10.1   10.0   184    6.8    1.6   14.9    0.00   966.22   610   27.9    7.5   -995   -995   -995   -995   -995    -995    -995    -995
 KIN2   133  1335     59   28.1    9.6    9.5   190    7.8    1.4   12.8    0.00   966.16   595   28.0    6.8   21.9   27.4   22.9   20.0   18.1    -995    -995    -995
 KIN2   133  1340     59   28.2   10.4   10.2   181    8.9    1.6   13.7    0.00   966.09   546   28.1    7.5   -995   -995   -995   -995   -995    -995    -995    -995
 KIN2   133  1345     59   27.9   10.8   10.7   186    7.8    1.2   12.9    0.00   966.04   520   27.8    8.1   -995   -995   -995   -995   -995    -995    -995    -995
 KIN2   133  1350     59   27.9   10.4   10.2   180   10.4    1.4   13.7    0.00   966.02   504   27.8    7.3   21.9   27.5   22.9   20.0   18.1    1.59    1.52    1.42
 KIN2   133  1355     59   27.9    9.9    9.7   179    8.9    1.7   13.3    0.00   965.98   422   27.9    7.2   -995   -995   -995   -995   -995    -995    -995    -995
 KIN2   133  1360     60   27.8    8.8    8.7   174    8.7    1.4   14.1    0.00   965.99   465   27.8    6.5   -995   -995   -995   -995   -995    -995    -995    -995
 KIN2   133  1365     61   27.5   10.3   10.2   170    8.4    1.6   13.4    0.00   965.99   423   27.5    7.3   22.0   27.6   23.0   20.0   18.1    -995    -995    -995
 KIN2   133  1370     61   27.5    9.0    8.9   172    9.5    1.7   12.4    0.00   966.02   417   27.6    6.9   -995   -995   -995   -995   -995    -995    -995    -995
 KIN2   133  1375     60   27.4    9.4    9.3   177    8.7    1.3   13.9    0.00   966.07   322   27.5    6.9   -995   -995   -995   -995   -995    -995    -995    -995
 KIN2   133  1380     62   27.2    7.8    7.7   176    9.1    1.8   12.2    0.00   966.06   282   27.5    5.8   22.0   27.7   23.0   20.1   18.1    1.58    1.52    1.40
 KIN2   133  1385     62   26.9    9.1    8.9   167   10.7    1.6   12.7    0.00   966.11   114   27.3    6.6   -995   -995   -995   -995   -995    -995    -995    -995
 KIN2   133  1390     63   26.5    9.6    9.5   171    7.5    1.7   13.3    0.00   966.15   106   27.0    6.9   -995   -995   -995   -995   -995    -995    -995    -995
 KIN2   133  1395     62   26.5    9.7    9.6   173    8.4    1.6   13.0    0.00   966.15   111   26.9    7.0   22.1   27.8   23.0   20.2   18.2    -995    -995    -995
 KIN2   133  1400     63   26.5    8.0    7.9   168    8.2    1.5   11.5    0.00   966.13   134   26.9    5.8   -995   -995   -995   -995   -995    -995    -995    -995
 KIN2   133  1405     63   26.5    8.1    7.9   164   10.2    1.3   10.9    0.00   966.07   146   27.0    5.9   -995   -995   -995   -995   -995    -995    -995    -995
 KIN2   133  1410     63   26.4    9.1    9.0   170    8.6    1.5   12.4    0.00   966.03    97   26.9    6.6   22.1   27.8   22.9   20.2   18.2    1.59    1.51    1.40
 KIN2   133  1415     63   26.3    9.3    9.2   173    6.6    1.5   13.4    0.00   965.93   108   26.8    6.4   -995   -995   -995   -995   -995    -995    -995    -995
 KIN2   133  1420     64   26.3    8.4    8.3   171    8.5    1.4   11.8    0.00   965.86   129   26.7    6.0   -995   -995   -995   -995   -995    -995    -995    -995
 KIN2   133  1425     65   26.3    7.3    7.2   166    9.8    1.1   10.1    0.00   965.76   115   26.7    5.3   22.1   27.7   22.8   20.2   18.2    -995    -995    -995
 KIN2   133  1430     65   26.3    8.5    8.4   166    8.4    1.5   11.2    0.00   965.71   113   26.7    6.4   -995   -995   -995   -995   -995    -995    -995    -995
 KIN2   133  1435     64   26.3    8.4    8.3   166   10.0    1.8   11.8    0.00   965.68   119   26.7    6.2   -995   -995   -995   -995   -995    -995    -995    -995
</pre>