<pre>  101 ! (c) 2019 Oklahoma Climatological Survey and the Oklahoma Mesonet - all rights reserved
  21 2019 05 21 00 00 00
 STID  STNM  TIME   RELH   TAIR   WSPD   WVEC  WDIR   WDSD   WSSD   WMAX    RAIN     PRES  SRAD   TA9M   WS2M   TS10   TB10   TS05   TS25   TS60    TR05    TR25    TR60
 KIN2   133     0     97   13.1    2.9    2.7     2   18.5    1.7    6.5   13.97   965.77     1   13.1    2.1   20.3   20.1   20.0   19.8   18.7    1.40    1.50    1.40
 KIN2   133     5     97   12.9    7.1    6.7     2   18.6    1.5   10.6    0.51   964.55     1   13.0    5.3   -995   -995   -995   -995   -995    -995    -995    -995
 KIN2   133    10     98   12.9    5.6    5.4   346   15.2    1.5    9.7    1.52   965.04     1   12.9    4.1   -995   -995   -995   -995   -995    -995    -995    -995
 KIN2   133    15     97   12.8    5.2    5.0    36   16.4    1.0    7.3    1.78   964.97     1   12.9    4.0   20.2   19.9   19.5   19.8   18.6    -995    -995    -995
 KIN2   133    20     97   13.0    5.4    5.1    41   16.8    1.3    8.1    2.03   964.77     1   13.1    4.0   -995   -995   -995   -995   -995    -995    -995    -995
 KIN2   133    25     97   12.9    6.6    6.5    19   11.3    1.3   10.1    2.54   964.06     1   13.0    5.1   -995   -995   -995   -995   -995    -995    -995    -995
 KIN2   133    30     97   12.9    6.6    6.4    19   13.0    1.4   10.0    2.54   964.15     0   13.0    5.2   20.0   19.6   19.2   19.8   18.6    1.38    1.51    1.40
 KIN2   133    35     97   12.9    5.8    5.7    19   11.3    1.1    9.0    2.79   964.58     0   13.0    4.6   -995   -995   -995   -995   -995    -995    -995    -995
 KIN2   133    40     97   13.0    6.0    5.8    27   12.8    1.1    8.9    2.79   964.42     0   13.1    4.8   -995   -995   -995   -995   -995    -995    -995    -995
 KIN2   133    45     97   13.0    5.0    4.9    23   14.1    1.1    7.3    3.56   964.72     0   13.1    4.0   19.9   19.4   19.0   19.8   18.6    -995    -995    -995
 KIN2   133    50     97   13.1    4.6    4.5   352   15.0    1.2    7.2    4.57   965.82     0   13.2    3.7   -995   -995   -995   -995   -995    -995    -995    -995
 KIN2   133    55     97   13.1    3.5    3.3    14   18.6    1.1    6.0    9.91   966.45     0   13.2    2.5   -995   -995   -995   -995   -995    -995    -995    -995
 KIN2   133    60     98   13.2    3.7    3.0   287   35.0    1.2    6.2   16.51   967.85     0   13.1    2.5   19.7   19.2   18.8   19.7   18.6    1.36    1.50    1.40
 KIN2   133    65     98   13.0    3.6    3.4   317   19.8    1.0    5.6   21.84   967.74     0   12.9    2.7   -995   -995   -995   -995   -995    -995    -995    -995
 KIN2   133    70     98   12.9    4.8    4.4   356   25.3    1.6    7.3   24.13   967.02     0   12.9    3.7   -995   -995   -995   -995   -995    -995    -995    -995
 KIN2   133    75     98   12.9    6.0    5.8     5   13.8    1.0    8.0   24.64   966.47     0   13.0    4.4   19.5   19.0   17.7   19.7   18.6    -995    -995    -995
 KIN2   133    80     99   13.1    4.3    4.0     5   22.1    0.8    6.3   25.15   967.14     0   13.4    3.5   -995   -995   -995   -995   -995    -995    -995    -995
 KIN2   133    85     98   13.3    5.1    4.9   360   16.1    0.9    7.5   25.91   966.28     0   13.4    4.0   -995   -995   -995   -995   -995    -995    -995    -995
 KIN2   133    90     98   13.4    3.2    2.9    18   22.1    1.0    5.2   26.42   966.46     0   13.5    2.3   19.1   18.8   17.2   19.7   18.6    1.38    1.50    1.39
 KIN2   133    95     98   13.6    2.7    2.6    34   15.8    0.8    4.3   26.67   967.11     0   13.6    2.1   -995   -995   -995   -995   -995    -995    -995    -995
 KIN2   133   100     98   13.8    3.4    3.3    33   12.1    0.6    5.6   27.18   966.37     0   13.9    2.4   -995   -995   -995   -995   -995    -995    -995    -995
 KIN2   133   105     98   14.0    2.3    1.8    20   36.7    1.1    5.2   28.19   966.24     0   14.1    1.7   18.7   18.5   17.0   19.6   18.6    -995    -995    -995
 KIN2   133   110     98   14.1    4.6    4.5    95   15.3    0.9    6.4   28.70   966.43     0   14.1    3.4   -995   -995   -995   -995   -995    -995    -995    -995
 KIN2   133   115     98   14.1    5.6    5.5    97   10.4    0.9    7.9   29.46   966.18     0   14.1    4.0   -995   -995   -995   -995   -995    -995    -995    -995
 KIN2   133   120     98   14.1    6.9    6.8    81    9.5    1.7   11.3   29.72   965.74     0   14.1    4.7   18.5   18.3   17.0   19.5   18.6    1.37    1.49    1.38
 KIN2   133   125     98   14.2    6.2    6.0    76   14.0    1.2    9.6   30.23   965.53     0   14.3    4.3   -995   -995   -995   -995   -995    -995    -995    -995
 KIN2   133   130     98   14.3    5.0    4.9    65   12.4    1.2    9.2   30.23   965.51     0   14.4    3.3   -995   -995   -995   -995   -995    -995    -995    -995
 KIN2   133   135     98   14.4    4.9    4.8    63   13.6    1.1    7.5   30.23   965.48     0   14.5    3.6   18.4   18.1   17.0   19.5   18.6    -995    -995    -995
 KIN2   133   140     98   14.5    5.4    5.3    81   11.9    1.2    7.8   30.48   965.64     0   14.6    3.8   -995   -995   -995   -995   -995    -995    -995    -995
 KIN2   133   145     98   14.6    5.5    5.4    70   10.4    0.9    8.0   30.48   965.46     0   14.8    3.8   -995   -995   -995   -995   -995    -995    -995    -995
 KIN2   133   150     98   14.7    5.5    5.3    57   14.0    1.0    8.2   30.48   965.08     0   14.8    4.0   18.3   18.0   17.0   19.4   18.6    1.38    1.50    1.39
 KIN2   133   155     98   14.7    4.1    4.0    63   11.1    1.2    6.7   30.48   965.03     0   14.8    3.1   -995   -995   -995   -995   -995    -995    -995    -995
 KIN2   133   160     98   14.7    4.3    4.3    81    9.8    0.8    6.2   30.48   965.11     0   14.8    2.9   -995   -995   -995   -995   -995    -995    -995    -995
 KIN2   133   165     98   14.7    4.9    4.8    92   12.1    0.8    7.2   30.48   965.59     0   14.8    3.4   18.2   17.9   17.0   19.4   18.6    -995    -995    -995
 KIN2   133   170     98   14.7    4.1    4.0    87   15.8    0.9    5.9   30.48   966.12     0   14.8    2.9   -995   -995   -995   -995   -995    -995    -995    -995
 KIN2   133   175     98   14.7    4.2    3.9    45   21.8    0.7    6.4   30.73   965.53     0   14.7    3.4   -995   -995   -995   -995   -995    -995    -995    -995
 KIN2   133   180     98   14.6    3.9    3.7    30   17.1    1.4    6.2   30.99   964.86     0   14.7    2.9   18.1   17.8   17.1   19.3   18.7    1.39    1.50    1.39
 KIN2   133   185     98   14.7    4.1    3.9   102   16.3    1.1    6.9   30.99   966.35     0   14.8    2.9   -995   -995   -995   -995   -995    -995    -995    -995
 KIN2   133   190     98   14.8    3.3    2.4    28   42.2    1.1    5.6   32.26   966.43     0   14.9    2.4   -995   -995   -995   -995   -995    -995    -995    -995
 KIN2   133   195     98   14.8    4.5    3.7    35   33.8    1.4    7.1   36.07   966.49     0   14.9    3.5   18.1   17.7   17.1   19.3   18.7    -995    -995    -995
 KIN2   133   200     98   14.7    5.1    4.9    82   15.1    1.0    8.1   37.59   965.49     0   14.8    3.4   -995   -995   -995   -995   -995    -995    -995    -995
 KIN2   133   205     98   14.9    6.6    6.5   107   11.1    1.1   10.4   38.86   965.91     0   15.1    5.1   -995   -995   -995   -995   -995    -995    -995    -995
 KIN2   133   210     98   14.9    9.1    8.9   107   11.0    1.4   13.2   40.13   965.25     0   14.9    6.7   18.0   17.7   17.2   19.2   18.7    1.38    1.48    1.38
 KIN2   133   215     98   14.9    7.6    7.4    97   13.0    1.3   11.4   40.64   964.39     0   15.0    5.5   -995   -995   -995   -995   -995    -995    -995    -995
 KIN2   133   220     98   15.1    7.9    7.8    91    8.7    1.2   10.3   40.64   964.07     0   15.4    5.1   -995   -995   -995   -995   -995    -995    -995    -995
 KIN2   133   225     98   15.3    6.8    6.5   105   16.9    1.6   10.2   40.89   964.63     0   15.5    5.0   18.0   17.6   17.2   19.2   18.7    -995    -995    -995
 KIN2   133   230     97   15.4    8.3    8.1    96   13.2    1.7   13.3   41.15   963.94     0   15.6    6.2   -995   -995   -995   -995   -995    -995    -995    -995
 KIN2   133   235     97   15.6    3.3    3.0    58   25.9    2.1    8.6   41.40   963.75     0   15.7    2.4   -995   -995   -995   -995   -995    -995    -995    -995
 KIN2   133   240     97   15.8    1.9    1.8    45   22.0    0.5    3.0   41.40   963.85     0   16.0    1.2   18.0   17.6   17.2   19.1   18.7    1.38    1.49    1.39
 KIN2   133   245     97   16.0    2.5    2.5    77   10.1    0.5    3.3   41.40   964.34     0   16.5    1.3   -995   -995   -995   -995   -995    -995    -995    -995
 KIN2   133   250     97   16.2    2.1    1.6    66   39.0    0.8    3.9   41.66   964.07     0   16.6    1.4   -995   -995   -995   -995   -995    -995    -995    -995
 KIN2   133   255     97   16.9    2.3    1.7   201   41.4    0.7    4.0   41.66   965.45     0   17.4    1.2   17.9   17.5   17.2   19.1   18.7    -995    -995    -995
 KIN2   133   260     96   16.5    3.0    2.7   335   25.4    0.7    4.8   41.91   965.49     0   16.7    2.2   -995   -995   -995   -995   -995    -995    -995    -995
 KIN2   133   265     96   16.3    3.4    3.1    59   21.8    1.0    5.3   41.91   965.42     0   16.6    2.4   -995   -995   -995   -995   -995    -995    -995    -995
 KIN2   133   270     96   17.0    2.2    2.1   152   16.8    0.9    4.8   42.16   965.80     0   17.4    1.4   17.9   17.5   17.2   19.0   18.7    1.39    1.49    1.38
 KIN2   133   275     96   17.4    2.7    2.0   127   39.5    0.9    4.8   42.16   965.56     0   17.8    1.7   -995   -995   -995   -995   -995    -995    -995    -995
 KIN2   133   280     95   17.4    1.5    1.4    62   22.4    0.9    3.3   42.16   965.01     0   17.8    1.1   -995   -995   -995   -995   -995    -995    -995    -995
 KIN2   133   285     95   17.3    2.5    2.4   150    8.9    1.2    4.3   42.16   965.68     0   17.8    1.7   17.9   17.4   17.2   19.0   18.7    -995    -995    -995
 KIN2   133   290     95   17.2    3.5    3.3   106   22.2    0.4    4.4   42.42   965.03     0   17.7    2.3   -995   -995   -995   -995   -995    -995    -995    -995
 KIN2   133   295     95   17.0    4.2    4.1    73   11.4    0.9    6.6   42.67   965.14     0   17.2    2.7   -995   -995   -995   -995   -995    -995    -995    -995
 KIN2   133   300     95   16.7    4.8    4.8    64    7.6    0.7    5.8   42.67   964.69     0   16.9    3.3   17.8   17.4   17.3   19.0   18.6    1.38    1.48    1.38
 KIN2   133   305     96   16.6    3.7    3.5    71   18.5    0.7    5.6   42.93   964.22     0   16.8    2.4   -995   -995   -995   -995   -995    -995    -995    -995
 KIN2   133   310     96   16.6    3.8    3.2    96   31.6    1.3    5.9   43.18   964.75     0   16.7    3.0   -995   -995   -995   -995   -995    -995    -995    -995
 KIN2   133   315     96   16.5    6.0    5.9    92    9.7    1.2    8.7   43.18   964.82     0   16.7    4.2   17.8   17.4   17.3   18.9   18.7    -995    -995    -995
 KIN2   133   320     96   16.4    5.7    5.6    77   10.1    0.9    7.4   43.43   964.12     0   16.5    3.7   -995   -995   -995   -995   -995    -995    -995    -995
 KIN2   133   325     96   16.3    5.7    5.6    88   10.1    0.8    7.2   43.43   964.26     0   16.5    3.8   -995   -995   -995   -995   -995    -995    -995    -995
 KIN2   133   330     97   16.2    6.4    6.3    83    9.4    1.0    8.7   43.43   963.92     0   16.3    4.2   17.9   17.4   17.4   18.9   18.7    1.38    1.49    1.39
 KIN2   133   335     97   16.1    5.6    5.6    79    9.6    0.9    8.1   43.43   963.63     0   16.3    3.5   -995   -995   -995   -995   -995    -995    -995    -995
 KIN2   133   340     97   16.1    5.8    5.6    98   16.3    1.1    8.7   43.69   964.12     0   16.3    4.0   -995   -995   -995   -995   -995    -995    -995    -995
 KIN2   133   345     97   16.2    5.7    5.5   103   11.2    1.4    9.4   43.69   964.54     0   16.3    4.3   17.9   17.4   17.4   18.9   18.7    -995    -995    -995
 KIN2   133   350     97   16.2    6.0    5.9    98    9.8    0.8    7.8   43.69   964.35     0   16.4    4.5   -995   -995   -995   -995   -995    -995    -995    -995
 KIN2   133   355     97   16.2    5.3    5.2    96   11.4    1.1    7.8   43.69   964.22     0   16.5    3.8   -995   -995   -995   -995   -995    -995    -995    -995
 KIN2   133   360     96   16.4    4.5    4.4    97   13.4    1.0    6.9   43.69   964.22     0   16.6    3.2   17.9   17.4   17.5   18.9   18.7    1.38    1.50    1.39
 KIN2   133   365     96   16.5    3.3    3.3    93   12.4    0.7    4.9   43.69   964.30     0   16.6    2.2   -995   -995   -995   -995   -995    -995    -995    -995
 KIN2   133   370     96   16.5    3.9    3.8    85    8.8    0.7    5.2   43.69   964.05     0   16.7    2.4   -995   -995   -995   -995   -995    -995    -995    -995
 KIN2   133   375     96   16.5    4.2    4.1    79    8.8    0.6    5.7   43.69   963.80     0   16.7    2.6   17.9   17.4   17.5   18.9   18.7    -995    -995    -995
 KIN2   133   380     96   16.5    3.7    3.6    72    8.8    0.6    5.6   43.69   963.49     0   16.6    2.3   -995   -995   -995   -995   -995    -995    -995    -995
 KIN2   133   385     96   16.4    3.7    3.6    62    8.6    0.7    5.5   43.69   963.19     0   16.6    2.4   -995   -995   -995   -995   -995    -995    -995    -995
 KIN2   133   390     96   16.4    3.2    3.2    59    9.7    0.6    4.4   43.94   963.07     0   16.5    2.3   17.9   17.4   17.5   18.8   18.7    1.38    1.49    1.38
 KIN2   133   395     96   16.4    3.6    3.6    74   10.0    0.6    4.8   44.20   963.44     0   16.5    2.2   -995   -995   -995   -995   -995    -995    -995    -995
 KIN2   133   400     96   16.4    3.3    3.3    76    9.5    0.5    4.4   44.20   963.50     0   16.5    2.3   -995   -995   -995   -995   -995    -995    -995    -995
 KIN2   133   405     97   16.4    4.6    4.5    81   10.6    0.8    6.4   44.70   963.63     0   16.5    3.1   17.9   17.4   17.5   18.8   18.7    -995    -995    -995
 KIN2   133   410     97   16.3    4.0    3.9    88    8.7    0.9    6.0   45.21   963.73     0   16.4    2.7   -995   -995   -995   -995   -995    -995    -995    -995
 KIN2   133   415     97   16.3    3.6    3.2   202   26.2    1.5    6.2   47.50   965.22     0   16.4    2.6   -995   -995   -995   -995   -995    -995    -995    -995
 KIN2   133   420     97   16.3    2.8    2.5   255   27.6    0.6    4.4   52.07   965.49     0   16.3    1.7   17.9   17.4   17.5   18.8   18.7    1.38    1.50    1.38
 KIN2   133   425     98   16.2    2.9    2.5   359   29.8    0.6    4.4   54.86   964.45     0   16.2    2.3   -995   -995   -995   -995   -995    -995    -995    -995
 KIN2   133   430     98   16.1    3.1    3.1    47   13.6    0.8    4.8   55.63   964.18     0   16.1    2.5   -995   -995   -995   -995   -995    -995    -995    -995
 KIN2   133   435     98   16.1    4.2    4.1    47    9.5    0.5    5.6   56.90   963.77     0   16.1    3.3   17.9   17.4   17.5   18.8   18.7    -995    -995    -995
 KIN2   133   440     98   16.0    5.1    5.0    58    8.6    0.8    7.3   57.91   962.91     0   16.0    3.7   -995   -995   -995   -995   -995    -995    -995    -995
 KIN2   133   445     99   16.0    5.5    5.4    72   11.8    1.0    8.2   57.91   963.05     0   16.0    3.8   -995   -995   -995   -995   -995    -995    -995    -995
 KIN2   133   450     99   16.0    5.2    5.1    73    8.0    1.1    7.5   58.17   963.53     0   16.0    3.6   17.9   17.4   17.5   18.7   18.7    1.37    1.49    1.39
 KIN2   133   455     99   16.0    4.4    4.4    74   11.2    0.9    6.3   58.67   963.38     0   16.0    3.1   -995   -995   -995   -995   -995    -995    -995    -995
 KIN2   133   460     99   16.0    4.6    4.5    84   10.2    0.6    6.1   59.44   963.70     0   16.1    3.0   -995   -995   -995   -995   -995    -995    -995    -995
 KIN2   133   465     99   16.0    4.5    4.5    80    8.3    0.7    6.2   60.20   963.54     0   16.1    2.8   17.9   17.4   17.5   18.7   18.7    -995    -995    -995
 KIN2   133   470     99   16.0    4.7    4.6   101   11.7    1.2    7.1   62.48   963.96     0   16.1    3.5   -995   -995   -995   -995   -995    -995    -995    -995
 KIN2   133   475     99   16.3    5.8    5.7    93    9.7    0.9    7.9   64.52   964.05     0   16.4    3.8   -995   -995   -995   -995   -995    -995    -995    -995
 KIN2   133   480     99   16.5    5.2    5.1    91    9.3    0.8    7.7   65.79   963.70     0   16.5    3.5   17.8   17.4   17.5   18.7   18.7    1.38    1.49    1.38
 KIN2   133   485     99   16.5    4.1    4.0    89   12.5    0.9    6.2   66.29   963.64     0   16.6    2.8   -995   -995   -995   -995   -995    -995    -995    -995
 KIN2   133   490     99   16.7    4.4    4.4   129   11.4    1.0    7.3   66.80   964.21     0   16.8    3.4   -995   -995   -995   -995   -995    -995    -995    -995
 KIN2   133   495     99   16.8    5.5    5.4   156   11.0    1.3    8.8   67.82   964.69     0   17.0    4.0   17.8   17.4   17.5   18.6   18.7    -995    -995    -995
 KIN2   133   500     99   16.8    4.2    4.1   168    7.9    0.8    6.2   69.09   964.64     0   17.0    2.9   -995   -995   -995   -995   -995    -995    -995    -995
 KIN2   133   505     98   16.8    3.4    3.4   168    7.9    0.5    4.4   69.85   964.80     0   16.8    2.4   -995   -995   -995   -995   -995    -995    -995    -995
 KIN2   133   510     98   16.6    2.2    2.2   172   11.8    0.5    3.2   70.61   964.59     0   16.7    1.5   17.8   17.4   17.5   18.6   18.6    1.39    1.50    1.38
 KIN2   133   515     98   16.6    0.9    0.8   158   27.2    0.6    2.5   71.12   964.22     0   16.6    0.3   -995   -995   -995   -995   -995    -995    -995    -995
 KIN2   133   520     98   16.6    1.8    1.8   100    6.3    0.6    3.0   71.63   963.80     0   16.6    1.0   -995   -995   -995   -995   -995    -995    -995    -995
 KIN2   133   525     98   16.5    2.8    2.8   106    5.5    0.3    3.5   72.14   963.39     0   16.5    1.8   17.8   17.4   17.5   18.6   18.6    -995    -995    -995
 KIN2   133   530     98   16.5    2.2    2.1    97   17.9    0.5    3.3   72.90   963.26     0   16.5    1.5   -995   -995   -995   -995   -995    -995    -995    -995
 KIN2   133   535     99   16.5    2.3    2.2    71   14.5    0.8    3.6   73.15   962.74     0   16.5    1.3   -995   -995   -995   -995   -995    -995    -995    -995
 KIN2   133   540     99   16.5    3.1    3.1    90    8.8    0.4    3.9   73.66   962.97     0   16.5    2.1   17.8   17.4   17.5   18.6   18.6    1.37    1.49    1.38
 KIN2   133   545     99   16.5    3.7    3.7   103    8.7    0.7    6.0   73.91   963.25     0   16.6    2.9   -995   -995   -995   -995   -995    -995    -995    -995
 KIN2   133   550     99   16.6    4.1    4.0   101    9.9    0.8    5.7   74.17   963.27     0   16.7    3.0   -995   -995   -995   -995   -995    -995    -995    -995
 KIN2   133   555     99   16.7    3.6    3.5    94   10.0    0.6    4.9   74.42   963.16     0   16.7    2.5   17.8   17.4   17.6   18.6   18.6    -995    -995    -995
 KIN2   133   560     99   16.7    3.4    3.4    90   10.6    0.7    4.8   74.68   962.89     0   16.8    2.4   -995   -995   -995   -995   -995    -995    -995    -995
 KIN2   133   565     99   16.7    3.2    3.1    86   11.8    0.6    4.8   74.68   962.53     0   16.8    2.0   -995   -995   -995   -995   -995    -995    -995    -995
 KIN2   133   570     99   16.7    3.1    3.0    99   10.6    0.5    4.3   75.18   962.43     0   16.8    2.0   17.8   17.5   17.6   18.6   18.6    1.37    1.48    1.38
 KIN2   133   575     99   16.7    3.3    3.3   118    7.9    0.6    5.0   75.18   962.59     0   16.8    2.6   -995   -995   -995   -995   -995    -995    -995    -995
 KIN2   133   580     99   16.7    4.0    3.9   123    8.1    0.6    5.1   75.44   962.63     0   16.8    3.0   -995   -995   -995   -995   -995    -995    -995    -995
 KIN2   133   585     99   16.7    3.6    3.6   132    8.6    0.6    5.3   75.69   962.71     0   16.8    2.6   17.8   17.5   17.6   18.5   18.6    -995    -995    -995
 KIN2   133   590     98   16.7    3.3    3.3   136   10.5    0.5    5.1   76.20   962.86     0   16.8    2.4   -995   -995   -995   -995   -995    -995    -995    -995
 KIN2   133   595     98   16.7    2.7    2.7   131   10.7    0.4    3.9   76.45   962.84     0   16.8    2.0   -995   -995   -995   -995   -995    -995    -995    -995
 KIN2   133   600     98   16.7    2.8    2.7   124    9.0    0.6    4.1   76.96   962.72     0   16.8    2.1   17.8   17.5   17.6   18.5   18.6    1.38    1.50    1.39
 KIN2   133   605     98   16.7    2.4    2.4   111   14.7    0.5    4.1   77.22   962.17     0   16.7    1.7   -995   -995   -995   -995   -995    -995    -995    -995
 KIN2   133   610     98   16.7    2.3    2.2   126   10.6    0.3    3.2   77.47   962.13     0   16.8    1.7   -995   -995   -995   -995   -995    -995    -995    -995
 KIN2   133   615     98   16.6    2.2    2.2   110   10.3    0.4    2.9   77.72   962.11     0   16.7    1.5   17.8   17.5   17.6   18.5   18.6    -995    -995    -995
 KIN2   133   620     98   16.6    1.8    1.8   116   10.4    0.4    2.9   78.23   962.12     0   16.7    1.3   -995   -995   -995   -995   -995    -995    -995    -995
 KIN2   133   625     98   16.6    2.2    2.1   122    7.6    0.2    2.8   78.74   962.19     0   16.7    1.3   -995   -995   -995   -995   -995    -995    -995    -995
 KIN2   133   630     98   16.6    1.8    1.8    96   14.9    0.4    2.8   78.99   962.05     0   16.7    1.0   17.8   17.5   17.6   18.5   18.6    1.38    1.49    1.38
 KIN2   133   635     98   16.5    2.6    2.6   103    7.2    0.7    4.0   79.50   961.98     0   16.6    1.6   -995   -995   -995   -995   -995    -995    -995    -995
 KIN2   133   640     98   16.5    3.5    3.4    79   11.3    0.3    4.3   80.01   961.41     0   16.5    2.1   -995   -995   -995   -995   -995    -995    -995    -995
 KIN2   133   645     98   16.4    3.6    3.5    78   10.1    0.6    4.7   80.52   961.17     0   16.5    2.2   17.8   17.5   17.6   18.5   18.6    -995    -995    -995
 KIN2   133   650     98   16.4    4.3    4.2    83    9.2    0.8    6.8   80.77   960.95     0   16.5    2.8   -995   -995   -995   -995   -995    -995    -995    -995
 KIN2   133   655     99   16.4    4.5    4.4    81    8.5    0.9    6.5   81.28   960.55     0   16.5    2.8   -995   -995   -995   -995   -995    -995    -995    -995
 KIN2   133   660     99   16.4    4.2    4.2    79   11.3    0.8    6.1   81.53   960.23     0   16.5    2.6   17.8   17.5   17.6   18.5   18.6    1.37    1.49    1.39
 KIN2   133   665     99   16.4    3.4    3.2    84   23.0    0.8    5.8   81.79   960.47     0   16.5    2.6   -995   -995   -995   -995   -995    -995    -995    -995
 KIN2   133   670     99   16.5    3.4    2.6   116   39.9    0.6    5.5   82.04   960.72     0   16.5    2.4   -995   -995   -995   -995   -995    -995    -995    -995
 KIN2   133   675     99   16.5    3.4    3.3   124    9.4    0.7    4.4   82.55   961.47     0   16.6    2.7   17.8   17.5   17.6   18.5   18.6    -995    -995    -995
 KIN2   133   680     99   16.5    3.5    3.5   108    9.3    0.4    4.4   83.06   961.03     0   16.5    2.5   -995   -995   -995   -995   -995    -995    -995    -995
 KIN2   133   685     99   16.5    4.2    4.2    92    8.2    0.8    5.8   83.31   960.42     0   16.5    2.7   -995   -995   -995   -995   -995    -995    -995    -995
 KIN2   133   690     99   16.5    5.3    5.2   108    9.3    0.9    8.0   83.82   960.27     0   16.5    3.9   17.8   17.5   17.6   18.5   18.6    1.37    1.49    1.38
 KIN2   133   695     99   16.5    5.4    5.4    97    9.5    1.0    8.0   84.33   959.66     0   16.6    3.9   -995   -995   -995   -995   -995    -995    -995    -995
 KIN2   133   700     98   16.5    5.0    4.9   100   11.4    0.9    6.5   84.58   959.83     0   16.7    3.5   -995   -995   -995   -995   -995    -995    -995    -995
 KIN2   133   705     98   16.5    5.4    5.1    98   17.9    1.2    8.0   85.09   959.05     1   16.6    3.8   17.8   17.5   17.6   18.5   18.6    -995    -995    -995
 KIN2   133   710     98   16.6    4.2    4.0   116   17.5    0.7    5.9   85.09   959.80     4   16.7    3.1   -995   -995   -995   -995   -995    -995    -995    -995
 KIN2   133   715     98   16.6    3.8    3.7   133   14.5    1.0    6.6   85.09   960.45     8   16.7    2.9   -995   -995   -995   -995   -995    -995    -995    -995
 KIN2   133   720     98   16.6    4.2    4.2   142   11.2    0.7    6.5   85.09   960.94     3   16.7    3.3   17.8   17.5   17.6   18.4   18.6    1.37    1.49    1.39
 KIN2   133   725     98   16.7    5.3    5.2   138    9.4    0.7    6.4   85.09   960.96     1   16.8    4.1   -995   -995   -995   -995   -995    -995    -995    -995
 KIN2   133   730     98   16.7    4.4    4.4   137    9.6    0.8    6.3   85.09   960.65     2   16.8    3.4   -995   -995   -995   -995   -995    -995    -995    -995
 KIN2   133   735     98   16.7    4.8    4.8   142    7.8    0.7    6.4   85.09   960.78     4   16.8    3.5   17.8   17.5   17.6   18.4   18.6    -995    -995    -995
 KIN2   133   740     98   16.7    4.1    4.1   140    7.6    0.7    5.9   85.09   960.50     6   16.8    3.1   -995   -995   -995   -995   -995    -995    -995    -995
 KIN2   133   745     98   16.8    4.1    4.1   143    7.9    0.7    5.5   85.09   960.49     8   16.9    3.2   -995   -995   -995   -995   -995    -995    -995    -995
 KIN2   133   750     98   16.8    4.3    4.2   144    8.9    0.9    6.2   85.09   960.71     9   16.9    3.3   17.8   17.5   17.6   18.4   18.6    1.37    1.49    1.38
 KIN2   133   755     98   16.9    4.8    4.7   136    9.7    0.9    6.4   85.09   960.48    26   17.0    3.7   -995   -995   -995   -995   -995    -995    -995    -995
 KIN2   133   760     98   16.9    4.7    4.6   139    9.2    0.9    6.7   85.09   960.38    30   17.0    3.5   -995   -995   -995   -995   -995    -995    -995    -995
 KIN2   133   765     98   16.9    4.5    4.4   132   10.7    0.7    6.2   85.09   960.14    35   17.1    3.4   17.8   17.5   17.6   18.4   18.6    -995    -995    -995
 KIN2   133   770     97   16.9    4.9    4.8   139   10.7    0.9    6.7   85.09   960.13    33   17.1    3.8   -995   -995   -995   -995   -995    -995    -995    -995
 KIN2   133   775     97   17.0    4.9    4.9   138    9.5    1.1    7.2   85.09   960.48    22   17.1    3.7   -995   -995   -995   -995   -995    -995    -995    -995
 KIN2   133   780     97   17.0    4.7    4.6   132   11.5    1.0    6.7   85.09   960.31    51   17.2    3.6   17.8   17.5   17.6   18.4   18.5    1.36    1.48    1.38
 KIN2   133   785     97   17.1    4.2    4.1   134   10.4    1.0    6.3   85.09   960.18    79   17.2    3.2   -995   -995   -995   -995   -995    -995    -995    -995
 KIN2   133   790     96   17.2    4.8    4.7   135   11.8    0.9    6.9   85.09   960.05   119   17.3    3.7   -995   -995   -995   -995   -995    -995    -995    -995
 KIN2   133   795     96   17.3    4.8    4.8   144   10.5    1.0    6.9   85.09   960.17    49   17.4    3.7   17.7   17.5   17.6   18.4   18.5    -995    -995    -995
 KIN2   133   800     96   17.3    5.2    5.2   151    7.9    0.9    7.2   85.09   960.21    40   17.4    4.0   -995   -995   -995   -995   -995    -995    -995    -995
 KIN2   133   805     96   17.3    4.4    4.4   147    9.9    1.0    6.3   85.09   960.12    92   17.4    3.4   -995   -995   -995   -995   -995    -995    -995    -995
 KIN2   133   810     96   17.4    5.6    5.5   148    9.6    1.1    7.9   85.09   960.21    89   17.5    4.3   17.7   17.5   17.6   18.4   18.5    1.36    1.49    1.38
 KIN2   133   815     95   17.5    5.9    5.8   156    9.5    0.9    8.2   85.09   960.11    82   17.6    4.5   -995   -995   -995   -995   -995    -995    -995    -995
 KIN2   133   820     95   17.6    6.0    5.9   154    9.3    0.8    8.4   85.09   959.95   140   17.7    4.5   -995   -995   -995   -995   -995    -995    -995    -995
 KIN2   133   825     95   17.8    6.5    6.4   152    9.6    1.3    9.8   85.09   959.90   238   17.9    5.1   17.7   17.5   17.7   18.3   18.5    -995    -995    -995
 KIN2   133   830     94   18.0    6.6    6.5   153    9.4    1.2    8.9   85.09   959.87   228   18.0    4.9   -995   -995   -995   -995   -995    -995    -995    -995
 KIN2   133   835     94   18.0    6.1    6.0   165    9.0    1.1    8.6   85.09   959.92   132   18.0    4.6   -995   -995   -995   -995   -995    -995    -995    -995
 KIN2   133   840     93   17.9    6.3    6.3   169    8.6    1.0    9.1   85.09   959.89   114   18.0    4.8   17.7   17.5   17.7   18.3   18.5    1.37    1.49    1.38
 KIN2   133   845     93   18.0    7.3    7.2   172    8.1    1.7   11.9   85.09   959.97   108   18.1    5.2   -995   -995   -995   -995   -995    -995    -995    -995
 KIN2   133   850     92   18.0    7.4    7.3   174    7.2    1.4   10.8   85.09   960.08   121   18.1    5.5   -995   -995   -995   -995   -995    -995    -995    -995
 KIN2   133   855     92   17.9    8.8    8.8   182    8.1    1.4   11.5   85.09   960.28   108   18.1    6.5   17.8   17.5   17.8   18.3   18.5    -995    -995    -995
 KIN2   133   860     92   18.0    8.6    8.5   182    8.6    1.4   12.1   85.09   960.44   139   18.1    6.3   -995   -995   -995   -995   -995    -995    -995    -995
 KIN2   133   865     92   18.0    8.4    8.3   183    7.8    1.5   11.6   85.09   960.43   133   18.1    6.4   -995   -995   -995   -995   -995    -995    -995    -995
 KIN2   133   870     92   18.0    7.7    7.6   182    8.6    1.5   11.9   85.09   960.34   207   18.1    5.8   17.8   17.6   17.9   18.3   18.5    1.37    1.49    1.38
 KIN2   133   875     91   18.2    9.3    9.2   183    7.9    1.8   12.6   85.09   960.55   273   18.3    7.1   -995   -995   -995   -995   -995    -995    -995    -995
 KIN2   133   880     91   18.3    9.1    9.0   182    7.9    1.6   12.8   85.09   960.72   254   18.3    6.9   -995   -995   -995   -995   -995    -995    -995    -995
 KIN2   133   885     91   18.3    9.3    9.3   183    7.4    1.6   12.5   85.09   960.73   285   18.3    6.8   17.8   17.7   17.9   18.3   18.5    -995    -995    -995
 KIN2   133   890     90   18.4    9.4    9.4   183    7.5    1.6   12.8   85.09   960.54   289   18.4    7.1   -995   -995   -995   -995   -995    -995    -995    -995
 KIN2   133   895     90   18.8    9.8    9.7   186    7.3    2.1   14.0   85.09   960.32   562   18.7    7.1   -995   -995   -995   -995   -995    -995    -995    -995
 KIN2   133   900     88   18.9    9.4    9.3   185    8.3    1.9   14.9   85.09   960.10   344   18.9    7.0   17.8   17.7   18.0   18.3   18.5    1.36    1.49    1.38
 KIN2   133   905     88   18.6   10.2   10.1   184    8.1    1.6   13.3   85.09   959.88   175   18.7    7.4   -995   -995   -995   -995   -995    -995    -995    -995
 KIN2   133   910     88   18.4   10.4   10.2   184    9.5    1.6   14.4   85.09   959.96   158   18.6    8.0   -995   -995   -995   -995   -995    -995    -995    -995
 KIN2   133   915     87   18.4   10.4   10.3   188    6.5    1.6   13.8   85.09   960.07   178   18.6    7.6   17.9   17.8   18.1   18.3   18.5    -995    -995    -995
 KIN2   133   920     87   18.4    9.2    9.1   191    8.4    1.3   13.4   85.09   960.01   198   18.6    6.9   -995   -995   -995   -995   -995    -995    -995    -995
 KIN2   133   925     86   18.5    9.5    9.4   193    7.2    1.4   13.3   85.09   959.96   221   18.8    7.0   -995   -995   -995   -995   -995    -995    -995    -995
 KIN2   133   930     86   18.6    9.4    9.4   189    7.7    1.6   12.8   85.09   959.83   252   18.8    6.9   17.9   18.0   18.2   18.3   18.5    1.36    1.49    1.39
 KIN2   133   935     85   18.7   10.2   10.1   187    8.3    1.5   13.9   85.09   959.87   272   18.9    7.5   -995   -995   -995   -995   -995    -995    -995    -995
 KIN2   133   940     86   18.8    9.4    9.3   189    8.7    1.6   12.6   85.09   959.80   261   18.9    7.0   -995   -995   -995   -995   -995    -995    -995    -995
 KIN2   133   945     84   19.3   10.2   10.1   189    7.2    2.0   14.2   85.09   959.76   724   19.3    7.5   17.9   18.1   18.3   18.3   18.5    -995    -995    -995
 KIN2   133   950     82   20.2   11.0   10.8   189    9.4    1.4   14.7   85.09   959.75   881   19.8    8.3   -995   -995   -995   -995   -995    -995    -995    -995
 KIN2   133   955     80   20.4   11.1   11.0   194    8.7    1.7   15.6   85.09   959.68   802   20.0    8.2   -995   -995   -995   -995   -995    -995    -995    -995
 KIN2   133   960     80   20.3   10.8   10.7   192    8.5    2.2   15.1   85.09   959.56   631   20.0    8.0   17.9   18.0   18.2   18.2   18.4    1.37    1.48    1.38
 KIN2   133   965     77   20.3   11.3   11.2   197    7.8    1.9   15.4   85.09   959.57   590   20.0    8.5   -995   -995   -995   -995   -995    -995    -995    -995
 KIN2   133   970     78   19.7   10.2   10.1   204    7.5    2.2   15.6   85.09   959.63   370   19.6    7.4   -995   -995   -995   -995   -995    -995    -995    -995
 KIN2   133   975     80   20.2    8.0    7.9   206   10.4    1.7   12.1   85.09   959.65   914   20.1    6.1   17.9   18.2   18.4   18.2   18.4    -995    -995    -995
 KIN2   133   980     73   20.9    8.9    8.8   211    9.6    1.7   13.6   85.09   959.62   496   20.6    6.7   -995   -995   -995   -995   -995    -995    -995    -995
 KIN2   133   985     68   19.5   10.2   10.0   226    9.1    2.1   14.1   85.09   959.64   323   19.5    6.9   -995   -995   -995   -995   -995    -995    -995    -995
 KIN2   133   990     67   20.0   10.2   10.0   225   11.2    1.9   14.7   85.09   959.70   947   20.0    6.9   18.0   18.4   18.6   18.3   18.4    1.36    1.49    1.39
 KIN2   133   995     66   20.6    9.9    9.8   220    9.7    1.5   13.8   85.09   959.63   922   20.4    7.1   -995   -995   -995   -995   -995    -995    -995    -995
 KIN2   133  1000     65   20.6   11.0   10.9   222    8.6    2.0   16.5   85.09   959.64   929   20.3    7.9   -995   -995   -995   -995   -995    -995    -995    -995
 KIN2   133  1005     66   20.7    9.4    9.3   214   10.5    1.6   13.3   85.09   959.64   941   20.4    7.0   18.0   18.6   18.7   18.3   18.4    -995    -995    -995
 KIN2   133  1010     63   20.8    9.9    9.8   210    8.1    1.5   14.2   85.09   959.60   947   20.5    7.3   -995   -995   -995   -995   -995    -995    -995    -995
 KIN2   133  1015     57   21.0    9.7    9.5   214   10.0    1.6   12.9   85.09   959.67   944   20.7    7.0   -995   -995   -995   -995   -995    -995    -995    -995
 KIN2   133  1020     54   21.1   10.1    9.9   220    9.1    2.4   15.3   85.09   959.68   961   20.9    7.2   18.1   18.8   18.9   18.3   18.4    1.37    1.49    1.38
 KIN2   133  1025     52   21.0    9.6    9.5   224    8.8    1.3   12.6   85.09   959.68   968   20.8    6.8   -995   -995   -995   -995   -995    -995    -995    -995
 KIN2   133  1030     53   21.3    9.2    9.1   214    9.2    2.2   14.1   85.09   959.67   973   21.0    6.8   -995   -995   -995   -995   -995    -995    -995    -995
 KIN2   133  1035     51   21.0   10.5   10.4   211    9.7    1.6   14.8   85.09   959.67   980   20.8    7.9   18.2   19.1   19.1   18.3   18.4    -995    -995    -995
 KIN2   133  1040     51   21.1   10.1   10.0   225    9.7    1.6   13.4   85.09   959.75   984   20.9    6.9   -995   -995   -995   -995   -995    -995    -995    -995
 KIN2   133  1045     52   21.2    9.0    8.9   216    9.4    1.7   12.4   85.09   959.73   988   20.9    6.6   -995   -995   -995   -995   -995    -995    -995    -995
 KIN2   133  1050     52   21.4    9.6    9.6   211    8.4    1.5   13.4   85.09   959.60   995   21.1    6.9   18.3   19.5   19.4   18.4   18.5    1.37    1.48    1.38
 KIN2   133  1055     48   21.3   10.6   10.4   220    8.6    1.5   14.1   85.09   959.53  1001   21.0    7.4   -995   -995   -995   -995   -995    -995    -995    -995
 KIN2   133  1060     52   21.5    8.7    8.6   214    9.1    1.7   13.2   85.09   959.40  1004   21.2    6.5   -995   -995   -995   -995   -995    -995    -995    -995
 KIN2   133  1065     46   21.7   10.8   10.6   216    9.1    1.9   14.4   85.09   959.34  1014   21.4    7.8   18.4   19.8   19.7   18.4   18.5    -995    -995    -995
 KIN2   133  1070     44   21.3   10.0    9.9   214    8.0    1.3   12.9   85.09   959.24  1019   21.0    7.7   -995   -995   -995   -995   -995    -995    -995    -995
 KIN2   133  1075     46   21.5    9.4    9.3   215    8.5    1.6   12.9   85.09   959.13  1023   21.2    6.8   -995   -995   -995   -995   -995    -995    -995    -995
 KIN2   133  1080     44   21.7   10.9   10.7   209    9.0    1.7   14.7   85.09   959.13  1025   21.4    8.2   18.5   20.2   19.9   18.4   18.5    1.36    1.49    1.38
 KIN2   133  1085     43   21.7    9.7    9.6   216    9.1    1.5   12.9   85.09   959.39  1023   21.4    7.2   -995   -995   -995   -995   -995    -995    -995    -995
 KIN2   133  1090     42   21.9   10.8   10.6   209    8.9    1.5   14.0   85.09   959.48  1024   21.6    8.1   -995   -995   -995   -995   -995    -995    -995    -995
 KIN2   133  1095     40   21.9   12.3   12.1   217   10.4    2.0   17.0   85.09   959.50  1026   21.5    9.1   18.7   20.6   20.1   18.4   18.5    -995    -995    -995
 KIN2   133  1100     40   21.9   12.3   12.2   212    8.8    2.2   17.7   85.09   959.41  1026   21.5    9.2   -995   -995   -995   -995   -995    -995    -995    -995
 KIN2   133  1105     41   21.8   12.6   12.5   212    7.1    1.8   18.7   85.09   959.22  1023   21.4    9.5   -995   -995   -995   -995   -995    -995    -995    -995
 KIN2   133  1110     41   21.7   11.9   11.8   219    9.0    2.0   16.2   85.09   959.21  1023   21.3    8.6   18.8   20.9   20.4   18.4   18.5    1.36    1.49    1.38
 KIN2   133  1115     44   22.0   10.7   10.4   211   11.9    2.3   15.3   85.09   959.30  1021   21.6    8.1   -995   -995   -995   -995   -995    -995    -995    -995
 KIN2   133  1120     43   21.9   12.2   12.1   209    9.3    2.3   16.8   85.09   959.27  1018   21.3    9.0   -995   -995   -995   -995   -995    -995    -995    -995
 KIN2   133  1125     44   21.9   11.4   11.3   205    7.4    1.8   15.1   85.09   959.23  1015   21.5    8.6   19.0   21.3   20.5   18.4   18.5    -995    -995    -995
 KIN2   133  1130     45   22.2   10.3   10.1   211    8.8    1.9   14.7   85.09   959.18  1016   21.8    7.6   -995   -995   -995   -995   -995    -995    -995    -995
 KIN2   133  1135     41   22.2   11.3   11.2   216    8.5    1.9   15.5   85.09   959.14  1015   21.8    8.3   -995   -995   -995   -995   -995    -995    -995    -995
 KIN2   133  1140     40   22.2   11.4   11.2   213    9.2    2.3   17.5   85.09   959.16  1014   21.8    8.7   19.2   21.6   20.6   18.4   18.5    1.36    1.49    1.39
 KIN2   133  1145     39   22.2   11.8   11.6   211    8.6    2.0   16.4   85.09   959.15  1011   21.7    9.0   -995   -995   -995   -995   -995    -995    -995    -995
 KIN2   133  1150     42   22.4    9.8    9.6   216    9.8    1.7   13.7   85.09   959.17  1002   22.0    7.3   -995   -995   -995   -995   -995    -995    -995    -995
 KIN2   133  1155     40   22.4   10.8   10.7   213    8.9    1.9   14.7   85.09   959.19   999   22.0    8.2   19.3   21.9   20.7   18.4   18.4    -995    -995    -995
 KIN2   133  1160     39   22.4   11.4   11.3   214    9.4    2.2   16.4   85.09   959.35   992   22.0    8.6   -995   -995   -995   -995   -995    -995    -995    -995
 KIN2   133  1165     39   22.4   11.2   11.0   214   11.2    1.8   15.3   85.09   959.39   984   22.0    8.4   -995   -995   -995   -995   -995    -995    -995    -995
 KIN2   133  1170     39   22.4   11.8   11.7   216    8.5    2.0   15.5   85.09   959.31   959   22.1    8.9   19.4   22.1   20.8   18.4   18.4    1.35    1.49    1.39
 KIN2   133  1175     40   22.6   11.3   11.1   209    8.7    1.8   16.4   85.09   959.24   977   22.2    8.6   -995   -995   -995   -995   -995    -995    -995    -995
 KIN2   133  1180     40   22.9   10.4   10.3   217    9.5    1.9   15.4   85.09   959.21   974   22.5    7.5   -995   -995   -995   -995   -995    -995    -995    -995
 KIN2   133  1185     38   23.1   11.1   11.0   222   10.7    2.3   16.0   85.09   959.20   967   22.8    7.9   19.5   22.3   20.9   18.5   18.4    -995    -995    -995
 KIN2   133  1190     38   23.3    9.4    9.2   218   11.3    1.7   14.1   85.09   959.23   962   23.0    7.0   -995   -995   -995   -995   -995    -995    -995    -995
 KIN2   133  1195     37   23.4   11.4   11.3   212    9.9    2.4   16.5   85.09   959.17   818   22.9    8.6   -995   -995   -995   -995   -995    -995    -995    -995
 KIN2   133  1200     36   22.8   12.0   11.8   213   10.8    1.9   16.9   85.09   959.09   856   22.7    9.0   19.6   22.5   21.0   18.5   18.4    1.35    1.48    1.37
 KIN2   133  1205     36   23.3   11.4   11.3   209    8.4    2.1   16.3   85.09   958.99   942   23.1    8.4   -995   -995   -995   -995   -995    -995    -995    -995
 KIN2   133  1210     35   23.5   11.3   11.1   215   10.4    2.1   17.1   85.09   958.97   934   23.2    8.6   -995   -995   -995   -995   -995    -995    -995    -995
 KIN2   133  1215     35   23.6   10.7   10.6   220   10.0    2.2   16.0   85.09   958.97   915   23.4    7.9   19.7   22.6   21.1   18.5   18.4    -995    -995    -995
 KIN2   133  1220     35   23.7   10.3   10.2   210    9.0    2.0   15.3   85.09   958.90   902   23.4    7.8   -995   -995   -995   -995   -995    -995    -995    -995
 KIN2   133  1225     35   23.8   10.6   10.5   206    8.9    2.2   15.5   85.09   958.84   895   23.5    8.1   -995   -995   -995   -995   -995    -995    -995    -995
 KIN2   133  1230     35   23.7   10.7   10.6   214    9.2    2.1   16.0   85.09   958.87   882   23.5    7.7   19.8   22.8   21.1   18.5   18.4    1.36    1.49    1.39
 KIN2   133  1235     33   23.8   11.5   11.4   210    9.0    1.8   15.9   85.09   958.84   876   23.6    8.6   -995   -995   -995   -995   -995    -995    -995    -995
 KIN2   133  1240     32   23.9   12.8   12.6   213    9.4    2.0   18.5   85.09   958.74   858   23.6    9.8   -995   -995   -995   -995   -995    -995    -995    -995
 KIN2   133  1245     33   23.9   11.4   11.3   211   10.1    1.9   16.2   85.09   958.67   843   23.7    8.5   20.0   22.9   21.1   18.5   18.4    -995    -995    -995
 KIN2   133  1250     33   24.0   11.4   11.2   207   10.0    1.8   16.2   85.09   958.61   828   23.9    8.7   -995   -995   -995   -995   -995    -995    -995    -995
 KIN2   133  1255     34   24.0   11.2   11.1   208    8.7    1.8   15.8   85.09   958.53   781   23.9    8.6   -995   -995   -995   -995   -995    -995    -995    -995
 KIN2   133  1260     33   24.0   12.5   12.4   212    7.8    1.7   16.0   85.09   958.40   811   23.8    9.4   20.0   23.0   21.0   18.6   18.4    1.35    1.49    1.38
 KIN2   133  1265     33   24.0   12.8   12.6   209    9.5    1.8   17.2   85.09   958.35   795   23.8    9.5   -995   -995   -995   -995   -995    -995    -995    -995
 KIN2   133  1270     33   24.1   12.5   12.4   206    9.3    1.9   16.7   85.09   958.32   779   23.9    9.5   -995   -995   -995   -995   -995    -995    -995    -995
 KIN2   133  1275     33   24.2   13.3   13.1   207    8.6    2.2   18.5   85.09   958.27   762   24.0    9.7   20.1   23.2   21.0   18.6   18.4    -995    -995    -995
 KIN2   133  1280     33   24.2   12.3   12.2   207    8.2    1.9   17.2   85.09   958.19   745   24.1    9.2   -995   -995   -995   -995   -995    -995    -995    -995
 KIN2   133  1285     33   24.3   12.1   12.0   211    8.6    2.0   17.4   85.09   958.19   735   24.2    9.0   -995   -995   -995   -995   -995    -995    -995    -995
 KIN2   133  1290     33   24.4   13.0   12.9   207    8.2    2.5   19.6   85.09   958.08   720   24.3    9.7   20.2   23.3   21.0   18.7   18.4    1.35    1.48    1.38
 KIN2   133  1295     33   24.3   11.8   11.7   210    8.6    2.0   16.7   85.09   958.08   705   24.2    9.0   -995   -995   -995   -995   -995    -995    -995    -995
 KIN2   133  1300     35   24.4    9.8    9.6   205    9.4    1.7   13.1   85.09   958.08   691   24.4    7.4   -995   -995   -995   -995   -995    -995    -995    -995
 KIN2   133  1305     34   24.5   11.6   11.5   205    8.1    1.9   15.7   85.09   958.01   673   24.5    8.6   20.3   23.3   21.0   18.7   18.4    -995    -995    -995
 KIN2   133  1310     33   24.5   11.5   11.4   206    8.9    2.3   17.6   85.09   958.03   661   24.5    8.8   -995   -995   -995   -995   -995    -995    -995    -995
 KIN2   133  1315     33   24.5   11.4   11.3   206    8.1    2.1   15.6   85.09   958.07   639   24.5    8.2   -995   -995   -995   -995   -995    -995    -995    -995
 KIN2   133  1320     32   24.4   12.5   12.3   210    8.1    1.4   16.6   85.09   958.04   583   24.5    9.1   20.3   23.4   20.9   18.7   18.4    1.35    1.49    1.39
 KIN2   133  1325     32   24.5   11.9   11.7   206    9.2    2.5   17.8   85.09   958.01   601   24.6    9.0   -995   -995   -995   -995   -995    -995    -995    -995
 KIN2   133  1330     33   24.4   10.9   10.8   205    8.9    1.8   14.8   85.09   958.01   587   24.6    8.1   -995   -995   -995   -995   -995    -995    -995    -995
 KIN2   133  1335     33   24.4   11.5   11.4   203    8.5    1.3   15.2   85.09   957.97   570   24.6    8.6   20.4   23.4   20.9   18.8   18.4    -995    -995    -995
 KIN2   133  1340     33   24.4   10.7   10.6   208    8.2    1.6   14.0   85.09   958.00   546   24.7    7.9   -995   -995   -995   -995   -995    -995    -995    -995
 KIN2   133  1345     32   24.5   11.3   11.2   207    9.1    2.0   15.6   85.09   957.92   527   24.8    8.6   -995   -995   -995   -995   -995    -995    -995    -995
 KIN2   133  1350     32   24.5   12.2   12.1   210    8.0    2.1   17.9   85.09   957.93   507   24.8    8.8   20.4   23.4   20.9   18.8   18.4    1.35    1.48    1.39
 KIN2   133  1355     32   24.5   10.9   10.8   211    8.5    1.8   15.6   85.09   957.98   491   24.8    8.4   -995   -995   -995   -995   -995    -995    -995    -995
 KIN2   133  1360     33   24.4   10.9   10.8   208    7.4    1.5   15.2   85.09   957.96   475   24.7    8.2   -995   -995   -995   -995   -995    -995    -995    -995
 KIN2   133  1365     33   24.4   10.8   10.7   209    8.7    1.5   13.8   85.09   957.91   461   24.8    8.0   20.4   23.3   20.8   18.9   18.4    -995    -995    -995
 KIN2   133  1370     34   24.4   10.4   10.3   205    8.7    1.7   13.9   85.09   957.91   442   24.8    7.7   -995   -995   -995   -995   -995    -995    -995    -995
 KIN2   133  1375     35   24.3    9.7    9.6   203    8.1    1.7   13.2   85.09   957.95   421   24.7    7.2   -995   -995   -995   -995   -995    -995    -995    -995
 KIN2   133  1380     37   24.1    9.4    9.3   206    8.0    1.8   14.0   85.09   958.05   393   24.6    7.0   20.5   23.1   20.7   18.9   18.4    1.35    1.49    1.38
 KIN2   133  1385     35   24.1   10.2   10.1   204    8.9    1.7   14.1   85.09   958.07   367   24.6    7.7   -995   -995   -995   -995   -995    -995    -995    -995
 KIN2   133  1390     36   23.9   10.0    9.9   204    7.3    1.6   13.6   85.09   958.11   249   24.4    7.6   -995   -995   -995   -995   -995    -995    -995    -995
 KIN2   133  1395     38   23.5    9.9    9.9   200    7.2    1.4   12.8   85.09   958.13   244   24.2    7.2   20.5   23.0   20.7   18.9   18.4    -995    -995    -995
 KIN2   133  1400     39   23.4    9.1    9.0   202    8.1    1.5   13.3   85.09   958.15   264   24.0    6.7   -995   -995   -995   -995   -995    -995    -995    -995
 KIN2   133  1405     40   23.0    9.2    9.1   200    8.6    1.6   12.5   85.09   958.20   123   23.8    6.6   -995   -995   -995   -995   -995    -995    -995    -995
 KIN2   133  1410     41   22.7    9.0    8.9   202    6.1    1.4   12.1   85.09   958.25   121   23.5    6.5   20.5   22.8   20.6   19.0   18.5    1.35    1.49    1.39
 KIN2   133  1415     42   22.4    8.8    8.7   203    7.9    1.2   12.2   85.09   958.28   164   23.3    6.1   -995   -995   -995   -995   -995    -995    -995    -995
 KIN2   133  1420     40   22.6    9.1    8.9   204    8.8    1.5   12.0   85.09   958.30   152   23.5    6.6   -995   -995   -995   -995   -995    -995    -995    -995
 KIN2   133  1425     41   22.3    8.1    8.0   202    8.3    1.2   10.8   85.09   958.30   118   23.1    6.1   20.5   22.6   20.6   19.1   18.5    -995    -995    -995
 KIN2   133  1430     41   22.2    8.4    8.4   201    6.8    1.1   11.5   85.09   958.30   115   23.2    6.2   -995   -995   -995   -995   -995    -995    -995    -995
 KIN2   133  1435     41   22.3    8.7    8.6   200    7.8    1.2   11.8   85.09   958.33    88   23.2    6.4   -995   -995   -995   -995   -995    -995    -995    -995
</pre>