<pre>  101 ! (c) 2019 Oklahoma Climatological Survey and the Oklahoma Mesonet - all rights reserved
  21 2019 09 15 00 00 00
 STID  STNM  TIME   RELH   TAIR   WSPD   WVEC  WDIR   WDSD   WSSD   WMAX    RAIN     PRES  SRAD   TA9M   WS2M   TS10   TB10   TS05   TS25   TS60    TR05    TR25    TR60
 KIN2   133     0     42   31.7    5.9    5.9   178    5.2    0.7    7.7    0.25   979.55    63   31.8    4.8   28.0   33.4   28.0   26.6   25.5    3.69    3.74    3.59
 KIN2   133     5     43   31.5    6.1    6.0   177    5.5    0.8    7.7    0.00   979.58    49   31.6    4.9   -995   -995   -995   -995   -995    -995    -995    -995
 KIN2   133    10     43   31.3    5.9    5.8   176    5.6    0.6    7.0    0.00   979.59    45   31.5    4.7   -995   -995   -995   -995   -995    -995    -995    -995
 KIN2   133    15     43   31.1    5.9    5.9   178    5.1    0.6    7.5    0.00   979.58    38   31.4    4.6   27.9   33.3   28.0   26.6   25.5    -995    -995    -995
 KIN2   133    20     44   30.9    5.6    5.6   179    5.3    0.5    7.2    0.00   979.62    27   31.2    4.2   -995   -995   -995   -995   -995    -995    -995    -995
 KIN2   133    25     45   30.6    4.8    4.7   176    5.5    0.6    6.2    0.00   979.63    21   31.0    3.7   -995   -995   -995   -995   -995    -995    -995    -995
 KIN2   133    30     46   30.4    4.5    4.5   177    4.7    0.5    5.7    0.00   979.61    13   30.9    3.4   27.9   33.1   27.9   26.6   25.5    3.69    3.73    3.58
 KIN2   133    35     47   30.2    4.3    4.3   174    5.4    0.4    5.3    0.00   979.59     7   30.7    3.3   -995   -995   -995   -995   -995    -995    -995    -995
 KIN2   133    40     47   30.0    3.7    3.6   171    5.0    0.3    4.6    0.00   979.59     4   30.6    2.7   -995   -995   -995   -995   -995    -995    -995    -995
 KIN2   133    45     48   29.8    3.6    3.5   166    5.8    0.4    4.9    0.00   979.60     2   30.4    2.5   27.9   32.9   27.8   26.7   25.5    -995    -995    -995
 KIN2   133    50     49   29.6    3.5    3.5   164    4.8    0.3    4.4    0.00   979.63     1   30.3    2.1   -995   -995   -995   -995   -995    -995    -995    -995
 KIN2   133    55     50   29.3    3.3    3.3   160    4.2    0.3    4.2    0.00   979.69     0   30.0    2.0   -995   -995   -995   -995   -995    -995    -995    -995
 KIN2   133    60     51   29.1    3.7    3.7   161    4.1    0.3    4.4    0.00   979.71     0   29.8    2.1   27.9   32.7   27.7   26.7   25.5    3.69    3.73    3.58
 KIN2   133    65     52   28.9    3.8    3.8   160    4.1    0.2    4.2    0.00   979.77     0   29.6    2.2   -995   -995   -995   -995   -995    -995    -995    -995
 KIN2   133    70     53   28.8    3.9    3.9   159    4.4    0.4    4.6    0.00   979.81     0   29.5    2.4   -995   -995   -995   -995   -995    -995    -995    -995
 KIN2   133    75     53   28.6    4.0    3.9   160    5.4    0.4    4.6    0.00   979.83     0   29.3    2.3   27.8   32.5   27.6   26.7   25.5    -995    -995    -995
 KIN2   133    80     54   28.5    3.7    3.7   158    5.6    0.4    4.7    0.00   979.87     0   29.1    2.2   -995   -995   -995   -995   -995    -995    -995    -995
 KIN2   133    85     55   28.3    3.6    3.5   158    5.8    0.3    4.3    0.00   979.89     0   29.0    2.2   -995   -995   -995   -995   -995    -995    -995    -995
 KIN2   133    90     55   28.1    3.9    3.9   156    5.6    0.5    5.1    0.00   979.86     0   28.9    2.4   27.8   32.3   27.5   26.7   25.5    3.69    3.73    3.58
 KIN2   133    95     56   28.0    4.0    4.0   156    5.9    0.4    4.8    0.00   979.89     0   28.7    2.4   -995   -995   -995   -995   -995    -995    -995    -995
 KIN2   133   100     56   27.9    4.1    4.0   156    6.0    0.4    4.9    0.00   979.87     0   28.5    2.5   -995   -995   -995   -995   -995    -995    -995    -995
 KIN2   133   105     56   27.8    3.8    3.8   158    5.9    0.4    4.6    0.00   979.88     0   28.5    2.3   27.7   32.1   27.4   26.7   25.5    -995    -995    -995
 KIN2   133   110     57   27.6    3.6    3.6   159    6.1    0.4    4.5    0.00   979.93     0   28.4    2.1   -995   -995   -995   -995   -995    -995    -995    -995
 KIN2   133   115     57   27.5    3.5    3.5   158    6.3    0.4    4.5    0.00   980.01     0   28.3    2.0   -995   -995   -995   -995   -995    -995    -995    -995
 KIN2   133   120     58   27.4    3.7    3.7   154    5.3    0.4    4.6    0.00   980.08     0   28.2    2.1   27.6   31.9   27.3   26.6   25.5    3.69    3.72    3.58
 KIN2   133   125     58   27.3    3.4    3.4   153    5.3    0.4    4.4    0.00   980.11     0   28.1    2.1   -995   -995   -995   -995   -995    -995    -995    -995
 KIN2   133   130     58   27.1    3.5    3.5   151    5.0    0.3    4.2    0.00   980.17     0   27.9    2.1   -995   -995   -995   -995   -995    -995    -995    -995
 KIN2   133   135     59   26.9    3.3    3.3   150    5.3    0.3    3.9    0.00   980.22     0   27.7    1.9   27.6   31.6   27.3   26.6   25.5    -995    -995    -995
 KIN2   133   140     60   26.8    3.2    3.1   151    5.3    0.4    4.1    0.00   980.27     0   27.6    1.9   -995   -995   -995   -995   -995    -995    -995    -995
 KIN2   133   145     61   26.6    3.2    3.2   151    5.7    0.3    3.8    0.00   980.30     0   27.5    1.9   -995   -995   -995   -995   -995    -995    -995    -995
 KIN2   133   150     61   26.5    3.4    3.3   152    5.4    0.3    4.1    0.00   980.29     0   27.3    1.9   27.5   31.5   27.2   26.6   25.4    3.69    3.72    3.59
 KIN2   133   155     62   26.5    3.4    3.4   152    5.8    0.3    4.5    0.00   980.29     0   27.2    2.0   -995   -995   -995   -995   -995    -995    -995    -995
 KIN2   133   160     62   26.3    3.5    3.5   153    4.6    0.3    4.3    0.00   980.32     0   27.1    2.1   -995   -995   -995   -995   -995    -995    -995    -995
 KIN2   133   165     63   26.3    3.5    3.4   154    5.9    0.4    4.2    0.00   980.39     0   27.0    2.1   27.5   31.3   27.1   26.6   25.4    -995    -995    -995
 KIN2   133   170     63   26.2    3.7    3.6   155    6.1    0.4    4.6    0.00   980.44     0   26.9    2.2   -995   -995   -995   -995   -995    -995    -995    -995
 KIN2   133   175     64   26.3    3.8    3.8   156    5.8    0.3    4.5    0.00   980.42     0   27.0    2.4   -995   -995   -995   -995   -995    -995    -995    -995
 KIN2   133   180     64   26.3    3.9    3.9   156    5.4    0.4    4.8    0.00   980.41     0   27.0    2.3   27.4   31.1   27.0   26.6   25.4    3.70    3.72    3.59
 KIN2   133   185     64   26.3    4.1    4.1   154    6.4    0.4    5.2    0.00   980.48     0   27.0    2.5   -995   -995   -995   -995   -995    -995    -995    -995
 KIN2   133   190     64   26.4    4.3    4.3   155    4.9    0.4    5.1    0.00   980.53     0   27.1    2.7   -995   -995   -995   -995   -995    -995    -995    -995
 KIN2   133   195     64   26.5    4.4    4.4   154    5.9    0.5    5.2    0.00   980.56     0   27.1    2.8   27.4   30.9   26.9   26.6   25.4    -995    -995    -995
 KIN2   133   200     63   26.5    4.6    4.6   155    5.4    0.5    6.3    0.00   980.61     0   27.2    2.8   -995   -995   -995   -995   -995    -995    -995    -995
 KIN2   133   205     63   26.6    4.4    4.3   154    6.1    0.5    5.8    0.00   980.64     0   27.3    2.7   -995   -995   -995   -995   -995    -995    -995    -995
 KIN2   133   210     63   26.6    4.5    4.5   154    5.9    0.4    5.4    0.00   980.67     0   27.3    2.7   27.3   30.7   26.9   26.6   25.4    3.70    3.73    3.59
 KIN2   133   215     63   26.4    4.2    4.2   148    6.8    0.5    5.4    0.00   980.70     0   27.0    2.7   -995   -995   -995   -995   -995    -995    -995    -995
 KIN2   133   220     65   26.0    4.2    4.2   150    5.5    0.5    5.3    0.00   980.73     0   26.6    2.6   -995   -995   -995   -995   -995    -995    -995    -995
 KIN2   133   225     66   25.9    4.0    4.0   152    5.4    0.4    4.8    0.00   980.75     0   26.5    2.5   27.2   30.5   26.8   26.6   25.4    -995    -995    -995
 KIN2   133   230     66   25.8    3.9    3.9   150    6.1    0.4    5.0    0.00   980.75     0   26.4    2.4   -995   -995   -995   -995   -995    -995    -995    -995
 KIN2   133   235     66   25.6    3.6    3.6   152    5.8    0.4    4.5    0.00   980.80     0   26.2    2.2   -995   -995   -995   -995   -995    -995    -995    -995
 KIN2   133   240     67   25.5    3.8    3.8   155    5.0    0.4    4.8    0.00   980.83     0   26.1    2.3   27.2   30.4   26.8   26.6   25.4    3.70    3.72    3.59
 KIN2   133   245     67   25.4    3.9    3.9   155    4.3    0.3    4.5    0.00   980.83     0   26.0    2.3   -995   -995   -995   -995   -995    -995    -995    -995
 KIN2   133   250     68   25.3    3.7    3.7   155    4.4    0.3    4.4    0.00   980.81     0   25.9    2.2   -995   -995   -995   -995   -995    -995    -995    -995
 KIN2   133   255     68   25.3    3.7    3.7   155    5.0    0.3    4.4    0.00   980.81     0   25.9    2.1   27.1   30.2   26.7   26.6   25.4    -995    -995    -995
 KIN2   133   260     68   25.3    3.7    3.6   156    5.1    0.4    4.4    0.00   980.84     0   25.9    2.1   -995   -995   -995   -995   -995    -995    -995    -995
 KIN2   133   265     68   25.2    3.6    3.5   157    5.3    0.2    4.1    0.00   980.84     0   25.8    2.1   -995   -995   -995   -995   -995    -995    -995    -995
 KIN2   133   270     69   25.2    3.5    3.5   157    5.9    0.4    4.5    0.00   980.83     0   25.8    2.0   27.1   30.1   26.7   26.6   25.4    3.70    3.72    3.59
 KIN2   133   275     68   25.3    3.7    3.7   155    4.5    0.3    4.4    0.00   980.86     0   26.0    2.1   -995   -995   -995   -995   -995    -995    -995    -995
 KIN2   133   280     68   25.4    3.6    3.6   157    5.9    0.3    4.3    0.00   980.84     0   26.0    2.1   -995   -995   -995   -995   -995    -995    -995    -995
 KIN2   133   285     68   25.4    3.5    3.5   157    5.5    0.3    4.3    0.00   980.84     0   26.0    2.1   27.1   29.9   26.6   26.6   25.4    -995    -995    -995
 KIN2   133   290     68   25.4    3.8    3.8   156    4.9    0.4    4.7    0.00   980.87     0   26.0    2.3   -995   -995   -995   -995   -995    -995    -995    -995
 KIN2   133   295     67   25.6    4.1    4.1   157    5.3    0.4    5.0    0.00   980.88     0   26.2    2.4   -995   -995   -995   -995   -995    -995    -995    -995
 KIN2   133   300     66   25.7    4.1    4.1   160    5.2    0.4    5.2    0.00   980.93     0   26.3    2.5   27.0   29.8   26.6   26.5   25.4    3.70    3.71    3.59
 KIN2   133   305     66   25.7    3.9    3.9   160    5.5    0.4    4.7    0.00   980.95     0   26.3    2.2   -995   -995   -995   -995   -995    -995    -995    -995
 KIN2   133   310     66   25.7    3.5    3.5   161    5.3    0.3    4.2    0.00   980.97     0   26.3    2.1   -995   -995   -995   -995   -995    -995    -995    -995
 KIN2   133   315     65   25.7    4.1    4.0   165    4.9    0.4    5.3    0.00   980.94     0   26.4    2.4   27.0   29.6   26.5   26.5   25.4    -995    -995    -995
 KIN2   133   320     64   25.8    4.1    4.1   166    5.3    0.4    5.2    0.00   980.90     0   26.5    2.4   -995   -995   -995   -995   -995    -995    -995    -995
 KIN2   133   325     64   25.7    4.1    4.1   168    4.7    0.3    5.1    0.00   980.87     0   26.4    2.4   -995   -995   -995   -995   -995    -995    -995    -995
 KIN2   133   330     65   25.6    3.9    3.9   169    5.7    0.4    4.9    0.00   980.86     0   26.3    2.2   26.9   29.5   26.5   26.5   25.4    3.70    3.71    3.59
 KIN2   133   335     64   25.7    4.0    4.0   170    5.8    0.4    5.2    0.00   980.88     0   26.4    2.4   -995   -995   -995   -995   -995    -995    -995    -995
 KIN2   133   340     64   25.5    3.8    3.7   172    5.2    0.4    4.8    0.00   980.86     0   26.2    2.1   -995   -995   -995   -995   -995    -995    -995    -995
 KIN2   133   345     65   25.3    3.5    3.5   173    5.5    0.4    4.6    0.00   980.86     0   26.1    1.9   26.9   29.4   26.4   26.5   25.4    -995    -995    -995
 KIN2   133   350     65   25.3    3.7    3.6   172    5.8    0.3    4.6    0.00   980.84     0   26.0    2.1   -995   -995   -995   -995   -995    -995    -995    -995
 KIN2   133   355     66   25.2    3.7    3.7   170    4.5    0.3    4.5    0.00   980.83     0   25.9    2.1   -995   -995   -995   -995   -995    -995    -995    -995
 KIN2   133   360     67   25.1    3.8    3.8   171    4.7    0.4    4.8    0.00   980.83     0   25.8    2.2   26.8   29.2   26.4   26.5   25.4    3.70    3.71    3.59
 KIN2   133   365     66   25.1    4.0    4.0   175    5.0    0.4    4.9    0.00   980.79     0   25.8    2.3   -995   -995   -995   -995   -995    -995    -995    -995
 KIN2   133   370     67   24.8    3.8    3.8   178    4.6    0.3    4.7    0.00   980.80     0   25.6    2.2   -995   -995   -995   -995   -995    -995    -995    -995
 KIN2   133   375     68   24.6    3.7    3.7   177    3.7    0.2    4.3    0.00   980.81     0   25.4    2.1   26.8   29.1   26.4   26.5   25.4    -995    -995    -995
 KIN2   133   380     69   24.5    3.7    3.7   177    4.4    0.2    4.3    0.00   980.82     0   25.2    2.0   -995   -995   -995   -995   -995    -995    -995    -995
 KIN2   133   385     69   24.4    3.8    3.8   176    4.6    0.3    4.8    0.00   980.79     0   25.2    2.1   -995   -995   -995   -995   -995    -995    -995    -995
 KIN2   133   390     69   24.4    3.8    3.8   175    4.0    0.3    4.9    0.00   980.78     0   25.2    2.2   26.8   29.0   26.3   26.5   25.4    3.70    3.71    3.59
 KIN2   133   395     69   24.5    3.9    3.9   175    4.4    0.4    4.8    0.00   980.79     0   25.2    2.3   -995   -995   -995   -995   -995    -995    -995    -995
 KIN2   133   400     69   24.5    4.0    4.0   179    3.9    0.3    4.6    0.00   980.83     0   25.2    2.4   -995   -995   -995   -995   -995    -995    -995    -995
 KIN2   133   405     69   24.4    3.7    3.7   181    5.4    0.3    4.4    0.00   980.93     0   25.0    2.3   26.7   28.9   26.3   26.5   25.4    -995    -995    -995
 KIN2   133   410     70   24.1    3.5    3.5   185    6.4    0.3    4.1    0.00   980.93     0   24.8    2.0   -995   -995   -995   -995   -995    -995    -995    -995
 KIN2   133   415     71   23.6    2.7    2.7   192    8.2    0.5    4.1    0.00   980.92     0   24.4    1.4   -995   -995   -995   -995   -995    -995    -995    -995
 KIN2   133   420     74   23.2    2.2    2.2   201    9.9    0.2    3.0    0.00   980.92     0   23.9    1.2   26.7   28.8   26.2   26.5   25.4    3.70    3.72    3.61
 KIN2   133   425     75   23.0    2.1    2.0   217   12.9    0.3    2.6    0.00   980.97     0   23.7    1.0   -995   -995   -995   -995   -995    -995    -995    -995
 KIN2   133   430     77   22.5    1.9    1.8   224   11.8    0.2    2.6    0.00   981.01     0   23.3    1.1   -995   -995   -995   -995   -995    -995    -995    -995
 KIN2   133   435     78   22.5    2.0    1.9   222   11.9    0.2    2.4    0.00   980.98     0   23.3    1.1   26.7   28.7   26.2   26.5   25.5    -995    -995    -995
 KIN2   133   440     78   22.5    2.1    2.1   219    8.2    0.1    2.4    0.00   980.96     0   23.3    1.0   -995   -995   -995   -995   -995    -995    -995    -995
 KIN2   133   445     78   22.6    2.2    2.2   212    9.9    0.3    3.0    0.00   980.97     0   23.3    0.8   -995   -995   -995   -995   -995    -995    -995    -995
 KIN2   133   450     78   22.6    2.1    2.1   213   12.6    0.3    2.9    0.00   980.96     0   23.3    0.9   26.7   28.6   26.2   26.5   25.5    3.70    3.71    3.59
 KIN2   133   455     78   22.5    2.1    2.0   216   10.7    0.2    2.6    0.00   980.94     0   23.2    1.1   -995   -995   -995   -995   -995    -995    -995    -995
 KIN2   133   460     79   22.3    2.0    2.0   222   10.5    0.2    2.5    0.00   980.93     0   23.1    1.1   -995   -995   -995   -995   -995    -995    -995    -995
 KIN2   133   465     79   22.2    2.1    2.1   226    7.2    0.2    2.5    0.00   980.93     0   22.8    1.2   26.6   28.5   26.1   26.5   25.5    -995    -995    -995
 KIN2   133   470     79   22.3    2.0    2.0   225    9.8    0.2    2.5    0.00   980.89     0   22.8    0.9   -995   -995   -995   -995   -995    -995    -995    -995
 KIN2   133   475     80   22.2    1.9    1.8   223   10.4    0.3    2.6    0.00   980.86     0   22.8    0.8   -995   -995   -995   -995   -995    -995    -995    -995
 KIN2   133   480     79   22.3    1.9    1.9   222    9.2    0.2    2.5    0.00   980.86     0   22.7    0.8   26.6   28.3   26.0   26.4   25.5    3.71    3.71    3.59
 KIN2   133   485     79   22.2    1.7    1.7   226    9.6    0.2    2.2    0.00   980.87     0   22.7    0.7   -995   -995   -995   -995   -995    -995    -995    -995
 KIN2   133   490     80   22.2    1.8    1.8   224    9.1    0.2    2.4    0.00   980.88     0   22.7    0.6   -995   -995   -995   -995   -995    -995    -995    -995
 KIN2   133   495     80   22.2    2.1    2.1   222    6.8    0.3    2.9    0.00   980.86     0   22.7    0.7   26.5   28.2   26.0   26.4   25.5    -995    -995    -995
 KIN2   133   500     79   22.2    2.5    2.5   214    8.4    0.2    2.9    0.00   980.79     0   22.8    1.3   -995   -995   -995   -995   -995    -995    -995    -995
 KIN2   133   505     79   22.2    2.5    2.5   208    6.6    0.2    3.2    0.00   980.72     0   22.8    1.3   -995   -995   -995   -995   -995    -995    -995    -995
 KIN2   133   510     79   22.2    2.2    2.2   210    7.4    0.2    2.7    0.00   980.66     0   22.7    1.0   26.5   28.1   25.9   26.4   25.4    3.71    3.71    3.59
 KIN2   133   515     79   22.2    2.1    2.0   211    9.1    0.2    2.4    0.00   980.64     0   22.7    0.9   -995   -995   -995   -995   -995    -995    -995    -995
 KIN2   133   520     79   22.2    1.7    1.7   217   11.6    0.3    2.3    0.00   980.66     0   22.7    0.5   -995   -995   -995   -995   -995    -995    -995    -995
 KIN2   133   525     80   22.1    1.7    1.6   224   12.1    0.3    2.3    0.00   980.67     0   22.7    0.7   26.4   27.9   25.9   26.4   25.4    -995    -995    -995
 KIN2   133   530     80   22.1    1.4    1.4   225   12.0    0.2    1.9    0.00   980.65     0   22.7    0.5   -995   -995   -995   -995   -995    -995    -995    -995
 KIN2   133   535     79   22.2    1.7    1.6   217    9.8    0.2    2.2    0.00   980.64     0   22.7    0.4   -995   -995   -995   -995   -995    -995    -995    -995
 KIN2   133   540     79   22.3    1.7    1.6   220   10.3    0.3    2.2    0.00   980.64     0   22.7    0.7   26.4   27.8   25.8   26.3   25.4    3.71    3.71    3.61
 KIN2   133   545     78   22.3    1.9    1.9   218    9.4    0.2    2.5    0.00   980.59     0   22.8    0.8   -995   -995   -995   -995   -995    -995    -995    -995
 KIN2   133   550     79   22.1    2.4    2.4   209    5.0    0.2    2.8    0.00   980.57     0   22.9    1.5   -995   -995   -995   -995   -995    -995    -995    -995
 KIN2   133   555     78   22.1    2.5    2.5   204    3.9    0.2    3.1    0.00   980.52     0   22.9    1.5   26.3   27.7   25.8   26.3   25.4    -995    -995    -995
 KIN2   133   560     79   22.0    2.5    2.5   193    3.6    0.3    2.9    0.00   980.51     0   22.9    1.5   -995   -995   -995   -995   -995    -995    -995    -995
 KIN2   133   565     79   21.7    2.0    2.0   191    3.2    0.1    2.3    0.00   980.49     0   22.9    1.1   -995   -995   -995   -995   -995    -995    -995    -995
 KIN2   133   570     79   21.5    1.9    1.9   194    3.8    0.1    2.3    0.00   980.46     0   22.9    1.0   26.3   27.6   25.7   26.3   25.4    3.71    3.71    3.59
 KIN2   133   575     79   21.4    2.4    2.4   198    3.7    0.3    3.1    0.00   980.45     0   22.9    1.2   -995   -995   -995   -995   -995    -995    -995    -995
 KIN2   133   580     79   21.4    3.3    3.3   195    3.4    0.3    4.4    0.00   980.41     0   22.8    1.6   -995   -995   -995   -995   -995    -995    -995    -995
 KIN2   133   585     79   21.6    3.9    3.9   192    2.9    0.2    4.5    0.00   980.40     0   23.0    1.9   26.2   27.5   25.7   26.3   25.4    -995    -995    -995
 KIN2   133   590     79   21.8    4.0    4.0   190    1.9    0.2    4.4    0.00   980.40     0   23.0    2.0   -995   -995   -995   -995   -995    -995    -995    -995
 KIN2   133   595     79   21.8    3.7    3.7   191    2.4    0.2    4.4    0.00   980.43     0   22.9    1.9   -995   -995   -995   -995   -995    -995    -995    -995
 KIN2   133   600     79   21.9    3.6    3.6   192    5.4    0.2    4.1    0.00   980.42     0   23.0    1.8   26.2   27.4   25.6   26.3   25.4    3.71    3.71    3.61
 KIN2   133   605     79   21.9    3.9    3.8   187    4.4    0.3    4.6    0.00   980.44     0   22.9    2.1   -995   -995   -995   -995   -995    -995    -995    -995
 KIN2   133   610     79   21.9    3.7    3.6   187    4.2    0.2    4.3    0.00   980.48     0   22.8    2.0   -995   -995   -995   -995   -995    -995    -995    -995
 KIN2   133   615     79   21.7    3.7    3.7   185    2.9    0.2    4.1    0.00   980.51     0   22.6    1.8   26.1   27.3   25.6   26.2   25.4    -995    -995    -995
 KIN2   133   620     80   21.6    3.4    3.4   184    2.9    0.2    3.9    0.00   980.49     0   22.5    1.7   -995   -995   -995   -995   -995    -995    -995    -995
 KIN2   133   625     80   21.5    3.3    3.3   179    2.7    0.2    3.7    0.00   980.45     0   22.4    1.7   -995   -995   -995   -995   -995    -995    -995    -995
 KIN2   133   630     80   21.6    3.3    3.3   176    2.7    0.2    3.7    0.00   980.47     0   22.4    1.7   26.1   27.2   25.5   26.2   25.4    3.71    3.71    3.59
 KIN2   133   635     80   21.4    3.3    3.3   174    2.6    0.2    3.7    0.00   980.47     0   22.3    1.6   -995   -995   -995   -995   -995    -995    -995    -995
 KIN2   133   640     80   21.4    3.6    3.6   175    4.3    0.2    4.3    0.00   980.49     0   22.4    1.8   -995   -995   -995   -995   -995    -995    -995    -995
 KIN2   133   645     80   21.5    3.6    3.6   180    4.4    0.2    4.7    0.00   980.53     0   22.4    1.9   26.1   27.1   25.5   26.2   25.4    -995    -995    -995
 KIN2   133   650     80   21.6    3.8    3.8   184    3.5    0.2    4.2    0.00   980.54     0   22.4    2.0   -995   -995   -995   -995   -995    -995    -995    -995
 KIN2   133   655     80   21.4    3.9    3.9   185    4.0    0.2    4.7    0.00   980.54     0   22.4    2.0   -995   -995   -995   -995   -995    -995    -995    -995
 KIN2   133   660     80   21.4    3.9    3.9   186    3.1    0.2    4.4    0.00   980.55     0   22.4    2.0   26.0   27.0   25.5   26.2   25.4    3.72    3.71    3.61
 KIN2   133   665     80   21.4    3.8    3.8   188    3.6    0.2    4.3    0.00   980.57     0   22.3    2.0   -995   -995   -995   -995   -995    -995    -995    -995
 KIN2   133   670     81   21.3    3.5    3.5   186    3.3    0.2    4.0    0.00   980.61     0   22.0    1.8   -995   -995   -995   -995   -995    -995    -995    -995
 KIN2   133   675     81   21.2    3.4    3.4   191    4.8    0.2    3.8    0.00   980.59     0   22.0    1.7   26.0   26.9   25.4   26.2   25.4    -995    -995    -995
 KIN2   133   680     81   21.0    3.0    3.0   194    3.8    0.2    3.6    0.00   980.61     0   21.8    1.5   -995   -995   -995   -995   -995    -995    -995    -995
 KIN2   133   685     82   20.9    2.8    2.8   196    4.8    0.2    3.3    0.00   980.64     0   21.8    1.4   -995   -995   -995   -995   -995    -995    -995    -995
 KIN2   133   690     82   21.0    2.8    2.8   195    4.9    0.2    3.3    0.00   980.67     0   21.8    1.4   26.0   26.8   25.4   26.1   25.4    3.71    3.70    3.59
 KIN2   133   695     83   20.7    2.6    2.6   199    5.8    0.2    3.1    0.00   980.67     0   21.6    1.4   -995   -995   -995   -995   -995    -995    -995    -995
 KIN2   133   700     83   20.7    2.9    2.8   198    4.2    0.2    3.4    0.00   980.66     0   21.6    1.4   -995   -995   -995   -995   -995    -995    -995    -995
 KIN2   133   705     84   20.7    2.5    2.5   207    6.7    0.2    2.9    0.00   980.62     0   21.5    1.2   25.9   26.7   25.4   26.1   25.4    -995    -995    -995
 KIN2   133   710     84   20.9    2.4    2.4   211    3.9    0.2    2.8    0.00   980.61     0   21.5    1.1   -995   -995   -995   -995   -995    -995    -995    -995
 KIN2   133   715     84   20.8    2.0    2.0   207    4.1    0.2    2.4    0.00   980.64     0   21.4    0.8   -995   -995   -995   -995   -995    -995    -995    -995
 KIN2   133   720     84   20.6    1.7    1.7   209    1.5    0.1    2.2    0.00   980.65     1   21.2    0.6   25.9   26.6   25.3   26.1   25.4    3.71    3.71    3.59
 KIN2   133   725     85   20.5    1.5    1.5   206    7.3    0.1    1.6    0.00   980.69     1   21.1    0.2   -995   -995   -995   -995   -995    -995    -995    -995
 KIN2   133   730     85   20.3    1.5    1.5   190    4.2    0.1    1.8    0.00   980.79     2   21.0    0.3   -995   -995   -995   -995   -995    -995    -995    -995
 KIN2   133   735     86   20.3    1.9    1.9   195    5.8    0.3    2.5    0.00   980.82     4   21.1    0.9   25.9   26.5   25.3   26.1   25.4    -995    -995    -995
 KIN2   133   740     86   20.4    2.5    2.4   197    8.0    0.2    2.8    0.00   980.85     6   21.4    1.2   -995   -995   -995   -995   -995    -995    -995    -995
 KIN2   133   745     84   20.1    2.7    2.7   192    5.0    0.1    3.0    0.00   980.90    11   21.3    1.2   -995   -995   -995   -995   -995    -995    -995    -995
 KIN2   133   750     85   20.1    2.4    2.4   196    3.7    0.4    3.0    0.00   980.89    18   21.2    1.0   25.8   26.5   25.3   26.1   25.4    3.72    3.71    3.59
 KIN2   133   755     85   20.1    1.6    1.6   203    6.0    0.1    1.9    0.00   980.87    25   20.9    0.8   -995   -995   -995   -995   -995    -995    -995    -995
 KIN2   133   760     85   20.6    2.2    2.2   216    3.5    0.2    2.5    0.00   980.86    35   21.2    0.9   -995   -995   -995   -995   -995    -995    -995    -995
 KIN2   133   765     83   21.0    2.7    2.7   214    5.9    0.2    3.0    0.00   980.90    47   21.6    1.4   25.8   26.3   25.2   26.0   25.4    -995    -995    -995
 KIN2   133   770     82   21.2    2.8    2.8   212    5.8    0.2    3.4    0.00   980.91    60   21.7    1.7   -995   -995   -995   -995   -995    -995    -995    -995
 KIN2   133   775     82   21.3    2.3    2.3   214    8.6    0.3    2.9    0.00   980.94    74   21.6    1.4   -995   -995   -995   -995   -995    -995    -995    -995
 KIN2   133   780     82   21.5    2.1    2.1   223    8.5    0.3    2.6    0.00   980.96    88   21.6    1.0   25.7   26.2   25.1   26.0   25.4    3.72    3.71    3.61
 KIN2   133   785     81   21.6    1.8    1.7   207    7.8    0.2    2.4    0.00   980.97   102   21.8    0.9   -995   -995   -995   -995   -995    -995    -995    -995
 KIN2   133   790     80   21.7    1.2    1.2   216   14.8    0.2    1.7    0.00   981.04   116   21.8    0.4   -995   -995   -995   -995   -995    -995    -995    -995
 KIN2   133   795     80   21.9    1.2    1.1   243   11.5    0.2    1.7    0.00   981.07   132   22.0    0.4   25.6   26.1   25.1   25.9   25.3    -995    -995    -995
 KIN2   133   800     80   22.1    0.9    0.8   238   14.9    0.3    1.3    0.00   981.13   147   22.1    0.1   -995   -995   -995   -995   -995    -995    -995    -995
 KIN2   133   805     79   22.3    0.7    0.6   251   15.7    0.2    1.2    0.00   981.17   163   22.4    0.0   -995   -995   -995   -995   -995    -995    -995    -995
 KIN2   133   810     78   22.5    0.9    0.8   264   10.9    0.2    1.2    0.00   981.22   178   22.5    0.3   25.5   26.0   25.0   25.8   25.2    3.71    3.70    3.59
 KIN2   133   815     77   22.9    0.8    0.8   261   12.1    0.2    1.1    0.00   981.25   182   22.8    0.3   -995   -995   -995   -995   -995    -995    -995    -995
 KIN2   133   820     76   23.0    0.6    0.5   247   24.1    0.2    1.0    0.00   981.27   199   23.1    0.1   -995   -995   -995   -995   -995    -995    -995    -995
 KIN2   133   825     74   23.4    0.9    0.9   223   15.0    0.2    1.4    0.00   981.27   225   23.4    0.4   25.5   25.9   25.0   25.8   25.2    -995    -995    -995
 KIN2   133   830     74   23.7    1.0    1.0   214   15.4    0.2    1.6    0.00   981.27   243   23.6    0.7   -995   -995   -995   -995   -995    -995    -995    -995
 KIN2   133   835     72   24.1    1.2    1.2   214   11.0    0.3    1.9    0.00   981.31   260   23.9    0.9   -995   -995   -995   -995   -995    -995    -995    -995
 KIN2   133   840     71   24.5    1.4    1.4   226    9.8    0.3    2.0    0.00   981.31   278   24.2    1.2   25.4   25.8   25.0   25.8   25.2    3.72    3.71    3.59
 KIN2   133   845     70   24.7    1.5    1.5   222   10.6    0.3    2.2    0.00   981.33   296   24.5    1.3   -995   -995   -995   -995   -995    -995    -995    -995
 KIN2   133   850     69   25.1    1.2    1.2   220   14.2    0.3    1.9    0.00   981.33   313   24.8    0.8   -995   -995   -995   -995   -995    -995    -995    -995
 KIN2   133   855     67   25.9    2.4    2.3   197   12.2    0.8    3.6    0.00   981.30   331   25.5    2.0   25.4   25.8   25.0   25.7   25.2    -995    -995    -995
 KIN2   133   860     64   26.5    2.9    2.9   188    8.6    0.4    3.7    0.00   981.32   348   25.9    2.5   -995   -995   -995   -995   -995    -995    -995    -995
 KIN2   133   865     63   27.1    3.1    3.0   189    9.5    0.4    4.2    0.00   981.36   365   26.5    2.6   -995   -995   -995   -995   -995    -995    -995    -995
 KIN2   133   870     59   27.6    4.6    4.5   186    6.9    0.8    6.0    0.00   981.36   381   26.9    3.8   25.4   25.8   25.1   25.7   25.2    3.72    3.71    3.59
 KIN2   133   875     58   27.9    4.5    4.5   190    7.6    0.6    6.1    0.00   981.35   398   27.2    3.9   -995   -995   -995   -995   -995    -995    -995    -995
 KIN2   133   880     56   28.2    4.7    4.7   199    9.9    0.6    6.8    0.00   981.35   415   27.5    4.0   -995   -995   -995   -995   -995    -995    -995    -995
 KIN2   133   885     55   28.6    4.6    4.5   206   11.9    0.6    5.7    0.00   981.32   431   27.8    3.8   25.4   25.9   25.2   25.7   25.2    -995    -995    -995
 KIN2   133   890     54   29.1    5.0    4.9   210   10.6    0.9    7.0    0.00   981.30   447   28.1    4.0   -995   -995   -995   -995   -995    -995    -995    -995
 KIN2   133   895     53   29.4    4.6    4.5   208    8.8    0.7    6.0    0.00   981.29   464   28.4    3.9   -995   -995   -995   -995   -995    -995    -995    -995
 KIN2   133   900     51   29.8    5.9    5.8   211    7.7    0.7    7.3    0.00   981.28   478   28.7    4.8   25.4   26.1   25.3   25.7   25.2    3.71    3.71    3.61
 KIN2   133   905     51   29.8    5.8    5.8   207    7.6    0.6    7.0    0.00   981.30   493   28.8    5.0   -995   -995   -995   -995   -995    -995    -995    -995
 KIN2   133   910     50   30.2    6.2    6.2   209    6.3    0.6    7.6    0.00   981.29   510   29.1    5.2   -995   -995   -995   -995   -995    -995    -995    -995
 KIN2   133   915     49   30.6    6.1    6.0   202    9.1    0.7    7.6    0.00   981.30   526   29.2    5.0   25.4   26.3   25.4   25.7   25.2    -995    -995    -995
 KIN2   133   920     48   31.0    6.3    6.3   210    7.4    0.8    8.1    0.00   981.28   541   29.6    5.1   -995   -995   -995   -995   -995    -995    -995    -995
 KIN2   133   925     48   31.0    6.3    6.2   202    7.3    0.6    7.6    0.00   981.26   555   29.6    5.1   -995   -995   -995   -995   -995    -995    -995    -995
 KIN2   133   930     47   31.3    6.3    6.3   202    6.9    0.6    8.1    0.00   981.27   568   29.9    5.3   25.5   26.5   25.5   25.7   25.2    3.71    3.71    3.59
 KIN2   133   935     46   31.7    6.0    5.9   208    7.0    0.8    7.7    0.00   981.30   584   30.3    4.9   -995   -995   -995   -995   -995    -995    -995    -995
 KIN2   133   940     46   31.8    6.0    5.8   201   13.8    0.9    7.9    0.00   981.26   598   30.5    5.1   -995   -995   -995   -995   -995    -995    -995    -995
 KIN2   133   945     45   32.0    6.8    6.8   198    8.1    0.7    8.2    0.00   981.22   614   30.6    5.7   25.5   26.8   25.6   25.7   25.2    -995    -995    -995
 KIN2   133   950     44   32.2    6.2    6.2   209    8.5    1.0    8.8    0.00   981.22   628   30.7    5.2   -995   -995   -995   -995   -995    -995    -995    -995
 KIN2   133   955     43   32.6    6.2    6.1   205    8.2    0.8    8.2    0.00   981.21   641   31.0    5.1   -995   -995   -995   -995   -995    -995    -995    -995
 KIN2   133   960     43   32.5    6.7    6.6   198    6.7    0.8    8.5    0.00   981.18   652   31.0    5.6   25.6   27.1   25.7   25.7   25.2    3.71    3.72    3.59
 KIN2   133   965     42   33.0    5.9    5.8   202   11.0    1.0    8.2    0.00   981.21   665   31.5    5.0   -995   -995   -995   -995   -995    -995    -995    -995
 KIN2   133   970     42   32.9    6.9    6.8   200    9.6    1.0    8.8    0.00   981.19   677   31.2    5.8   -995   -995   -995   -995   -995    -995    -995    -995
 KIN2   133   975     42   32.8    6.2    6.1   203    8.0    1.0    8.7    0.00   981.20   684   31.3    5.2   25.7   27.4   25.8   25.7   25.2    -995    -995    -995
 KIN2   133   980     42   33.1    6.0    5.9   208   10.2    0.8    7.8    0.00   981.19   694   31.5    5.0   -995   -995   -995   -995   -995    -995    -995    -995
 KIN2   133   985     40   33.3    6.1    6.0   206    8.2    1.1    8.7    0.00   981.19   708   31.7    5.3   -995   -995   -995   -995   -995    -995    -995    -995
 KIN2   133   990     40   33.7    6.0    6.0   203    7.9    1.1    9.4    0.00   981.16   721   32.2    5.2   25.8   27.8   26.0   25.7   25.3    3.71    3.74    3.61
 KIN2   133   995     38   34.1    5.9    5.8   207   10.0    0.7    8.0    0.00   981.16   731   32.4    5.0   -995   -995   -995   -995   -995    -995    -995    -995
 KIN2   133  1000     39   33.7    6.7    6.6   210    7.8    1.1    9.0    0.00   981.11   739   32.1    5.7   -995   -995   -995   -995   -995    -995    -995    -995
 KIN2   133  1005     38   33.9    6.2    6.1   206    9.3    1.1    9.7    0.00   981.11   750   32.2    5.4   25.9   28.2   26.1   25.7   25.3    -995    -995    -995
 KIN2   133  1010     37   34.0    5.4    5.2   206   15.3    1.0    7.6    0.00   981.08   755   32.5    4.6   -995   -995   -995   -995   -995    -995    -995    -995
 KIN2   133  1015     35   34.5    6.6    6.5   216    7.4    1.7   10.0    0.00   981.03   765   32.8    5.3   -995   -995   -995   -995   -995    -995    -995    -995
 KIN2   133  1020     34   34.3    6.3    6.2   210    9.2    1.0    8.5    0.00   981.01   771   32.6    5.2   26.0   28.6   26.3   25.8   25.3    3.71    3.75    3.59
 KIN2   133  1025     33   34.5    6.7    6.6   212   11.7    1.0    9.7    0.00   980.94   782   32.8    5.4   -995   -995   -995   -995   -995    -995    -995    -995
 KIN2   133  1030     33   34.8    7.2    7.2   217    7.7    0.8    8.8    0.00   980.87   790   33.1    5.8   -995   -995   -995   -995   -995    -995    -995    -995
 KIN2   133  1035     33   34.8    7.3    7.2   204    8.7    0.9    9.2    0.00   980.83   796   32.9    6.1   26.1   29.0   26.5   25.8   25.3    -995    -995    -995
 KIN2   133  1040     33   34.7    7.0    6.9   204    9.7    0.6    8.1    0.00   980.81   800   32.8    5.8   -995   -995   -995   -995   -995    -995    -995    -995
 KIN2   133  1045     33   34.9    6.0    5.9   198   12.2    1.0    8.2    0.00   980.76   807   33.1    4.9   -995   -995   -995   -995   -995    -995    -995    -995
 KIN2   133  1050     32   34.9    6.2    6.1   207   10.5    1.0    8.7    0.00   980.69   812   33.1    5.2   26.2   29.4   26.7   25.8   25.3    3.70    3.74    3.58
 KIN2   133  1055     32   34.7    5.2    5.0   229   15.6    1.1    7.5    0.00   980.64   816   33.4    4.0   -995   -995   -995   -995   -995    -995    -995    -995
 KIN2   133  1060     32   35.1    5.7    5.6   216   10.5    0.7    7.5    0.00   980.59   823   33.6    4.6   -995   -995   -995   -995   -995    -995    -995    -995
 KIN2   133  1065     31   35.5    5.8    5.6   213   13.1    1.3    9.3    0.00   980.53   827   33.7    4.6   26.3   29.8   26.9   25.8   25.3    -995    -995    -995
 KIN2   133  1070     31   34.8    4.6    4.5   232   12.7    0.9    6.3    0.00   980.52   828   33.5    3.7   -995   -995   -995   -995   -995    -995    -995    -995
 KIN2   133  1075     32   34.7    4.1    4.0   246   13.2    0.9    6.3    0.00   980.49   831   33.7    3.0   -995   -995   -995   -995   -995    -995    -995    -995
 KIN2   133  1080     31   34.9    4.6    4.4   228   18.2    1.5    7.7    0.00   980.47   830   33.7    3.9   26.4   30.2   27.1   25.8   25.3    3.70    3.74    3.61
 KIN2   133  1085     31   35.2    5.1    5.0   222    8.4    1.0    7.4    0.00   980.43   831   33.8    4.1   -995   -995   -995   -995   -995    -995    -995    -995
 KIN2   133  1090     31   35.1    4.1    3.9   226   16.2    1.9    8.4    0.00   980.38   818   33.9    3.3   -995   -995   -995   -995   -995    -995    -995    -995
 KIN2   133  1095     30   35.5    4.7    4.7   213    7.2    1.4    7.7    0.00   980.32   840   33.6    4.0   26.6   30.6   27.3   25.8   25.3    -995    -995    -995
 KIN2   133  1100     30   35.4    4.2    4.0   245   17.3    1.0    6.1    0.00   980.27   846   34.1    3.2   -995   -995   -995   -995   -995    -995    -995    -995
 KIN2   133  1105     30   35.5    4.3    3.7   221   29.1    1.3    6.8    0.00   980.19   851   34.2    3.4   -995   -995   -995   -995   -995    -995    -995    -995
 KIN2   133  1110     30   36.0    5.3    5.2   199    9.4    1.1    7.0    0.00   980.16   864   34.2    4.6   26.7   31.0   27.5   25.9   25.3    3.70    3.74    3.61
 KIN2   133  1115     30   35.4    3.8    3.6   202   20.0    1.3    6.9    0.00   980.12   880   34.1    3.2   -995   -995   -995   -995   -995    -995    -995    -995
 KIN2   133  1120     30   35.9    4.7    4.3   194   23.7    1.4    8.9    0.00   980.04   893   34.5    4.1   -995   -995   -995   -995   -995    -995    -995    -995
 KIN2   133  1125     30   36.0    5.2    5.0   187   16.1    0.8    6.8    0.00   979.99   892   34.4    4.4   26.8   31.4   27.8   25.9   25.3    -995    -995    -995
 KIN2   133  1130     30   35.7    5.1    4.9   190   15.8    0.8    7.5    0.00   979.95   768   34.4    4.4   -995   -995   -995   -995   -995    -995    -995    -995
 KIN2   133  1135     29   36.0    5.1    4.9   196   16.7    0.9    7.4    0.00   979.89   927   34.5    4.5   -995   -995   -995   -995   -995    -995    -995    -995
 KIN2   133  1140     29   35.6    4.6    4.6   200   11.2    1.1    7.1    0.00   979.83   809   34.3    3.9   27.0   31.9   28.0   25.9   25.3    3.70    3.74    3.59
 KIN2   133  1145     30   35.1    5.5    5.2   192   19.9    0.8    7.3    0.00   979.76   586   34.0    4.8   -995   -995   -995   -995   -995    -995    -995    -995
 KIN2   133  1150     30   35.8    4.7    4.6   214    9.5    1.0    6.8    0.00   979.74   934   34.3    4.1   -995   -995   -995   -995   -995    -995    -995    -995
 KIN2   133  1155     30   35.3    3.6    3.4   206   16.3    1.2    6.1    0.00   979.74   709   34.2    3.0   27.2   32.3   28.2   26.0   25.3    -995    -995    -995
 KIN2   133  1160     30   36.1    5.5    5.4   201   10.0    1.4    8.3    0.00   979.66   806   34.7    4.8   -995   -995   -995   -995   -995    -995    -995    -995
 KIN2   133  1165     31   35.2    4.6    4.5   196    7.9    0.8    6.1    0.00   979.64   500   33.9    4.0   -995   -995   -995   -995   -995    -995    -995    -995
 KIN2   133  1170     31   35.2    3.1    2.9   212   18.8    1.0    5.0    0.00   979.58   670   34.5    2.6   27.3   32.7   28.4   26.0   25.4    3.70    3.75    3.62
 KIN2   133  1175     31   35.5    5.3    5.1   192   13.9    1.1    7.3    0.00   979.48   543   34.3    4.5   -995   -995   -995   -995   -995    -995    -995    -995
 KIN2   133  1180     32   35.0    5.0    4.9   178   11.7    1.3    7.5    0.00   979.47   338   34.0    4.3   -995   -995   -995   -995   -995    -995    -995    -995
 KIN2   133  1185     33   34.3    3.6    3.4   183   19.4    1.3    6.7    0.00   979.43   378   33.7    2.9   27.5   33.0   28.6   26.1   25.4    -995    -995    -995
 KIN2   133  1190     33   35.1    4.6    4.5   216   11.5    1.5    8.3    0.00   979.36   523   34.2    3.7   -995   -995   -995   -995   -995    -995    -995    -995
 KIN2   133  1195     33   35.0    5.7    5.6   206   10.9    0.9    7.8    0.00   979.32   474   33.7    5.0   -995   -995   -995   -995   -995    -995    -995    -995
 KIN2   133  1200     33   35.0    5.1    4.8   199   18.1    0.9    7.5    0.00   979.25   529   34.1    4.2   27.6   33.3   28.7   26.2   25.5    3.70    3.75    3.61
 KIN2   133  1205     32   35.3    4.0    3.9   229   14.7    1.1    6.8    0.00   979.21   576   34.2    3.1   -995   -995   -995   -995   -995    -995    -995    -995
 KIN2   133  1210     32   35.6    4.5    4.3   195   17.5    1.5    7.1    0.00   979.16   769   34.4    3.7   -995   -995   -995   -995   -995    -995    -995    -995
 KIN2   133  1215     33   34.8    5.0    4.9   172   11.3    0.9    6.7    0.00   979.07   416   34.0    4.3   27.7   33.5   28.7   26.2   25.4    -995    -995    -995
 KIN2   133  1220     33   34.8    5.8    5.7   172    9.6    1.2    8.2    0.00   979.02   303   34.2    4.8   -995   -995   -995   -995   -995    -995    -995    -995
 KIN2   133  1225     33   34.4    5.3    5.3   178    9.2    1.6    8.4    0.00   978.97   255   33.8    4.3   -995   -995   -995   -995   -995    -995    -995    -995
 KIN2   133  1230     33   34.6    5.0    4.9   171   14.0    1.3    8.4    0.00   978.90   580   33.8    4.2   27.8   33.7   28.8   26.2   25.4    3.69    3.74    3.59
 KIN2   133  1235     32   35.5    4.8    4.6   189   17.7    0.9    6.7    0.00   978.83   697   34.3    4.2   -995   -995   -995   -995   -995    -995    -995    -995
 KIN2   133  1240     31   35.7    6.2    6.2   183    9.5    1.4    9.1    0.00   978.77   651   34.3    5.1   -995   -995   -995   -995   -995    -995    -995    -995
 KIN2   133  1245     31   35.0    5.8    5.8   200    6.5    0.9    7.8    0.00   978.73   346   34.0    5.1   27.9   33.8   28.8   26.2   25.4    -995    -995    -995
 KIN2   133  1250     30   35.0    4.0    3.9   189   12.4    0.7    5.4    0.00   978.69   310   34.5    3.5   -995   -995   -995   -995   -995    -995    -995    -995
 KIN2   133  1255     30   35.6    4.8    4.8   188   10.4    1.3    7.3    0.00   978.62   717   34.5    4.2   -995   -995   -995   -995   -995    -995    -995    -995
 KIN2   133  1260     29   35.9    5.9    5.8   183   11.1    1.2    8.7    0.00   978.62   693   34.5    5.1   28.0   33.9   28.8   26.2   25.4    3.69    3.75    3.59
 KIN2   133  1265     29   35.5    4.3    4.2   192   13.7    1.0    6.3    0.00   978.60   670   34.3    3.8   -995   -995   -995   -995   -995    -995    -995    -995
 KIN2   133  1270     30   35.5    3.4    3.4   179   12.2    1.5    7.3    0.00   978.51   639   34.5    2.9   -995   -995   -995   -995   -995    -995    -995    -995
 KIN2   133  1275     29   35.5    5.3    5.2   167   10.8    1.1    7.7    0.00   978.47   614   34.4    4.6   28.0   33.9   28.7   26.2   25.3    -995    -995    -995
 KIN2   133  1280     29   35.5    5.8    5.7   177   13.1    0.9    7.7    0.00   978.41   610   34.5    5.0   -995   -995   -995   -995   -995    -995    -995    -995
 KIN2   133  1285     28   35.8    5.1    5.0   197   11.0    0.7    6.4    0.00   978.37   585   34.5    4.3   -995   -995   -995   -995   -995    -995    -995    -995
 KIN2   133  1290     28   35.5    5.6    5.5   182    8.1    1.2    8.2    0.00   978.33   481   34.5    4.7   28.0   33.9   28.8   26.3   25.3    3.69    3.75    3.61
 KIN2   133  1295     28   35.8    6.2    6.1   211    9.1    0.9    8.6    0.00   978.25   550   34.6    5.1   -995   -995   -995   -995   -995    -995    -995    -995
 KIN2   133  1300     29   35.2    3.9    3.7   194   14.6    1.2    7.0    0.00   978.28   538   34.4    3.4   -995   -995   -995   -995   -995    -995    -995    -995
 KIN2   133  1305     29   35.8    5.0    4.7   198   18.3    1.1    7.5    0.00   978.21   516   34.9    4.1   28.1   34.0   28.8   26.3   25.3    -995    -995    -995
 KIN2   133  1310     28   35.8    5.4    5.2   181   17.1    0.9    7.2    0.00   978.20   495   34.7    4.5   -995   -995   -995   -995   -995    -995    -995    -995
 KIN2   133  1315     28   35.6    6.5    6.3   166   14.9    0.7    7.6    0.00   978.16   479   34.7    5.3   -995   -995   -995   -995   -995    -995    -995    -995
 KIN2   133  1320     29   35.2    5.1    4.9   168   16.0    0.8    7.7    0.00   978.15   469   34.5    4.4   28.1   34.1   28.8   26.4   25.3    3.69    3.75    3.59
 KIN2   133  1325     29   35.3    5.5    5.5   200   10.1    0.8    7.5    0.00   978.12   454   34.4    4.8   -995   -995   -995   -995   -995    -995    -995    -995
 KIN2   133  1330     29   35.6    6.8    6.6   181   12.4    1.1    9.3    0.00   978.11   438   34.8    5.5   -995   -995   -995   -995   -995    -995    -995    -995
 KIN2   133  1335     29   35.1    6.0    5.9   168   11.1    1.1    8.6    0.00   978.14   418   34.3    5.0   28.2   34.2   28.8   26.4   25.4    -995    -995    -995
 KIN2   133  1340     30   34.9    5.4    5.3   172   10.6    0.8    6.9    0.00   978.11   404   34.2    4.5   -995   -995   -995   -995   -995    -995    -995    -995
 KIN2   133  1345     30   35.0    5.9    5.8   163    8.2    0.8    7.8    0.00   978.08   389   34.4    4.9   -995   -995   -995   -995   -995    -995    -995    -995
 KIN2   133  1350     30   35.0    6.5    6.4   168    7.5    1.1    8.5    0.00   978.11   374   34.3    5.2   28.3   34.3   28.8   26.5   25.4    3.70    3.75    3.61
 KIN2   133  1355     30   34.9    6.2    6.1   170    8.1    1.0    8.3    0.00   978.13   350   34.3    5.1   -995   -995   -995   -995   -995    -995    -995    -995
 KIN2   133  1360     30   34.7    5.8    5.8   163    6.8    0.8    7.5    0.00   978.15   330   34.2    4.9   -995   -995   -995   -995   -995    -995    -995    -995
 KIN2   133  1365     31   34.6    6.5    6.4   174    8.7    1.0    8.4    0.00   978.12   303   34.1    5.2   28.3   34.4   28.8   26.5   25.4    -995    -995    -995
 KIN2   133  1370     32   34.4    5.8    5.7   164   11.8    0.8    7.1    0.00   978.10   270   34.1    4.9   -995   -995   -995   -995   -995    -995    -995    -995
 KIN2   133  1375     32   34.2    5.8    5.7   171   12.0    1.2    7.9    0.00   978.09   249   34.0    4.8   -995   -995   -995   -995   -995    -995    -995    -995
 KIN2   133  1380     31   34.3    5.9    5.8   182   11.3    0.8    8.1    0.00   978.08   246   34.0    4.9   28.3   34.4   28.7   26.6   25.4    3.70    3.76    3.61
 KIN2   133  1385     33   34.1    5.9    5.9   160    8.4    0.6    7.3    0.00   978.10   229   33.9    4.9   -995   -995   -995   -995   -995    -995    -995    -995
 KIN2   133  1390     33   34.0    6.0    5.9   165    6.4    0.8    8.0    0.00   978.11   225   33.8    4.8   -995   -995   -995   -995   -995    -995    -995    -995
 KIN2   133  1395     33   33.8    5.6    5.5   157    7.4    0.7    7.1    0.00   978.11   222   33.7    4.4   28.3   34.4   28.6   26.6   25.5    -995    -995    -995
 KIN2   133  1400     34   33.7    5.7    5.7   158    8.7    0.7    7.0    0.00   978.09   196   33.6    4.5   -995   -995   -995   -995   -995    -995    -995    -995
 KIN2   133  1405     35   33.7    6.2    6.2   161    7.2    0.9    8.0    0.00   978.08   189   33.6    5.0   -995   -995   -995   -995   -995    -995    -995    -995
 KIN2   133  1410     35   33.5    6.4    6.4   166    6.6    0.7    8.5    0.00   978.07   177   33.5    5.4   28.3   34.3   28.6   26.6   25.5    3.70    3.76    3.61
 KIN2   133  1415     35   33.4    6.0    5.9   165    6.9    0.7    7.5    0.00   978.03   156   33.4    4.8   -995   -995   -995   -995   -995    -995    -995    -995
 KIN2   133  1420     35   33.5    5.4    5.4   177    6.7    0.7    7.7    0.00   978.06   141   33.6    4.5   -995   -995   -995   -995   -995    -995    -995    -995
 KIN2   133  1425     34   33.3    6.3    6.3   183    6.4    0.6    7.5    0.00   978.09   125   33.3    5.1   28.3   34.2   28.5   26.7   25.5    -995    -995    -995
 KIN2   133  1430     35   33.2    5.9    5.9   175    6.4    0.7    7.4    0.00   978.15   111   33.2    4.7   -995   -995   -995   -995   -995    -995    -995    -995
 KIN2   133  1435     35   33.0    6.3    6.2   173    6.1    0.8    8.2    0.00   978.14    97   33.1    5.1   -995   -995   -995   -995   -995    -995    -995    -995
</pre>