<pre>  101 ! (c) 2019 Oklahoma Climatological Survey and the Oklahoma Mesonet - all rights reserved
  21 2019 11 22 00 00 00
 STID  STNM  TIME   RELH   TAIR   WSPD   WVEC  WDIR   WDSD   WSSD   WMAX    RAIN     PRES  SRAD   TA9M   WS2M   TS10   TB10   TS05   TS25   TS60    TR05    TR25    TR60
 KIN2   133     0     82    6.7    4.8    4.7    10   12.6    1.1    6.9    6.10   980.03     0    6.9    3.9   12.1   10.8   11.8   12.6   13.0    1.47    1.52    3.74
 KIN2   133     5     83    6.7    5.1    4.9    11   14.9    1.1    7.4    0.00   980.21     0    6.8    4.0   -995   -995   -995   -995   -995    -995    -995    -995
 KIN2   133    10     83    6.6    5.3    5.1    14   14.2    1.1    8.1    0.00   980.18     0    6.7    4.1   -995   -995   -995   -995   -995    -995    -995    -995
 KIN2   133    15     84    6.5    5.8    5.8    13    9.3    1.1    8.4    0.00   980.07     0    6.7    4.6   12.1   10.7   11.7   12.6   13.0    -995    -995    -995
 KIN2   133    20     84    6.5    4.8    4.7    14   10.4    0.9    6.8    0.00   980.24     0    6.6    3.9   -995   -995   -995   -995   -995    -995    -995    -995
 KIN2   133    25     83    6.5    5.2    5.2    13    8.8    0.8    7.5    0.00   980.34     0    6.7    4.4   -995   -995   -995   -995   -995    -995    -995    -995
 KIN2   133    30     83    6.5    4.7    4.7    17    8.3    0.7    6.4    0.00   980.42     0    6.7    3.9   12.1   10.6   11.7   12.6   13.0    1.47    1.53    3.75
 KIN2   133    35     83    6.5    5.2    5.2    23    8.6    0.9    7.9    0.00   980.26     0    6.7    4.4   -995   -995   -995   -995   -995    -995    -995    -995
 KIN2   133    40     83    6.5    5.1    5.0    21    9.6    0.8    6.8    0.00   980.15     0    6.6    4.1   -995   -995   -995   -995   -995    -995    -995    -995
 KIN2   133    45     84    6.4    5.4    5.3    23    9.3    0.8    7.0    0.00   980.08     0    6.6    4.4   12.0   10.5   11.6   12.6   13.0    -995    -995    -995
 KIN2   133    50     85    6.4    4.5    4.4    20   10.2    0.7    6.4    0.00   980.16     0    6.6    3.6   -995   -995   -995   -995   -995    -995    -995    -995
 KIN2   133    55     85    6.4    4.2    4.1    17   11.4    0.8    6.5    0.00   980.27     0    6.6    3.4   -995   -995   -995   -995   -995    -995    -995    -995
 KIN2   133    60     84    6.4    5.3    5.2    18   10.1    1.0    8.7    0.00   980.28     0    6.6    4.5   12.0   10.5   11.6   12.5   13.0    1.46    1.53    3.74
 KIN2   133    65     83    6.4    4.7    4.6    10   11.8    1.0    7.1    0.00   980.39     0    6.5    3.7   -995   -995   -995   -995   -995    -995    -995    -995
 KIN2   133    70     83    6.4    4.3    4.2     8    9.8    0.7    6.9    0.00   980.42     0    6.5    3.4   -995   -995   -995   -995   -995    -995    -995    -995
 KIN2   133    75     84    6.3    4.6    4.5     3   10.4    1.0    6.4    0.00   980.53     0    6.4    3.7   12.0   10.4   11.6   12.5   13.0    -995    -995    -995
 KIN2   133    80     84    6.3    5.1    5.0     5    8.2    0.9    6.9    0.00   980.53     0    6.4    4.0   -995   -995   -995   -995   -995    -995    -995    -995
 KIN2   133    85     83    6.3    5.6    5.4     8   16.8    0.9    7.2    0.00   980.61     0    6.4    4.5   -995   -995   -995   -995   -995    -995    -995    -995
 KIN2   133    90     83    6.3    5.0    4.9     7   13.7    1.0    7.4    0.00   980.85     0    6.4    3.9   11.9   10.3   11.5   12.5   13.0    1.47    1.52    3.74
 KIN2   133    95     83    6.2    5.5    5.2     4   19.0    1.2    8.3    0.00   980.91     0    6.3    4.3   -995   -995   -995   -995   -995    -995    -995    -995
 KIN2   133   100     82    6.1    4.9    4.8     9    8.2    0.9    7.0    0.00   980.91     0    6.2    3.8   -995   -995   -995   -995   -995    -995    -995    -995
 KIN2   133   105     83    6.1    5.2    5.1    12    8.7    1.2    7.4    0.00   980.96     0    6.2    4.3   11.9   10.2   11.5   12.5   13.0    -995    -995    -995
 KIN2   133   110     82    6.1    4.5    4.4     7   14.0    0.7    6.5    0.00   981.30     0    6.2    3.6   -995   -995   -995   -995   -995    -995    -995    -995
 KIN2   133   115     83    6.1    4.7    4.5     5   15.9    1.0    7.2    0.00   981.42     0    6.2    3.8   -995   -995   -995   -995   -995    -995    -995    -995
 KIN2   133   120     83    6.0    5.0    4.9    11   11.2    0.9    7.3    0.00   981.47     0    6.1    3.9   11.9   10.2   11.5   12.5   13.0    1.47    1.52    3.75
 KIN2   133   125     83    6.0    5.7    5.7    12    7.5    1.1    7.9    0.00   981.58     0    6.1    4.5   -995   -995   -995   -995   -995    -995    -995    -995
 KIN2   133   130     83    5.9    5.2    5.1    13    8.7    0.9    6.9    0.00   981.69     0    6.1    4.2   -995   -995   -995   -995   -995    -995    -995    -995
 KIN2   133   135     83    5.9    5.4    5.2    16   17.7    1.0    8.3    0.00   981.69     0    6.1    4.4   11.9   10.1   11.4   12.5   13.0    -995    -995    -995
 KIN2   133   140     83    5.9    5.9    5.9    18    9.4    0.9    8.3    0.00   981.70     0    6.1    4.9   -995   -995   -995   -995   -995    -995    -995    -995
 KIN2   133   145     82    6.0    5.3    5.2    16   10.1    0.9    8.1    0.00   981.75     0    6.1    4.2   -995   -995   -995   -995   -995    -995    -995    -995
 KIN2   133   150     83    5.9    4.6    4.5    13   10.9    0.8    6.4    0.00   981.87     0    6.0    3.7   11.9   10.0   11.4   12.5   13.0    1.46    1.52    3.74
 KIN2   133   155     83    5.9    5.0    4.9    16    9.8    0.8    6.9    0.00   981.80     0    6.0    4.2   -995   -995   -995   -995   -995    -995    -995    -995
 KIN2   133   160     83    5.9    5.2    5.1    13   11.0    0.8    7.2    0.00   982.05     0    6.0    4.1   -995   -995   -995   -995   -995    -995    -995    -995
 KIN2   133   165     83    5.8    4.9    4.7     9   15.3    0.8    6.4    0.00   982.15     0    5.9    3.8   11.8    9.9   11.4   12.5   13.0    -995    -995    -995
 KIN2   133   170     84    5.7    5.2    5.2    12   10.0    1.0    7.9    0.00   982.10     0    5.8    4.1   -995   -995   -995   -995   -995    -995    -995    -995
 KIN2   133   175     84    5.7    5.1    5.1    17    9.4    1.0    8.0    0.00   981.93     0    5.8    4.1   -995   -995   -995   -995   -995    -995    -995    -995
 KIN2   133   180     84    5.7    4.9    4.8    16    9.8    0.9    7.3    0.00   982.15     0    5.8    3.9   11.8    9.9   11.3   12.5   13.0    1.47    1.53    3.75
 KIN2   133   185     84    5.7    4.3    4.3    18    9.1    0.7    6.4    0.00   982.27     0    5.8    3.4   -995   -995   -995   -995   -995    -995    -995    -995
 KIN2   133   190     84    5.7    5.2    5.2    20    9.4    1.1    7.1    0.00   982.32     0    5.8    4.2   -995   -995   -995   -995   -995    -995    -995    -995
 KIN2   133   195     83    5.7    4.8    4.8    28    8.3    0.8    6.4    0.00   982.25     0    5.8    4.0   11.8    9.8   11.3   12.4   13.0    -995    -995    -995
 KIN2   133   200     83    5.7    4.5    4.5    28    8.9    0.8    6.7    0.00   982.16     0    5.8    3.9   -995   -995   -995   -995   -995    -995    -995    -995
 KIN2   133   205     84    5.7    4.9    4.8    22    8.1    0.8    6.8    0.00   982.07     0    5.7    3.9   -995   -995   -995   -995   -995    -995    -995    -995
 KIN2   133   210     84    5.6    4.8    4.7    21    8.4    1.0    7.4    0.00   982.15     0    5.7    4.0   11.7    9.7   11.3   12.4   13.0    1.47    1.52    3.75
 KIN2   133   215     84    5.6    3.8    3.7    14   13.6    0.6    5.3    0.00   982.15     0    5.7    3.0   -995   -995   -995   -995   -995    -995    -995    -995
 KIN2   133   220     86    5.5    4.9    4.9     6    8.3    0.7    6.9    0.00   982.22     0    5.5    4.0   -995   -995   -995   -995   -995    -995    -995    -995
 KIN2   133   225     85    5.4    5.4    5.3    13    9.3    1.2    7.8    0.00   982.32     0    5.5    4.3   11.7    9.7   11.2   12.4   13.0    -995    -995    -995
 KIN2   133   230     83    5.3    5.5    5.5    15    9.8    1.0    8.0    0.00   982.33     0    5.4    4.5   -995   -995   -995   -995   -995    -995    -995    -995
 KIN2   133   235     83    5.3    5.8    5.7    12    9.1    1.0    8.1    0.00   982.37     0    5.3    4.6   -995   -995   -995   -995   -995    -995    -995    -995
 KIN2   133   240     83    5.2    6.2    6.1    13   10.8    1.1    8.4    0.00   982.23     0    5.3    4.9   11.7    9.6   11.2   12.4   13.0    1.47    1.52    3.74
 KIN2   133   245     83    5.2    5.8    5.7    14   12.7    1.1    8.4    0.00   982.19     0    5.3    4.9   -995   -995   -995   -995   -995    -995    -995    -995
 KIN2   133   250     83    5.2    6.1    6.0    18    7.8    1.1    8.9    0.00   982.02     0    5.3    5.2   -995   -995   -995   -995   -995    -995    -995    -995
 KIN2   133   255     83    5.2    5.7    5.6    16    7.6    1.0    8.3    0.00   982.00     0    5.3    4.5   11.7    9.5   11.2   12.4   13.0    -995    -995    -995
 KIN2   133   260     83    5.2    6.7    6.6    18   10.1    1.2   10.1    0.00   982.06     0    5.2    5.6   -995   -995   -995   -995   -995    -995    -995    -995
 KIN2   133   265     81    5.1    7.4    7.3    20    8.0    1.1    9.7    0.00   981.89     0    5.2    6.2   -995   -995   -995   -995   -995    -995    -995    -995
 KIN2   133   270     81    5.1    6.1    6.0    17    9.1    1.0    9.1    0.00   981.92     0    5.2    5.0   11.6    9.5   11.2   12.4   13.0    1.47    1.53    3.75
 KIN2   133   275     82    5.1    5.9    5.8    22   10.1    1.3   10.5    0.00   981.75     0    5.2    4.7   -995   -995   -995   -995   -995    -995    -995    -995
 KIN2   133   280     82    5.1    6.3    6.2    25    9.4    1.0    8.3    0.00   981.50     0    5.1    5.3   -995   -995   -995   -995   -995    -995    -995    -995
 KIN2   133   285     82    5.1    5.3    5.2    21    9.4    1.0    7.8    0.00   981.82     0    5.2    4.2   11.6    9.4   11.1   12.4   13.0    -995    -995    -995
 KIN2   133   290     82    5.1    5.9    5.9    21    7.7    1.2    8.8    0.00   981.99     0    5.2    5.0   -995   -995   -995   -995   -995    -995    -995    -995
 KIN2   133   295     83    5.1    4.8    4.7    15   10.9    0.9    7.9    0.00   981.97     0    5.1    3.9   -995   -995   -995   -995   -995    -995    -995    -995
 KIN2   133   300     84    5.0    5.2    5.1    12   11.7    1.0    7.4    0.00   981.99     0    5.1    3.9   11.6    9.3   11.1   12.4   13.0    1.47    1.53    3.75
 KIN2   133   305     85    5.0    4.9    4.8    16    9.6    0.9    7.0    0.00   981.99     0    5.0    3.9   -995   -995   -995   -995   -995    -995    -995    -995
 KIN2   133   310     85    4.9    5.4    5.3     5   14.1    1.1    8.0    0.00   982.13     0    4.9    4.4   -995   -995   -995   -995   -995    -995    -995    -995
 KIN2   133   315     85    4.8    5.3    5.2     9   13.5    1.1    7.9    0.00   982.42     0    4.8    4.2   11.6    9.3   11.1   12.4   13.0    -995    -995    -995
 KIN2   133   320     85    4.7    5.2    5.1    10   13.9    1.0    7.7    0.00   982.56     0    4.8    4.2   -995   -995   -995   -995   -995    -995    -995    -995
 KIN2   133   325     85    4.7    5.9    5.8    13    9.0    1.0    8.7    0.00   982.41     0    4.7    4.5   -995   -995   -995   -995   -995    -995    -995    -995
 KIN2   133   330     85    4.7    6.2    6.1    15    7.8    1.0    8.3    0.00   982.03     0    4.7    5.0   11.6    9.2   11.1   12.4   13.1    1.46    1.52    3.74
 KIN2   133   335     86    4.6    5.5    5.5    14   10.3    1.1    8.7    0.00   982.08     0    4.7    4.3   -995   -995   -995   -995   -995    -995    -995    -995
 KIN2   133   340     86    4.6    6.3    6.1    22   17.1    1.0    9.0    0.00   981.65     0    4.6    5.1   -995   -995   -995   -995   -995    -995    -995    -995
 KIN2   133   345     86    4.5    6.4    6.2    20   16.1    1.1    8.8    0.00   981.25     0    4.5    5.2   11.5    9.1   11.0   12.3   13.1    -995    -995    -995
 KIN2   133   350     86    4.5    5.9    5.8    20    9.1    1.4    9.1    0.00   981.39     0    4.5    4.9   -995   -995   -995   -995   -995    -995    -995    -995
 KIN2   133   355     86    4.5    4.8    4.7     6   12.6    1.0    6.7    0.00   981.90     0    4.5    3.9   -995   -995   -995   -995   -995    -995    -995    -995
 KIN2   133   360     87    4.4    5.0    4.9    16   10.9    0.9    7.4    0.00   981.77     0    4.5    4.2   11.5    9.1   11.0   12.3   13.1    1.47    1.53    3.74
 KIN2   133   365     87    4.5    5.7    5.6    23   10.2    1.1    8.8    0.00   981.33     0    4.5    4.6   -995   -995   -995   -995   -995    -995    -995    -995
 KIN2   133   370     86    4.5    5.6    5.5    19   10.2    1.1    7.8    0.00   981.26     0    4.5    4.5   -995   -995   -995   -995   -995    -995    -995    -995
 KIN2   133   375     86    4.4    5.6    5.5    21   11.0    1.3    8.9    0.00   981.31     0    4.5    4.6   11.5    9.0   11.0   12.3   13.1    -995    -995    -995
 KIN2   133   380     85    4.4    5.0    4.9    28   11.6    1.1    9.0    0.00   981.36     0    4.5    4.0   -995   -995   -995   -995   -995    -995    -995    -995
 KIN2   133   385     85    4.4    5.9    5.8    21   10.4    1.1    8.4    0.00   981.43     0    4.4    4.8   -995   -995   -995   -995   -995    -995    -995    -995
 KIN2   133   390     84    4.4    7.0    6.9    20    9.8    1.0    9.2    0.00   981.37     0    4.4    5.7   11.4    8.9   10.9   12.3   13.1    1.47    1.53    3.72
 KIN2   133   395     85    4.4    5.5    5.4    20    9.6    0.9    8.2    0.00   981.37     0    4.4    4.6   -995   -995   -995   -995   -995    -995    -995    -995
 KIN2   133   400     85    4.3    6.6    6.5    17    8.9    1.3   10.1    0.00   981.30     0    4.4    5.4   -995   -995   -995   -995   -995    -995    -995    -995
 KIN2   133   405     85    4.3    6.1    6.0    18    9.6    0.9    8.3    0.00   981.25     0    4.3    4.7   11.4    8.9   10.9   12.3   13.1    -995    -995    -995
 KIN2   133   410     85    4.3    5.3    5.2     5   14.7    1.1    8.1    0.00   982.01     0    4.3    4.1   -995   -995   -995   -995   -995    -995    -995    -995
 KIN2   133   415     85    4.3    5.4    5.0   339   21.9    0.8    7.4    0.00   982.89     0    4.3    4.3   -995   -995   -995   -995   -995    -995    -995    -995
 KIN2   133   420     85    4.3    5.0    4.9   324   13.5    1.2    7.4    0.25   983.60     0    4.3    4.0   11.4    8.8   10.9   12.3   13.1    1.46    1.52    3.74
 KIN2   133   425     86    4.1    4.8    4.6   347   18.9    1.4    7.7    0.76   983.28     0    4.2    3.8   -995   -995   -995   -995   -995    -995    -995    -995
 KIN2   133   430     88    3.8    7.4    7.3    32   10.9    1.1   10.2    1.02   981.13     0    3.9    6.1   -995   -995   -995   -995   -995    -995    -995    -995
 KIN2   133   435     90    3.7    5.7    5.3    17   22.4    1.9   10.8    1.78   981.23     0    3.8    4.6   11.4    8.7   10.9   12.3   13.1    -995    -995    -995
 KIN2   133   440     91    3.7    4.5    4.2     0   22.3    1.1    7.1    2.03   982.16     0    3.7    3.6   -995   -995   -995   -995   -995    -995    -995    -995
 KIN2   133   445     91    3.6    5.7    5.5    16   13.3    1.0    8.6    2.29   981.36     0    3.7    4.5   -995   -995   -995   -995   -995    -995    -995    -995
 KIN2   133   450     92    3.6    4.6    4.4    12   15.5    1.0    7.1    2.54   981.70     0    3.7    3.3   11.4    8.7   10.8   12.3   13.1    1.47    1.52    3.74
 KIN2   133   455     92    3.5    4.7    4.6    20    9.5    0.8    6.5    3.05   981.77     0    3.6    3.8   -995   -995   -995   -995   -995    -995    -995    -995
 KIN2   133   460     92    3.5    5.5    5.3    15   15.6    1.0    7.7    3.05   981.60     0    3.6    4.3   -995   -995   -995   -995   -995    -995    -995    -995
 KIN2   133   465     92    3.5    5.1    4.9     7   14.2    0.9    8.2    3.30   981.70     0    3.6    4.0   11.3    8.6   10.7   12.2   13.1    -995    -995    -995
 KIN2   133   470     93    3.5    4.4    4.3   358   12.5    1.1    7.7    3.30   981.86     0    3.6    3.4   -995   -995   -995   -995   -995    -995    -995    -995
 KIN2   133   475     93    3.5    5.1    5.0     7    9.0    0.8    7.4    3.30   981.73     0    3.6    4.0   -995   -995   -995   -995   -995    -995    -995    -995
 KIN2   133   480     93    3.5    4.8    4.7    10   10.6    1.0    7.1    3.30   981.46     0    3.6    3.7   11.3    8.5   10.6   12.2   13.1    1.45    1.52    3.74
 KIN2   133   485     92    3.5    5.0    4.9    11   11.4    1.4    7.7    3.30   981.60     0    3.6    4.0   -995   -995   -995   -995   -995    -995    -995    -995
 KIN2   133   490     91    3.5    4.9    4.8     9   10.8    0.9    7.1    3.30   981.58     0    3.6    4.0   -995   -995   -995   -995   -995    -995    -995    -995
 KIN2   133   495     92    3.4    5.0    4.9     4   10.7    0.8    7.3    3.30   981.45     0    3.5    4.0   11.2    8.4   10.5   12.2   13.1    -995    -995    -995
 KIN2   133   500     92    3.4    4.7    4.6     0   14.1    1.1    7.5    3.30   981.53     0    3.4    3.5   -995   -995   -995   -995   -995    -995    -995    -995
 KIN2   133   505     92    3.3    4.7    4.6     1   12.3    1.0    7.2    3.30   981.97     0    3.4    3.6   -995   -995   -995   -995   -995    -995    -995    -995
 KIN2   133   510     92    3.3    4.3    4.0     8   19.8    1.0    6.3    3.30   982.19     0    3.4    3.4   11.2    8.3   10.5   12.2   13.1    1.46    1.53    3.74
 KIN2   133   515     92    3.4    3.6    3.5   293   16.0    0.7    5.6    3.56   983.81     0    3.5    2.8   -995   -995   -995   -995   -995    -995    -995    -995
 KIN2   133   520     92    3.1    4.6    4.6   354    8.9    1.1    7.3    6.35   983.26     0    3.2    3.6   -995   -995   -995   -995   -995    -995    -995    -995
 KIN2   133   525     93    3.0    4.1    3.8   351   21.8    0.8    6.1    7.62   982.95     0    3.1    3.2   11.1    8.2   10.4   12.1   13.1    -995    -995    -995
 KIN2   133   530     94    3.0    4.1    4.0   344   11.4    0.9    6.7    8.38   983.38     0    3.1    3.3   -995   -995   -995   -995   -995    -995    -995    -995
 KIN2   133   535     94    3.0    4.6    4.6   346   10.7    0.8    6.8    8.89   983.40     0    3.1    3.7   -995   -995   -995   -995   -995    -995    -995    -995
 KIN2   133   540     94    3.0    4.6    4.4   344   17.0    1.0    7.1    9.65   983.37     0    3.0    3.6   11.1    8.1    9.9   12.1   13.1    1.45    1.53    3.74
 KIN2   133   545     95    3.0    5.2    5.1   331   10.9    1.1    8.1   10.16   983.69     0    3.0    4.2   -995   -995   -995   -995   -995    -995    -995    -995
 KIN2   133   550     95    3.0    4.3    4.2   330   12.2    0.9    6.2   10.67   983.76     0    3.0    3.3   -995   -995   -995   -995   -995    -995    -995    -995
 KIN2   133   555     95    2.9    4.3    4.1   339   16.5    1.0    6.5   11.18   983.65     0    2.9    3.4   11.0    8.1    9.6   12.1   13.1    -995    -995    -995
 KIN2   133   560     95    2.9    3.7    3.5   355   18.4    1.0    6.4   11.43   983.42     0    2.9    3.0   -995   -995   -995   -995   -995    -995    -995    -995
 KIN2   133   565     95    2.9    4.1    4.0    23   12.3    0.7    6.2   11.68   982.70     0    2.9    3.2   -995   -995   -995   -995   -995    -995    -995    -995
 KIN2   133   570     95    2.8    5.0    4.9    27   10.4    0.8    7.3   11.68   982.00     0    2.9    4.0   10.9    8.0    9.5   12.1   13.1    1.46    1.52    3.74
 KIN2   133   575     95    2.8    4.7    4.6    15   15.2    0.8    7.1   11.94   982.35     0    2.9    3.8   -995   -995   -995   -995   -995    -995    -995    -995
 KIN2   133   580     95    2.8    4.6    4.6    20    9.8    0.9    7.2   11.94   982.19     0    2.9    3.9   -995   -995   -995   -995   -995    -995    -995    -995
 KIN2   133   585     95    2.8    3.4    3.4    23   11.6    0.6    4.7   11.94   982.03     0    2.9    2.8   10.8    7.9    9.4   12.1   13.1    -995    -995    -995
 KIN2   133   590     95    2.9    3.1    2.9   357   15.7    0.7    4.5   11.94   982.62     0    2.9    2.3   -995   -995   -995   -995   -995    -995    -995    -995
 KIN2   133   595     95    2.9    3.0    2.9   342   14.3    0.7    5.0   11.94   983.14     0    2.9    2.3   -995   -995   -995   -995   -995    -995    -995    -995
 KIN2   133   600     95    2.9    3.7    3.6   357   12.1    0.8    5.9   11.94   982.84     0    3.0    3.0   10.7    7.8    9.4   12.0   13.0    1.46    1.52    3.74
 KIN2   133   605     95    2.9    3.9    3.9    10   11.9    0.6    5.5   11.94   982.31     0    2.9    3.3   -995   -995   -995   -995   -995    -995    -995    -995
 KIN2   133   610     95    2.9    4.2    4.2    22   10.0    0.9    6.3   11.94   982.18     0    2.9    3.5   -995   -995   -995   -995   -995    -995    -995    -995
 KIN2   133   615     95    2.9    5.1    5.0    26   13.0    1.0    7.4   11.94   982.05     0    2.9    4.2   10.6    7.7    9.5   12.0   13.0    -995    -995    -995
 KIN2   133   620     94    2.8    4.6    4.5    23   10.0    0.8    6.1   11.94   982.03     0    2.9    3.9   -995   -995   -995   -995   -995    -995    -995    -995
 KIN2   133   625     94    2.8    4.4    4.3    22   12.2    1.2    7.3   11.94   982.45     0    3.0    3.5   -995   -995   -995   -995   -995    -995    -995    -995
 KIN2   133   630     93    2.9    4.2    4.1    15   10.3    0.8    6.3   11.94   982.74     0    3.0    3.4   10.6    7.7    9.5   11.9   13.0    1.46    1.52    3.74
 KIN2   133   635     93    2.8    4.3    4.3    20    9.3    1.1    7.2   11.94   982.48     0    2.9    3.5   -995   -995   -995   -995   -995    -995    -995    -995
 KIN2   133   640     93    2.8    3.3    3.2     4   14.2    0.8    5.0   11.94   982.92     0    2.9    2.4   -995   -995   -995   -995   -995    -995    -995    -995
 KIN2   133   645     93    2.8    3.9    3.9    13    8.2    0.7    5.5   11.94   982.87     0    2.9    3.2   10.5    7.6    9.5   11.9   13.0    -995    -995    -995
 KIN2   133   650     92    2.8    3.3    3.3    14   10.4    0.7    5.3   11.94   982.74     0    2.9    2.7   -995   -995   -995   -995   -995    -995    -995    -995
 KIN2   133   655     93    2.8    3.6    3.6    17    9.1    0.7    5.1   11.94   982.57     0    2.9    2.9   -995   -995   -995   -995   -995    -995    -995    -995
 KIN2   133   660     93    2.8    3.1    3.0   356   17.6    0.8    4.6   11.94   982.92     0    2.9    2.3   10.5    7.6    9.6   11.9   13.0    1.46    1.52    3.74
 KIN2   133   665     93    2.8    3.5    3.4     0   14.3    0.5    5.0   11.94   983.04     0    2.9    2.6   -995   -995   -995   -995   -995    -995    -995    -995
 KIN2   133   670     93    2.8    3.5    3.5     2   10.1    0.7    4.9   11.94   983.12     0    2.9    2.7   -995   -995   -995   -995   -995    -995    -995    -995
 KIN2   133   675     93    2.8    3.6    3.6     2    9.4    0.6    4.8   11.94   983.14     0    2.9    2.8   10.4    7.5    9.6   11.9   13.0    -995    -995    -995
 KIN2   133   680     93    2.9    3.3    3.1   353   16.8    0.8    4.8   11.94   983.20     0    2.9    2.5   -995   -995   -995   -995   -995    -995    -995    -995
 KIN2   133   685     93    2.8    4.1    4.0   358    9.4    0.7    5.4   11.94   983.24     0    2.9    3.3   -995   -995   -995   -995   -995    -995    -995    -995
 KIN2   133   690     93    2.8    4.4    4.2    16   15.2    0.9    6.9   11.94   982.64     0    2.9    3.5   10.4    7.5    9.6   11.8   13.0    1.46    1.53    3.74
 KIN2   133   695     93    2.8    5.1    5.1    14    8.8    0.9    6.7   11.94   982.19     0    2.8    4.1   -995   -995   -995   -995   -995    -995    -995    -995
 KIN2   133   700     93    2.8    4.7    4.6     7   10.7    1.0    7.0   11.94   982.02     0    2.8    3.6   -995   -995   -995   -995   -995    -995    -995    -995
 KIN2   133   705     93    2.7    5.7    5.6    11    8.4    0.9    7.7   11.94   981.53     0    2.8    4.5   10.4    7.4    9.6   11.8   13.0    -995    -995    -995
 KIN2   133   710     93    2.7    5.7    5.6    19    8.6    0.8    8.0   11.94   980.98     0    2.8    4.7   -995   -995   -995   -995   -995    -995    -995    -995
 KIN2   133   715     93    2.6    5.9    5.8    29    9.5    1.3    9.1   11.94   980.52     0    2.7    5.1   -995   -995   -995   -995   -995    -995    -995    -995
 KIN2   133   720     93    2.7    5.7    5.5    10   13.4    0.8    7.5   11.94   980.93     0    2.8    4.6   10.4    7.4    9.6   11.8   13.0    1.47    1.52    3.74
 KIN2   133   725     93    2.7    5.2    5.2   358   10.9    0.8    7.6   11.94   981.36     0    2.8    4.1   -995   -995   -995   -995   -995    -995    -995    -995
 KIN2   133   730     93    2.7    4.6    4.5   350   13.8    1.1    7.7   11.94   981.70     0    2.8    3.9   -995   -995   -995   -995   -995    -995    -995    -995
 KIN2   133   735     93    2.7    4.7    4.5   346   17.5    1.1    7.2   11.94   982.18     0    2.8    3.8   10.4    7.3    9.6   11.7   13.0    -995    -995    -995
 KIN2   133   740     92    2.7    4.2    4.1   331   12.1    0.7    6.1   11.94   982.70     0    2.8    3.4   -995   -995   -995   -995   -995    -995    -995    -995
 KIN2   133   745     92    2.8    4.0    3.9   325   11.9    0.9    6.2   11.94   983.22     0    2.9    3.0   -995   -995   -995   -995   -995    -995    -995    -995
 KIN2   133   750     92    2.8    4.3    4.2   331   13.1    1.0    6.7   11.94   983.21     0    2.9    3.1   10.3    7.3    9.6   11.7   13.0    1.46    1.52    3.74
 KIN2   133   755     92    2.8    3.9    3.8   328   14.8    0.9    6.2   11.94   983.32     0    2.9    3.1   -995   -995   -995   -995   -995    -995    -995    -995
 KIN2   133   760     92    2.8    3.7    3.6   320   14.4    1.2    6.0   11.94   983.72     0    2.9    2.8   -995   -995   -995   -995   -995    -995    -995    -995
 KIN2   133   765     91    2.8    4.5    4.5   329   11.3    0.7    6.7   11.94   983.78     0    2.9    3.4   10.3    7.3    9.6   11.7   13.0    -995    -995    -995
 KIN2   133   770     91    2.8    3.9    3.8   337   17.2    1.0    6.1   11.94   983.75     0    2.9    3.1   -995   -995   -995   -995   -995    -995    -995    -995
 KIN2   133   775     90    2.8    3.8    3.7   336   11.6    0.8    5.9   11.94   983.70     0    2.9    2.9   -995   -995   -995   -995   -995    -995    -995    -995
 KIN2   133   780     90    2.8    4.1    4.0   337   15.6    0.8    6.1   11.94   983.71     0    2.9    3.3   10.3    7.2    9.6   11.7   13.0    1.46    1.52    3.74
 KIN2   133   785     91    2.8    3.8    3.7   340   11.2    0.6    5.3   11.94   983.71     0    2.9    2.8   -995   -995   -995   -995   -995    -995    -995    -995
 KIN2   133   790     91    2.8    4.1    3.9   350   14.1    0.7    5.7   11.94   983.47     0    2.9    3.3   -995   -995   -995   -995   -995    -995    -995    -995
 KIN2   133   795     90    2.8    4.8    4.5   357   18.1    0.8    7.0   11.94   983.25     1    2.8    3.8   10.3    7.2    9.6   11.6   13.0    -995    -995    -995
 KIN2   133   800     91    2.8    4.4    4.1   356   22.2    0.9    6.0   11.94   983.14     1    2.8    3.6   -995   -995   -995   -995   -995    -995    -995    -995
 KIN2   133   805     91    2.8    4.3    4.2   353   11.6    0.9    6.8   11.94   983.21     2    2.8    3.4   -995   -995   -995   -995   -995    -995    -995    -995
 KIN2   133   810     91    2.7    4.6    4.5   356   10.9    1.1    7.0   11.94   983.17     2    2.8    3.6   10.3    7.2    9.6   11.6   13.0    1.46    1.52    3.75
 KIN2   133   815     91    2.7    4.5    4.3     9   19.2    1.0    6.8   11.94   983.14     4    2.8    3.6   -995   -995   -995   -995   -995    -995    -995    -995
 KIN2   133   820     91    2.7    4.7    4.6    12   10.7    0.8    6.9   11.94   983.08    12    2.8    3.9   -995   -995   -995   -995   -995    -995    -995    -995
 KIN2   133   825     90    2.7    5.2    5.1    16    9.4    1.1    8.2   11.94   982.93    14    2.7    4.3   10.3    7.1    9.6   11.6   13.0    -995    -995    -995
 KIN2   133   830     89    2.7    4.8    4.7    17   10.6    0.8    6.7   11.94   982.94    10    2.8    3.8   -995   -995   -995   -995   -995    -995    -995    -995
 KIN2   133   835     88    2.7    5.3    5.3    16    8.2    1.0    7.4   11.94   983.05    10    2.8    4.4   -995   -995   -995   -995   -995    -995    -995    -995
 KIN2   133   840     88    2.7    4.1    4.1    12    8.8    1.0    6.6   11.94   983.17    15    2.8    3.4   10.3    7.1    9.6   11.6   13.0    1.46    1.52    3.74
 KIN2   133   845     88    2.8    3.8    3.7     3   13.6    0.7    5.5   11.94   983.48    17    2.8    3.0   -995   -995   -995   -995   -995    -995    -995    -995
 KIN2   133   850     88    2.8    3.7    3.6     8   13.9    0.8    5.9   11.94   983.54    16    2.8    2.8   -995   -995   -995   -995   -995    -995    -995    -995
 KIN2   133   855     89    2.8    3.4    3.3     2   11.1    0.7    5.1   11.94   983.49    18    2.8    2.6   10.2    7.1    9.6   11.6   13.0    -995    -995    -995
 KIN2   133   860     89    2.8    3.1    3.0   352   12.3    0.7    5.0   11.94   983.52    18    2.8    2.5   -995   -995   -995   -995   -995    -995    -995    -995
 KIN2   133   865     89    2.8    3.8    3.7   353   12.9    0.7    5.8   11.94   983.58    26    2.8    3.1   -995   -995   -995   -995   -995    -995    -995    -995
 KIN2   133   870     90    2.8    3.9    3.6   354   20.4    0.8    5.3   11.94   983.56    27    2.8    3.1   10.2    7.0    9.6   11.5   13.0    1.47    1.52    3.74
 KIN2   133   875     90    2.8    3.9    3.8   353   13.3    0.8    6.0   11.94   983.55    37    2.8    3.2   -995   -995   -995   -995   -995    -995    -995    -995
 KIN2   133   880     90    2.8    3.9    3.7   354   18.6    0.8    5.3   11.94   983.55    28    2.8    3.2   -995   -995   -995   -995   -995    -995    -995    -995
 KIN2   133   885     90    2.8    3.0    2.9   353   17.8    0.6    4.9   11.94   983.58    29    2.8    2.4   10.2    7.0    9.6   11.5   13.0    -995    -995    -995
 KIN2   133   890     90    2.8    3.7    3.6   353   12.7    0.8    5.3   11.94   983.50    44    2.8    3.0   -995   -995   -995   -995   -995    -995    -995    -995
 KIN2   133   895     90    2.8    3.9    3.8   353   12.9    0.6    5.1   11.94   983.48    48    2.8    3.1   -995   -995   -995   -995   -995    -995    -995    -995
 KIN2   133   900     90    2.9    3.5    3.3   358   16.3    0.8    5.2   11.94   983.57    48    2.9    2.8   10.2    7.0    9.6   11.5   13.0    1.46    1.52    3.72
 KIN2   133   905     90    2.9    3.7    3.6   354    9.8    0.6    5.2   11.94   983.63    43    2.9    3.0   -995   -995   -995   -995   -995    -995    -995    -995
 KIN2   133   910     89    2.9    4.6    4.4   351   18.5    0.7    6.0   11.94   983.62    47    2.8    3.7   -995   -995   -995   -995   -995    -995    -995    -995
 KIN2   133   915     89    2.9    4.6    4.4   358   16.2    0.7    6.4   11.94   983.57    53    2.8    3.8   10.2    7.0    9.6   11.5   13.0    -995    -995    -995
 KIN2   133   920     89    2.9    4.5    4.3   358   19.1    0.8    6.1   11.94   983.53    61    2.9    3.6   -995   -995   -995   -995   -995    -995    -995    -995
 KIN2   133   925     88    2.9    4.5    4.3     4   15.7    0.7    6.0   11.94   983.55    63    2.9    3.8   -995   -995   -995   -995   -995    -995    -995    -995
 KIN2   133   930     88    3.0    3.7    3.5     6   16.8    0.7    5.7   11.94   983.63    60    2.9    2.9   10.2    7.0    9.6   11.5   13.0    1.46    1.52    3.70
 KIN2   133   935     88    3.0    4.8    4.7     2   14.7    0.7    6.9   11.94   983.67    62    2.9    3.8   -995   -995   -995   -995   -995    -995    -995    -995
 KIN2   133   940     88    3.0    4.1    4.1   360   11.9    0.7    5.7   11.94   983.75    63    3.0    3.3   -995   -995   -995   -995   -995    -995    -995    -995
 KIN2   133   945     88    3.1    3.4    3.3   359   11.7    0.6    4.7   11.94   983.85    65    3.1    2.8   10.2    7.0    9.6   11.5   13.0    -995    -995    -995
 KIN2   133   950     88    3.2    3.7    3.6   358   16.6    0.8    5.5   11.94   983.96    67    3.1    2.9   -995   -995   -995   -995   -995    -995    -995    -995
 KIN2   133   955     87    3.1    4.8    4.7   353   15.1    0.8    6.8   11.94   984.07    75    3.1    3.9   -995   -995   -995   -995   -995    -995    -995    -995
 KIN2   133   960     86    3.2    4.2    4.1     7    8.7    0.8    6.2   11.94   984.04    89    3.2    3.5   10.2    7.0    9.6   11.4   13.0    1.47    1.52    3.64
 KIN2   133   965     86    3.3    4.0    3.7     5   19.1    0.6    5.2   11.94   984.08    82    3.2    3.1   -995   -995   -995   -995   -995    -995    -995    -995
 KIN2   133   970     87    3.3    3.1    2.9   354   20.7    0.7    4.9   11.94   984.09    60    3.2    2.4   -995   -995   -995   -995   -995    -995    -995    -995
 KIN2   133   975     88    3.0    3.6    3.5   337   16.7    0.8    5.8   11.94   984.08    58    2.9    3.0   10.2    7.1    9.6   11.4   13.0    -995    -995    -995
 KIN2   133   980     90    2.8    4.1    4.1   338   11.8    0.9    6.4   11.94   984.12    56    2.7    3.2   -995   -995   -995   -995   -995    -995    -995    -995
 KIN2   133   985     91    2.8    3.4    3.3   345   15.2    0.7    4.9   11.94   984.17    60    2.7    2.7   -995   -995   -995   -995   -995    -995    -995    -995
 KIN2   133   990     92    2.8    3.4    3.2   344   14.6    0.9    5.5   11.94   984.17    70    2.7    2.7   10.2    7.1    9.6   11.4   13.0    1.46    1.52    3.51
 KIN2   133   995     92    2.7    4.0    4.0   339   11.4    0.8    6.1   11.94   984.27    77    2.5    3.5   -995   -995   -995   -995   -995    -995    -995    -995
 KIN2   133  1000     92    2.6    4.5    4.4   340   12.6    0.9    6.5   11.94   984.29    90    2.5    3.7   -995   -995   -995   -995   -995    -995    -995    -995
 KIN2   133  1005     93    2.6    4.4    4.3   336   11.6    1.0    6.7   11.94   984.25    83    2.5    3.4   10.2    7.1    9.7   11.4   13.0    -995    -995    -995
 KIN2   133  1010     93    2.6    4.3    4.2   338   14.6    0.9    6.5   11.94   984.23    86    2.5    3.5   -995   -995   -995   -995   -995    -995    -995    -995
 KIN2   133  1015     93    2.6    4.3    4.2   339   11.2    0.9    6.7   11.94   984.28    81    2.5    3.6   -995   -995   -995   -995   -995    -995    -995    -995
 KIN2   133  1020     93    2.6    4.0    3.9   335   12.6    1.0    5.7   11.94   984.35    82    2.5    3.3   10.2    7.2    9.7   11.4   13.0    1.47    1.52    3.39
 KIN2   133  1025     93    2.5    4.1    4.0   338   13.4    0.9    6.2   11.94   984.35    78    2.4    3.1   -995   -995   -995   -995   -995    -995    -995    -995
 KIN2   133  1030     93    2.5    4.9    4.8   341   13.7    0.9    7.3   11.94   984.23    85    2.3    3.8   -995   -995   -995   -995   -995    -995    -995    -995
 KIN2   133  1035     93    2.4    4.9    4.8   340   11.3    1.0    7.1   11.94   984.17    90    2.3    4.0   10.2    7.2    9.7   11.4   13.0    -995    -995    -995
 KIN2   133  1040     94    2.5    4.0    3.8   343   17.6    0.9    5.9   11.94   984.20    92    2.4    3.2   -995   -995   -995   -995   -995    -995    -995    -995
 KIN2   133  1045     94    2.6    3.3    3.2   339   16.2    1.1    6.0   11.94   984.20    84    2.5    2.5   -995   -995   -995   -995   -995    -995    -995    -995
 KIN2   133  1050     94    2.4    4.5    4.4   342   11.5    0.9    7.0   11.94   984.15    97    2.2    3.6   10.2    7.2    9.7   11.4   13.0    1.46    1.52    3.25
 KIN2   133  1055     94    2.5    3.9    3.8   343   14.4    0.9    6.0   11.94   984.05   111    2.3    3.1   -995   -995   -995   -995   -995    -995    -995    -995
 KIN2   133  1060     94    2.5    3.7    3.6   332   14.5    0.6    5.4   11.94   983.95    95    2.4    3.0   -995   -995   -995   -995   -995    -995    -995    -995
 KIN2   133  1065     94    2.4    3.8    3.8   345   11.4    0.7    5.3   11.94   983.88    96    2.3    3.3   10.2    7.2    9.7   11.4   13.0    -995    -995    -995
 KIN2   133  1070     94    2.4    4.6    4.5   349   10.0    0.9    6.8   11.94   983.78   129    2.2    3.7   -995   -995   -995   -995   -995    -995    -995    -995
 KIN2   133  1075     95    2.6    3.7    3.5   347   17.2    0.9    5.9   11.94   983.71   142    2.4    3.1   -995   -995   -995   -995   -995    -995    -995    -995
 KIN2   133  1080     94    2.6    3.9    3.6   349   19.6    0.9    6.6   11.94   983.63   135    2.4    3.3   10.2    7.2    9.7   11.4   12.9    1.46    1.53    3.11
 KIN2   133  1085     94    2.6    4.6    4.5   347   12.3    1.1    7.3   11.94   983.59   137    2.4    3.7   -995   -995   -995   -995   -995    -995    -995    -995
 KIN2   133  1090     93    2.6    4.0    3.9   354   13.0    1.0    6.1   11.94   983.56   106    2.5    3.2   -995   -995   -995   -995   -995    -995    -995    -995
 KIN2   133  1095     93    2.5    4.4    4.2   345   15.3    1.1    7.3   11.94   983.46   101    2.4    3.7   10.2    7.2    9.7   11.3   12.9    -995    -995    -995
 KIN2   133  1100     93    2.5    4.9    4.8   354   11.0    1.0    7.5   11.94   983.30   139    2.3    3.9   -995   -995   -995   -995   -995    -995    -995    -995
 KIN2   133  1105     92    2.5    4.7    4.5   349   16.4    0.8    6.8   11.94   983.23   136    2.4    3.8   -995   -995   -995   -995   -995    -995    -995    -995
 KIN2   133  1110     92    2.6    5.0    4.8   351   16.0    0.9    7.0   11.94   983.11   141    2.4    3.9   10.2    7.3    9.8   11.3   12.9    1.47    1.53    2.98
 KIN2   133  1115     92    2.6    4.5    4.2   353   21.8    0.8    6.4   11.94   983.08   122    2.4    3.4   -995   -995   -995   -995   -995    -995    -995    -995
 KIN2   133  1120     92    2.5    4.5    4.3   346   13.0    0.7    6.1   11.94   983.04   100    2.3    3.8   -995   -995   -995   -995   -995    -995    -995    -995
 KIN2   133  1125     93    2.5    4.4    4.3   355   12.9    0.8    6.8   11.94   982.96   104    2.3    3.7   10.2    7.3    9.8   11.3   12.9    -995    -995    -995
 KIN2   133  1130     93    2.5    4.5    4.3   356   17.2    0.7    6.7   11.94   982.90   126    2.3    3.6   -995   -995   -995   -995   -995    -995    -995    -995
 KIN2   133  1135     92    2.5    4.7    4.6   351   11.9    1.1    7.4   11.94   982.74   137    2.3    3.8   -995   -995   -995   -995   -995    -995    -995    -995
 KIN2   133  1140     92    2.5    4.9    4.8   355   11.5    0.7    6.1   11.94   982.66   206    2.3    3.8   10.2    7.4    9.8   11.3   12.9    1.45    1.53    2.88
 KIN2   133  1145     91    2.7    4.6    4.5   357   12.3    0.9    6.5   11.94   982.55   180    2.5    3.7   -995   -995   -995   -995   -995    -995    -995    -995
 KIN2   133  1150     91    2.7    4.3    4.1   352   15.9    0.7    5.7   11.94   982.47   178    2.5    3.5   -995   -995   -995   -995   -995    -995    -995    -995
 KIN2   133  1155     91    2.9    3.8    3.6   351   20.7    0.6    5.4   11.94   982.43   153    2.6    3.1   10.2    7.4    9.8   11.3   12.9    -995    -995    -995
 KIN2   133  1160     90    2.9    4.1    3.9     8   14.8    0.7    5.5   11.94   982.38   129    2.7    3.2   -995   -995   -995   -995   -995    -995    -995    -995
 KIN2   133  1165     89    2.9    4.1    3.9     7   19.8    0.9    6.0   11.94   982.35   108    2.7    3.4   -995   -995   -995   -995   -995    -995    -995    -995
 KIN2   133  1170     89    2.7    3.8    3.6   353   16.4    0.7    5.3   11.94   982.35    94    2.6    3.1   10.2    7.4    9.8   11.3   12.9    1.46    1.53    2.78
 KIN2   133  1175     90    2.7    3.3    3.1   344   18.4    1.0    5.7   11.94   982.33    88    2.5    2.8   -995   -995   -995   -995   -995    -995    -995    -995
 KIN2   133  1180     89    2.6    3.9    3.8   337   12.0    0.8    5.5   11.94   982.34    88    2.5    3.2   -995   -995   -995   -995   -995    -995    -995    -995
 KIN2   133  1185     89    2.6    3.5    3.4   341   10.9    0.7    5.5   11.94   982.24   101    2.5    2.8   10.2    7.5    9.9   11.3   12.9    -995    -995    -995
 KIN2   133  1190     89    2.8    3.4    3.3   344   13.3    0.8    5.0   11.94   982.13   111    2.7    2.6   -995   -995   -995   -995   -995    -995    -995    -995
 KIN2   133  1195     88    2.9    3.8    3.7   352   13.5    0.9    6.1   11.94   982.05   129    2.7    3.3   -995   -995   -995   -995   -995    -995    -995    -995
 KIN2   133  1200     87    2.9    3.9    3.7   349   15.8    0.9    6.3   11.94   981.98   117    2.7    3.2   10.2    7.6    9.9   11.3   12.9    1.46    1.52    2.70
 KIN2   133  1205     87    2.9    3.6    3.5   351   12.4    0.7    5.1   11.94   981.91   100    2.8    2.9   -995   -995   -995   -995   -995    -995    -995    -995
 KIN2   133  1210     87    2.9    3.5    3.4   347   11.9    0.7    5.9   11.94   981.87    96    2.8    3.0   -995   -995   -995   -995   -995    -995    -995    -995
 KIN2   133  1215     86    2.9    4.2    4.0     3   15.6    0.8    5.7   11.94   981.80    98    2.7    3.3   10.2    7.6    9.9   11.3   12.9    -995    -995    -995
 KIN2   133  1220     86    3.0    3.6    3.4   359   17.1    0.7    5.4   11.94   981.74   120    2.8    3.0   -995   -995   -995   -995   -995    -995    -995    -995
 KIN2   133  1225     86    3.0    3.7    3.6     6   14.4    0.6    4.6   11.94   981.67   109    2.8    3.0   -995   -995   -995   -995   -995    -995    -995    -995
 KIN2   133  1230     86    2.9    2.8    2.6     3   20.0    0.6    3.9   11.94   981.69    70    2.8    2.4   10.2    7.6    9.9   11.3   12.9    1.46    1.53    2.62
 KIN2   133  1235     85    2.9    3.2    3.1   350   12.6    0.7    4.8   11.94   981.74    50    2.8    2.6   -995   -995   -995   -995   -995    -995    -995    -995
 KIN2   133  1240     86    2.9    3.1    3.0   340   16.1    0.7    5.0   11.94   981.80    53    2.8    2.6   -995   -995   -995   -995   -995    -995    -995    -995
 KIN2   133  1245     87    2.8    3.9    3.8   340    8.6    0.7    5.5   11.94   981.83    60    2.7    3.1   10.3    7.6    9.9   11.3   12.9    -995    -995    -995
 KIN2   133  1250     86    2.7    3.8    3.6   342   15.5    0.8    5.4   11.94   981.84    65    2.7    3.1   -995   -995   -995   -995   -995    -995    -995    -995
 KIN2   133  1255     86    2.8    3.0    2.9   354   15.7    0.8    5.2   11.94   981.78    66    2.7    2.5   -995   -995   -995   -995   -995    -995    -995    -995
 KIN2   133  1260     86    2.9    2.9    2.8   340   13.1    0.6    4.2   11.94   981.82    51    2.8    2.4   10.3    7.7    9.9   11.3   12.9    1.46    1.52    2.53
 KIN2   133  1265     86    2.9    3.4    3.3   328   14.9    0.6    4.5   11.94   981.91    58    2.8    2.6   -995   -995   -995   -995   -995    -995    -995    -995
 KIN2   133  1270     86    3.0    3.3    3.2   338   14.1    0.6    4.7   11.94   981.85    92    2.9    2.7   -995   -995   -995   -995   -995    -995    -995    -995
 KIN2   133  1275     85    3.0    3.2    3.1   333   12.3    0.7    4.7   11.94   981.72    68    2.9    2.6   10.3    7.6    9.9   11.3   12.9    -995    -995    -995
 KIN2   133  1280     85    3.0    3.5    3.3   349   15.8    0.7    5.4   11.94   981.70    44    2.9    2.9   -995   -995   -995   -995   -995    -995    -995    -995
 KIN2   133  1285     85    2.9    3.3    3.2   348   13.1    0.8    5.0   11.94   981.69    33    2.9    2.7   -995   -995   -995   -995   -995    -995    -995    -995
 KIN2   133  1290     85    2.8    3.8    3.7   337   14.3    1.2    6.3   11.94   981.74    32    2.7    3.0   10.3    7.6    9.9   11.3   12.9    1.45    1.53    2.45
 KIN2   133  1295     86    2.6    3.9    3.8   333   10.5    0.7    5.1   11.94   981.68    35    2.5    3.2   -995   -995   -995   -995   -995    -995    -995    -995
 KIN2   133  1300     86    2.6    3.2    3.0   348   17.3    0.6    4.6   11.94   981.59    39    2.5    2.6   -995   -995   -995   -995   -995    -995    -995    -995
 KIN2   133  1305     86    2.6    3.4    3.3   342   13.0    0.6    4.5   11.94   981.55    44    2.6    2.7   10.3    7.6    9.9   11.3   12.9    -995    -995    -995
 KIN2   133  1310     86    2.7    3.2    3.1   334   12.1    0.8    4.9   11.94   981.54    39    2.6    2.5   -995   -995   -995   -995   -995    -995    -995    -995
 KIN2   133  1315     85    2.6    3.8    3.7   332   11.5    1.0    5.6   11.94   981.47    43    2.6    2.9   -995   -995   -995   -995   -995    -995    -995    -995
 KIN2   133  1320     85    2.7    3.3    3.2   326   11.4    0.8    5.1   11.94   981.40    52    2.6    2.6   10.3    7.6    9.9   11.3   12.9    1.46    1.52    2.39
 KIN2   133  1325     85    2.8    2.1    2.0   324   15.6    0.4    3.1   11.94   981.40    59    2.7    1.7   -995   -995   -995   -995   -995    -995    -995    -995
 KIN2   133  1330     85    2.9    2.8    2.7   322   15.2    0.8    4.9   11.94   981.42    70    2.8    2.2   -995   -995   -995   -995   -995    -995    -995    -995
 KIN2   133  1335     84    2.9    2.9    2.8   329   14.2    0.5    4.2   11.94   981.44    61    2.8    2.3   10.3    7.5    9.9   11.3   12.9    -995    -995    -995
 KIN2   133  1340     84    2.9    2.8    2.8   330   12.6    0.5    3.9   11.94   981.42    28    2.8    2.2   -995   -995   -995   -995   -995    -995    -995    -995
 KIN2   133  1345     83    2.8    3.0    2.9   337   10.7    0.7    4.3   11.94   981.41    19    2.8    2.4   -995   -995   -995   -995   -995    -995    -995    -995
 KIN2   133  1350     83    2.7    3.3    3.2   341   12.2    0.6    5.3   11.94   981.37    22    2.7    2.7   10.3    7.5    9.9   11.3   12.9    1.47    1.52    2.33
 KIN2   133  1355     83    2.7    2.8    2.6   352   17.9    0.6    4.2   11.94   981.35    26    2.7    2.4   -995   -995   -995   -995   -995    -995    -995    -995
 KIN2   133  1360     84    2.8    2.4    2.3   348   14.9    0.7    3.8   11.94   981.32    31    2.7    2.0   -995   -995   -995   -995   -995    -995    -995    -995
 KIN2   133  1365     83    2.8    3.2    3.1   335   11.6    0.6    4.5   11.94   981.32    24    2.7    2.5   10.2    7.5    9.8   11.3   12.9    -995    -995    -995
 KIN2   133  1370     83    2.8    2.7    2.6   327   13.1    0.6    3.9   11.94   981.39    17    2.8    2.0   -995   -995   -995   -995   -995    -995    -995    -995
 KIN2   133  1375     82    2.7    3.0    3.0   325    9.4    0.6    4.1   11.94   981.40    13    2.7    2.2   -995   -995   -995   -995   -995    -995    -995    -995
 KIN2   133  1380     82    2.7    3.0    2.9   328   11.4    0.6    4.6   11.94   981.42    11    2.7    2.4   10.2    7.4    9.8   11.3   12.9    1.46    1.53    2.26
 KIN2   133  1385     82    2.7    3.1    3.0   330   10.3    0.5    4.4   11.94   981.45     8    2.7    2.4   -995   -995   -995   -995   -995    -995    -995    -995
 KIN2   133  1390     82    2.7    2.8    2.8   326   11.8    0.7    4.5   11.94   981.43     6    2.7    2.2   -995   -995   -995   -995   -995    -995    -995    -995
 KIN2   133  1395     82    2.7    2.5    2.4   328   14.8    0.6    4.5   11.94   981.38     5    2.7    1.8   10.2    7.4    9.8   11.3   12.9    -995    -995    -995
 KIN2   133  1400     82    2.7    2.6    2.6   322   10.9    0.6    4.3   11.94   981.37     3    2.7    1.9   -995   -995   -995   -995   -995    -995    -995    -995
 KIN2   133  1405     82    2.7    2.8    2.8   315   11.2    0.5    4.3   11.94   981.38     3    2.7    2.3   -995   -995   -995   -995   -995    -995    -995    -995
 KIN2   133  1410     82    2.7    3.0    2.9   317   11.6    0.7    4.9   11.94   981.44     2    2.7    2.4   10.2    7.4    9.8   11.3   12.9    1.46    1.52    2.20
 KIN2   133  1415     82    2.7    2.0    2.0   323   10.6    0.3    3.2   11.94   981.39     1    2.7    1.7   -995   -995   -995   -995   -995    -995    -995    -995
 KIN2   133  1420     83    2.7    2.0    1.9   323   11.1    0.4    3.4   11.94   981.37     0    2.7    1.6   -995   -995   -995   -995   -995    -995    -995    -995
 KIN2   133  1425     83    2.7    1.6    1.6   325   14.3    0.4    2.5   11.94   981.39     0    2.7    1.1   10.2    7.3    9.7   11.3   12.9    -995    -995    -995
 KIN2   133  1430     84    2.6    2.2    2.1   319   14.0    0.4    3.2   11.94   981.41     0    2.7    1.5   -995   -995   -995   -995   -995    -995    -995    -995
 KIN2   133  1435     84    2.7    1.6    1.5   320   13.3    0.5    2.8   11.94   981.42     0    2.7    1.2   -995   -995   -995   -995   -995    -995    -995    -995
</pre>