<pre>  101 ! (c) 2019 Oklahoma Climatological Survey and the Oklahoma Mesonet - all rights reserved
  21 2019 11 08 00 00 00
 STID  STNM  TIME   RELH   TAIR   WSPD   WVEC  WDIR   WDSD   WSSD   WMAX    RAIN     PRES  SRAD   TA9M   WS2M   TS10   TB10   TS05   TS25   TS60    TR05    TR25    TR60
 KIN2   133     0     57    2.4    1.8    1.8    10   10.6    0.3    2.4   31.50   993.62     0    3.1    0.9   11.2    7.6   10.4   12.6   14.5    1.46    1.52    3.80
 KIN2   133     5     58    2.4    1.7    1.7     9    7.4    0.2    2.3    0.00   993.69     0    3.0    0.7   -995   -995   -995   -995   -995    -995    -995    -995
 KIN2   133    10     57    2.4    1.6    1.6     2    8.2    0.3    2.2    0.00   993.70     0    3.0    0.8   -995   -995   -995   -995   -995    -995    -995    -995
 KIN2   133    15     57    2.3    1.8    1.8     4   12.8    0.3    2.3    0.00   993.71     0    2.9    1.0   11.1    7.5   10.3   12.6   14.5    -995    -995    -995
 KIN2   133    20     59    2.0    1.5    1.5     3    8.2    0.3    2.1    0.00   993.77     0    2.7    0.7   -995   -995   -995   -995   -995    -995    -995    -995
 KIN2   133    25     60    1.8    1.4    1.4     5   11.0    0.3    2.1    0.00   993.81     0    2.5    0.4   -995   -995   -995   -995   -995    -995    -995    -995
 KIN2   133    30     63    1.8    1.6    1.5     4    5.7    0.3    2.4    0.00   993.78     0    2.5    0.8   11.1    7.4   10.3   12.6   14.5    1.46    1.52    3.80
 KIN2   133    35     64    1.7    1.7    1.7    10    7.6    0.2    2.3    0.00   993.82     0    2.4    0.9   -995   -995   -995   -995   -995    -995    -995    -995
 KIN2   133    40     64    1.7    1.6    1.6    15    8.0    0.2    2.1    0.00   993.84     0    2.3    0.7   -995   -995   -995   -995   -995    -995    -995    -995
 KIN2   133    45     64    1.7    1.7    1.6    14    6.7    0.3    2.3    0.00   993.85     0    2.4    0.6   11.1    7.3   10.3   12.6   14.5    -995    -995    -995
 KIN2   133    50     63    1.7    1.3    1.3     7    5.6    0.2    1.6    0.00   993.92     0    2.4    0.1   -995   -995   -995   -995   -995    -995    -995    -995
 KIN2   133    55     63    1.7    1.3    1.3   359   13.6    0.2    1.8    0.00   993.93     0    2.3    0.1   -995   -995   -995   -995   -995    -995    -995    -995
 KIN2   133    60     63    1.7    1.4    1.4     0   12.9    0.2    2.0    0.00   993.97     0    2.3    0.4   11.1    7.2   10.2   12.5   14.5    1.46    1.53    3.80
 KIN2   133    65     62    1.6    1.5    1.5     7    6.5    0.2    2.0    0.00   993.96     0    2.2    0.7   -995   -995   -995   -995   -995    -995    -995    -995
 KIN2   133    70     62    1.6    1.6    1.6     4    6.9    0.2    2.1    0.00   994.01     0    2.2    0.9   -995   -995   -995   -995   -995    -995    -995    -995
 KIN2   133    75     63    1.3    1.9    1.8     4   15.2    0.2    2.5    0.00   993.96     0    2.0    1.1   11.0    7.1   10.2   12.5   14.5    -995    -995    -995
 KIN2   133    80     65    1.2    1.8    1.8     2   11.1    0.3    2.5    0.00   993.96     0    1.9    1.0   -995   -995   -995   -995   -995    -995    -995    -995
 KIN2   133    85     65    1.3    1.8    1.7   358   13.9    0.3    2.5    0.00   993.99     0    2.0    1.0   -995   -995   -995   -995   -995    -995    -995    -995
 KIN2   133    90     65    1.2    1.7    1.7   354    9.2    0.3    2.5    0.00   993.98     0    1.9    1.0   11.0    6.9   10.1   12.5   14.4    1.46    1.52    3.80
 KIN2   133    95     66    1.1    1.5    1.5   358    8.6    0.2    2.2    0.00   993.96     0    1.9    0.4   -995   -995   -995   -995   -995    -995    -995    -995
 KIN2   133   100     66    1.1    1.7    1.7   352    7.8    0.2    2.2    0.00   993.99     0    1.9    0.9   -995   -995   -995   -995   -995    -995    -995    -995
 KIN2   133   105     67    1.0    1.3    1.2   352   13.8    0.2    1.6    0.00   994.04     0    1.7    0.2   11.0    6.8   10.1   12.5   14.4    -995    -995    -995
 KIN2   133   110     67    0.9    1.2    1.2   358    8.9    0.2    1.6    0.00   994.02     0    1.7    0.0   -995   -995   -995   -995   -995    -995    -995    -995
 KIN2   133   115     68    1.0    1.4    1.3     5   14.5    0.3    2.1    0.00   993.97     0    1.7    0.1   -995   -995   -995   -995   -995    -995    -995    -995
 KIN2   133   120     67    1.0    1.4    1.3     2    7.4    0.2    1.8    0.00   993.94     0    1.7    0.2   10.9    6.7   10.0   12.4   14.4    1.46    1.52    3.80
 KIN2   133   125     66    1.0    1.4    1.4     2    7.1    0.2    1.9    0.00   993.95     0    1.6    0.3   -995   -995   -995   -995   -995    -995    -995    -995
 KIN2   133   130     66    1.0    1.8    1.8   357    7.1    0.2    2.3    0.00   993.94     0    1.6    1.1   -995   -995   -995   -995   -995    -995    -995    -995
 KIN2   133   135     66    0.9    1.5    1.5   352    8.7    0.2    2.2    0.00   994.00     0    1.6    0.6   10.9    6.6   10.0   12.4   14.4    -995    -995    -995
 KIN2   133   140     66    0.9    1.5    1.4   354   13.7    0.2    2.1    0.00   994.02     0    1.5    0.7   -995   -995   -995   -995   -995    -995    -995    -995
 KIN2   133   145     67    0.7    1.4    1.3   355   12.0    0.2    1.9    0.00   994.02     0    1.5    0.3   -995   -995   -995   -995   -995    -995    -995    -995
 KIN2   133   150     68    0.7    1.5    1.5   355   13.0    0.2    2.1    0.00   994.12     0    1.4    0.2   10.8    6.5    9.9   12.4   14.4    1.47    1.52    3.80
 KIN2   133   155     67    0.6    1.4    1.4   359    8.6    0.2    2.0    0.00   994.15     0    1.4    0.2   -995   -995   -995   -995   -995    -995    -995    -995
 KIN2   133   160     67    0.7    1.3    1.3   355    9.0    0.2    1.8    0.00   994.26     0    1.3    0.2   -995   -995   -995   -995   -995    -995    -995    -995
 KIN2   133   165     67    0.6    1.3    1.3   359   13.3    0.2    1.8    0.00   994.30     0    1.3    0.0   10.8    6.4    9.9   12.4   14.4    -995    -995    -995
 KIN2   133   170     66    0.6    1.0    1.0     1    9.7    0.2    1.4    0.00   994.31     0    1.3    0.0   -995   -995   -995   -995   -995    -995    -995    -995
 KIN2   133   175     66    0.6    1.3    1.3   358   12.6    0.2    1.8    0.00   994.34     0    1.3    0.1   -995   -995   -995   -995   -995    -995    -995    -995
 KIN2   133   180     66    0.7    1.4    1.4     0    7.6    0.2    1.9    0.00   994.31     0    1.3    0.3   10.8    6.3    9.9   12.4   14.4    1.47    1.52    3.80
 KIN2   133   185     65    0.6    1.7    1.7     6    8.2    0.3    2.5    0.00   994.27     0    1.3    0.8   -995   -995   -995   -995   -995    -995    -995    -995
 KIN2   133   190     65    0.6    1.3    1.3     7    8.6    0.2    1.8    0.00   994.33     0    1.2    0.5   -995   -995   -995   -995   -995    -995    -995    -995
 KIN2   133   195     65    0.6    1.3    1.3   359    6.6    0.2    1.7    0.00   994.33     0    1.2    0.2   10.7    6.2    9.8   12.4   14.4    -995    -995    -995
 KIN2   133   200     65    0.6    1.7    1.7   355    9.4    0.3    2.3    0.00   994.41     0    1.2    1.0   -995   -995   -995   -995   -995    -995    -995    -995
 KIN2   133   205     64    0.7    2.0    2.0   359   12.9    0.3    2.7    0.00   994.46     0    1.3    1.3   -995   -995   -995   -995   -995    -995    -995    -995
 KIN2   133   210     64    0.5    1.6    1.6     6    7.7    0.2    2.1    0.00   994.44     0    1.2    0.8   10.7    6.1    9.8   12.3   14.4    1.47    1.53    3.78
 KIN2   133   215     66    0.4    1.3    1.3     1    7.2    0.2    1.9    0.00   994.52     0    1.1    0.2   -995   -995   -995   -995   -995    -995    -995    -995
 KIN2   133   220     66    0.4    1.0    1.0     5    9.2    0.1    1.3    0.00   994.59     0    1.0    0.0   -995   -995   -995   -995   -995    -995    -995    -995
 KIN2   133   225     68    0.3    0.9    0.9    10    6.2    0.1    1.4    0.00   994.54     0    0.9    0.0   10.6    6.1    9.7   12.3   14.3    -995    -995    -995
 KIN2   133   230     70    0.4    0.6    0.6     7    5.4    0.2    1.0    0.00   994.57     0    0.9    0.0   -995   -995   -995   -995   -995    -995    -995    -995
 KIN2   133   235     70    0.4    0.7    0.7     5    3.7    0.1    1.0    0.00   994.61     0    0.8    0.0   -995   -995   -995   -995   -995    -995    -995    -995
 KIN2   133   240     70    0.4    0.9    0.9    12    7.1    0.2    1.4    0.00   994.60     0    0.9    0.0   10.6    6.0    9.7   12.3   14.3    1.47    1.52    3.80
 KIN2   133   245     71    0.5    1.2    1.2    13    6.4    0.2    1.8    0.00   994.55     0    0.9    0.0   -995   -995   -995   -995   -995    -995    -995    -995
 KIN2   133   250     72    0.5    1.5    1.4     8    7.8    0.2    1.8    0.00   994.52     0    0.9    0.3   -995   -995   -995   -995   -995    -995    -995    -995
 KIN2   133   255     73    0.4    1.5    1.5    13    7.8    0.3    2.3    0.00   994.46     0    0.9    0.6   10.6    5.9    9.7   12.2   14.3    -995    -995    -995
 KIN2   133   260     74    0.3    1.5    1.5    13    6.9    0.2    2.1    0.00   994.47     0    0.9    0.5   -995   -995   -995   -995   -995    -995    -995    -995
 KIN2   133   265     73    0.3    1.5    1.5    15    8.7    0.2    2.1    0.00   994.54     0    0.9    0.4   -995   -995   -995   -995   -995    -995    -995    -995
 KIN2   133   270     72    0.2    1.3    1.3    11    8.4    0.3    2.0    0.00   994.59     0    0.8    0.1   10.5    5.9    9.6   12.2   14.3    1.48    1.53    3.80
 KIN2   133   275     72    0.2    1.2    1.2     3    8.4    0.2    1.7    0.00   994.57     0    0.8    0.3   -995   -995   -995   -995   -995    -995    -995    -995
 KIN2   133   280     70    0.2    1.3    1.3   355   10.4    0.3    2.0    0.00   994.58     0    0.7    0.4   -995   -995   -995   -995   -995    -995    -995    -995
 KIN2   133   285     68    0.2    1.4    1.4     2   10.5    0.2    2.0    0.00   994.50     0    0.6    0.4   10.5    5.8    9.6   12.2   14.3    -995    -995    -995
 KIN2   133   290     68    0.1    1.0    1.0     6    7.3    0.2    1.4    0.00   994.44     0    0.5    0.1   -995   -995   -995   -995   -995    -995    -995    -995
 KIN2   133   295     70    0.0    1.1    1.1     9    5.1    0.1    1.3    0.00   994.39     0    0.4    0.2   -995   -995   -995   -995   -995    -995    -995    -995
 KIN2   133   300     72   -0.1    1.3    1.3   352    7.3    0.2    1.7    0.00   994.44     0    0.3    0.9   10.5    5.8    9.6   12.2   14.3    1.47    1.53    3.80
 KIN2   133   305     72   -0.1    1.6    1.6   351    7.9    0.2    2.1    0.00   994.42     0    0.3    1.0   -995   -995   -995   -995   -995    -995    -995    -995
 KIN2   133   310     72   -0.2    1.4    1.4   356    9.6    0.3    2.0    0.00   994.42     0    0.3    0.5   -995   -995   -995   -995   -995    -995    -995    -995
 KIN2   133   315     73   -0.3    1.5    1.4     3   13.5    0.2    2.0    0.00   994.40     0    0.3    0.1   10.5    5.8    9.6   12.2   14.3    -995    -995    -995
 KIN2   133   320     73   -0.3    1.4    1.4   358   10.2    0.2    2.1    0.00   994.39     0    0.2    0.4   -995   -995   -995   -995   -995    -995    -995    -995
 KIN2   133   325     72   -0.2    1.5    1.4   341   14.0    0.3    2.0    0.00   994.46     0    0.2    0.4   -995   -995   -995   -995   -995    -995    -995    -995
 KIN2   133   330     72   -0.3    1.3    1.3   353   17.2    0.2    2.0    0.00   994.40     0    0.2    0.5   10.4    5.7    9.6   12.2   14.3    1.47    1.53    3.78
 KIN2   133   335     72   -0.4    1.2    1.2   360    8.6    0.2    1.6    0.00   994.39     0    0.2    0.2   -995   -995   -995   -995   -995    -995    -995    -995
 KIN2   133   340     73   -0.4    1.2    1.1   358    8.9    0.2    1.5    0.00   994.41     0    0.1    0.2   -995   -995   -995   -995   -995    -995    -995    -995
 KIN2   133   345     74   -0.6    1.1    1.1   358    7.0    0.2    1.5    0.00   994.39     0    0.1    0.0   10.4    5.7    9.6   12.2   14.3    -995    -995    -995
 KIN2   133   350     75   -0.5    1.3    1.2   360   13.5    0.2    1.8    0.00   994.36     0    0.0    0.1   -995   -995   -995   -995   -995    -995    -995    -995
 KIN2   133   355     74   -0.4    1.5    1.5   356    8.3    0.2    2.1    0.00   994.39     0    0.0    0.8   -995   -995   -995   -995   -995    -995    -995    -995
 KIN2   133   360     74   -0.7    1.7    1.7     4    9.0    0.3    2.5    0.00   994.40     0    0.0    1.0   10.4    5.6    9.6   12.2   14.3    1.47    1.52    3.80
 KIN2   133   365     76   -0.9    1.6    1.6    16    6.9    0.3    2.3    0.00   994.37     0   -0.1    0.5   -995   -995   -995   -995   -995    -995    -995    -995
 KIN2   133   370     77   -0.8    1.2    1.2    19    8.1    0.2    1.7    0.00   994.32     0   -0.1    0.0   -995   -995   -995   -995   -995    -995    -995    -995
 KIN2   133   375     76   -0.7    1.1    1.1     9    6.7    0.1    1.4    0.00   994.22     0   -0.2    0.0   10.4    5.5    9.5   12.1   14.3    -995    -995    -995
 KIN2   133   380     75   -0.7    1.1    1.1     5    7.5    0.1    1.3    0.00   994.13     0   -0.3    0.4   -995   -995   -995   -995   -995    -995    -995    -995
 KIN2   133   385     75   -0.7    1.2    1.2   360    8.4    0.1    1.4    0.00   994.17     0   -0.2    0.2   -995   -995   -995   -995   -995    -995    -995    -995
 KIN2   133   390     75   -0.8    1.2    1.2   355    6.2    0.1    1.6    0.00   994.13     0   -0.3    0.3   10.3    5.5    9.5   12.1   14.3    1.47    1.53    3.80
 KIN2   133   395     75   -0.8    0.9    0.9   357   11.2    0.2    1.3    0.00   994.15     0   -0.3    0.0   -995   -995   -995   -995   -995    -995    -995    -995
 KIN2   133   400     75   -0.8    0.3    0.3   352   10.5    0.2    0.9    0.00   994.13     0   -0.4    0.0   -995   -995   -995   -995   -995    -995    -995    -995
 KIN2   133   405     76   -0.6    0.2    0.2   346    4.6    0.1    0.4    0.00   994.08     0   -0.5    0.0   10.3    5.4    9.5   12.1   14.3    -995    -995    -995
 KIN2   133   410     76   -0.7    0.6    0.6    12    5.9    0.2    1.1    0.00   993.95     0   -0.5    0.0   -995   -995   -995   -995   -995    -995    -995    -995
 KIN2   133   415     77   -0.7    0.9    0.9    11    3.5    0.1    1.1    0.00   993.83     0   -0.4    0.0   -995   -995   -995   -995   -995    -995    -995    -995
 KIN2   133   420     77   -0.6    0.8    0.8     8    5.8    0.1    1.0    0.00   993.81     0   -0.3    0.0   10.3    5.3    9.4   12.1   14.3    1.46    1.52    3.81
 KIN2   133   425     77   -0.4    0.9    0.9    18    3.8    0.1    1.1    0.00   993.73     0   -0.2    0.0   -995   -995   -995   -995   -995    -995    -995    -995
 KIN2   133   430     77   -0.2    0.9    0.9     8    4.4    0.1    1.1    0.00   993.75     0   -0.1    0.1   -995   -995   -995   -995   -995    -995    -995    -995
 KIN2   133   435     76   -0.1    0.9    0.9    17    5.6    0.2    1.1    0.00   993.70     0   -0.1    0.1   10.2    5.2    9.4   12.0   14.2    -995    -995    -995
 KIN2   133   440     77    0.0    0.8    0.8    25    4.3    0.2    1.1    0.00   993.63     0    0.0    0.0   -995   -995   -995   -995   -995    -995    -995    -995
 KIN2   133   445     77    0.1    0.8    0.8    35    6.3    0.2    1.4    0.00   993.55     0    0.1    0.0   -995   -995   -995   -995   -995    -995    -995    -995
 KIN2   133   450     76    0.3    0.8    0.8    30   14.6    0.2    1.3    0.00   993.55     0    0.3    0.0   10.2    5.2    9.3   12.0   14.2    1.47    1.52    3.80
 KIN2   133   455     76    0.4    0.6    0.6    10    8.0    0.2    1.0    0.00   993.58     0    0.4    0.1   -995   -995   -995   -995   -995    -995    -995    -995
 KIN2   133   460     75    0.5    1.2    1.2    29    7.4    0.2    1.7    0.00   993.51     0    0.5    0.6   -995   -995   -995   -995   -995    -995    -995    -995
 KIN2   133   465     72    0.6    1.3    1.2    31    7.7    0.3    2.0    0.00   993.52     0    0.6    0.8   10.1    5.2    9.3   11.9   14.2    -995    -995    -995
 KIN2   133   470     69    0.7    1.0    1.0    34    8.4    0.3    1.6    0.00   993.52     0    0.7    0.6   -995   -995   -995   -995   -995    -995    -995    -995
 KIN2   133   475     67    0.8    0.8    0.8    27   20.5    0.3    1.5    0.00   993.52     0    0.8    0.2   -995   -995   -995   -995   -995    -995    -995    -995
 KIN2   133   480     67    0.8    1.1    1.1    25   10.1    0.2    1.6    0.00   993.51     0    0.8    0.5   10.1    5.2    9.3   11.9   14.2    1.46    1.53    3.80
 KIN2   133   485     66    0.9    1.0    1.0    29   10.4    0.2    1.5    0.00   993.54     0    0.9    0.2   -995   -995   -995   -995   -995    -995    -995    -995
 KIN2   133   490     65    0.9    0.8    0.8    38   10.5    0.2    1.3    0.00   993.61     0    0.9    0.1   -995   -995   -995   -995   -995    -995    -995    -995
 KIN2   133   495     63    0.9    0.9    0.9    46    6.8    0.2    1.4    0.00   993.62     0    0.9    0.4   10.1    5.2    9.4   11.9   14.2    -995    -995    -995
 KIN2   133   500     61    1.0    1.0    0.9    26   15.5    0.3    1.6    0.00   993.63     0    1.0    0.6   -995   -995   -995   -995   -995    -995    -995    -995
 KIN2   133   505     61    1.0    1.3    1.3    30   10.1    0.3    2.0    0.00   993.56     0    1.0    0.9   -995   -995   -995   -995   -995    -995    -995    -995
 KIN2   133   510     60    1.0    1.5    1.5    23   12.0    0.3    2.1    0.00   993.58     0    1.0    1.1   10.1    5.3    9.4   11.9   14.2    1.46    1.52    3.80
 KIN2   133   515     61    1.0    1.4    1.3    14   10.8    0.2    1.9    0.00   993.63     0    1.0    0.8   -995   -995   -995   -995   -995    -995    -995    -995
 KIN2   133   520     61    1.0    1.0    1.0    21   10.9    0.2    1.4    0.00   993.67     0    1.0    0.4   -995   -995   -995   -995   -995    -995    -995    -995
 KIN2   133   525     62    1.0    1.2    1.2    37    9.8    0.1    1.6    0.00   993.54     0    1.0    0.7   10.1    5.3    9.4   11.9   14.2    -995    -995    -995
 KIN2   133   530     63    1.0    1.2    1.2    42   16.5    0.4    2.3    0.00   993.52     0    1.0    0.8   -995   -995   -995   -995   -995    -995    -995    -995
 KIN2   133   535     59    1.0    1.8    1.8    51    8.7    0.4    2.7    0.00   993.46     0    1.0    1.4   -995   -995   -995   -995   -995    -995    -995    -995
 KIN2   133   540     59    1.0    1.5    1.5    64    8.5    0.5    2.3    0.00   993.39     0    1.0    1.0   10.1    5.3    9.4   11.9   14.2    1.47    1.53    3.80
 KIN2   133   545     60    0.9    1.8    1.8    64    8.2    0.2    2.3    0.00   993.26     0    0.9    1.3   -995   -995   -995   -995   -995    -995    -995    -995
 KIN2   133   550     61    0.9    1.5    1.5    62    6.9    0.2    2.0    0.00   993.24     0    0.9    1.0   -995   -995   -995   -995   -995    -995    -995    -995
 KIN2   133   555     59    0.9    1.6    1.6    51   12.2    0.3    2.4    0.00   993.28     0    0.9    1.2   10.1    5.4    9.4   11.9   14.2    -995    -995    -995
 KIN2   133   560     59    0.8    1.4    1.4    29    8.4    0.4    2.4    0.00   993.25     0    0.9    1.0   -995   -995   -995   -995   -995    -995    -995    -995
 KIN2   133   565     58    0.7    0.8    0.8    33   10.3    0.4    1.8    0.00   993.24     0    0.9    0.2   -995   -995   -995   -995   -995    -995    -995    -995
 KIN2   133   570     59    0.6    0.3    0.3   324    5.4    0.1    0.5    0.00   993.31     0    0.8    0.0   10.1    5.4    9.5   11.9   14.2    1.46    1.53    3.80
 KIN2   133   575     62    0.4    0.4    0.4   304   11.1    0.1    0.7    0.00   993.32     0    0.6    0.0   -995   -995   -995   -995   -995    -995    -995    -995
 KIN2   133   580     63    0.3    0.6    0.6   268    4.6    0.2    0.9    0.00   993.34     0    0.6    0.0   -995   -995   -995   -995   -995    -995    -995    -995
 KIN2   133   585     66   -0.1    0.8    0.8   289   10.0    0.1    1.0    0.00   993.35     0    0.5    0.0   10.1    5.4    9.5   11.9   14.3    -995    -995    -995
 KIN2   133   590     67   -0.2    1.0    1.0   323    8.5    0.1    1.3    0.00   993.33     0    0.6    0.0   -995   -995   -995   -995   -995    -995    -995    -995
 KIN2   133   595     64   -0.1    1.1    1.1   352   10.1    0.1    1.3    0.00   993.27     0    0.7    0.1   -995   -995   -995   -995   -995    -995    -995    -995
 KIN2   133   600     67   -0.4    1.3    1.3    12    2.8    0.2    1.6    0.00   993.17     0    0.6    0.6   10.2    5.4    9.5   12.0   14.3    1.47    1.53    3.80
 KIN2   133   605     70   -0.5    1.1    1.1    13    6.8    0.1    1.2    0.00   993.13     0    0.6    0.0   -995   -995   -995   -995   -995    -995    -995    -995
 KIN2   133   610     69   -0.7    0.6    0.6    13    8.8    0.3    1.1    0.00   993.14     0    0.5    0.0   -995   -995   -995   -995   -995    -995    -995    -995
 KIN2   133   615     71   -0.7    0.6    0.6    25    3.1    0.3    1.2    0.00   993.12     0    0.1    0.0   10.2    5.4    9.5   12.0   14.3    -995    -995    -995
 KIN2   133   620     72   -0.7    1.0    1.0    28    2.3    0.1    1.1    0.00   993.13     0    0.1    0.0   -995   -995   -995   -995   -995    -995    -995    -995
 KIN2   133   625     72   -0.8    1.2    1.1    37    2.6    0.2    1.5    0.00   993.04     0    0.1    0.0   -995   -995   -995   -995   -995    -995    -995    -995
 KIN2   133   630     74   -0.8    0.8    0.8    35    3.5    0.1    1.0    0.00   993.00     0    0.0    0.0   10.1    5.3    9.4   11.9   14.3    1.46    1.53    3.81
 KIN2   133   635     75   -0.8    0.8    0.8    39    2.4    0.1    1.0    0.00   992.97     0   -0.1    0.0   -995   -995   -995   -995   -995    -995    -995    -995
 KIN2   133   640     75   -0.8    0.7    0.7    26    3.5    0.2    1.0    0.00   992.99     0   -0.2    0.0   -995   -995   -995   -995   -995    -995    -995    -995
 KIN2   133   645     75   -0.6    0.8    0.8     1    5.7    0.1    0.9    0.00   993.05     0   -0.3    0.0   10.1    5.2    9.4   11.9   14.3    -995    -995    -995
 KIN2   133   650     75   -0.7    0.8    0.8   339    6.3    0.1    1.0    0.00   993.03     0   -0.3    0.0   -995   -995   -995   -995   -995    -995    -995    -995
 KIN2   133   655     75   -0.8    0.9    0.9   341    6.0    0.1    1.1    0.00   993.00     0   -0.2    0.0   -995   -995   -995   -995   -995    -995    -995    -995
 KIN2   133   660     75   -0.8    0.8    0.8   356    3.7    0.1    1.1    0.00   992.99     0   -0.1    0.0   10.1    5.2    9.3   11.9   14.3    1.47    1.52    3.80
 KIN2   133   665     76   -0.9    0.6    0.6   348    6.8    0.1    0.7    0.00   993.05     0   -0.3    0.0   -995   -995   -995   -995   -995    -995    -995    -995
 KIN2   133   670     78   -1.1    0.2    0.2     0    0.5    0.2    0.6    0.00   993.01     0   -0.4    0.0   -995   -995   -995   -995   -995    -995    -995    -995
 KIN2   133   675     81   -1.2    0.7    0.7    12    2.7    0.1    1.0    0.00   992.99     0   -0.5    0.0   10.1    5.1    9.3   11.9   14.2    -995    -995    -995
 KIN2   133   680     81   -1.4    1.1    1.1    19    2.0    0.1    1.3    0.00   993.03     0   -0.5    0.3   -995   -995   -995   -995   -995    -995    -995    -995
 KIN2   133   685     82   -1.3    0.9    0.9    12    2.2    0.1    1.1    0.00   993.10     0   -0.6    0.0   -995   -995   -995   -995   -995    -995    -995    -995
 KIN2   133   690     81   -1.3    0.8    0.8     8    0.3    0.1    1.0    0.00   993.16     0   -0.6    0.0   10.0    5.0    9.2   11.8   14.2    1.47    1.52    3.80
 KIN2   133   695     82   -1.5    0.8    0.7    18    5.3    0.1    0.9    0.00   993.21     0   -0.7    0.0   -995   -995   -995   -995   -995    -995    -995    -995
 KIN2   133   700     84   -1.5    0.5    0.5    45   14.0    0.1    0.8    0.00   993.20     0   -0.8    0.0   -995   -995   -995   -995   -995    -995    -995    -995
 KIN2   133   705     85   -1.4    0.7    0.7    65    0.5    0.1    0.9    0.00   993.20     0   -0.8    0.0   10.0    4.9    9.2   11.8   14.2    -995    -995    -995
 KIN2   133   710     87   -1.6    0.5    0.5    59    6.0    0.1    0.9    0.00   993.26     0   -0.8    0.0   -995   -995   -995   -995   -995    -995    -995    -995
 KIN2   133   715     87   -1.4    0.5    0.5    72   10.9    0.1    0.7    0.00   993.26     0   -0.9    0.0   -995   -995   -995   -995   -995    -995    -995    -995
 KIN2   133   720     88   -1.3    0.2    0.2    86    0.0    0.1    0.3    0.00   993.22     0   -0.9    0.0   10.0    4.9    9.1   11.8   14.2    1.47    1.52    3.81
 KIN2   133   725     88   -1.2    0.3    0.3    86    0.0    0.1    0.5    0.00   993.16     0   -0.8    0.0   -995   -995   -995   -995   -995    -995    -995    -995
 KIN2   133   730     88   -1.1    0.2    0.2    86    0.0    0.1    0.3    0.00   993.21     0   -0.7    0.0   -995   -995   -995   -995   -995    -995    -995    -995
 KIN2   133   735     88   -1.2    0.3    0.3    86    0.1    0.1    0.5    0.00   993.28     0   -0.7    0.0    9.9    4.8    9.1   11.8   14.2    -995    -995    -995
 KIN2   133   740     88   -1.7    0.7    0.7    90    1.9    0.1    0.9    0.00   993.32     0   -0.6    0.0   -995   -995   -995   -995   -995    -995    -995    -995
 KIN2   133   745     89   -1.5    0.9    0.9    87    5.0    0.1    1.0    0.00   993.32     0   -0.7    0.0   -995   -995   -995   -995   -995    -995    -995    -995
 KIN2   133   750     89   -1.4    1.1    1.1    68    2.2    0.2    1.4    0.00   993.34     0   -0.6    0.1    9.9    4.7    9.1   11.7   14.2    1.47    1.53    3.80
 KIN2   133   755     89   -1.5    1.4    1.4    65    1.2    0.1    1.7    0.00   993.36     0   -0.5    0.5   -995   -995   -995   -995   -995    -995    -995    -995
 KIN2   133   760     88   -1.4    1.5    1.5    58    4.2    0.1    1.8    0.00   993.33     0   -0.6    0.7   -995   -995   -995   -995   -995    -995    -995    -995
 KIN2   133   765     85   -1.2    1.3    1.3    57    5.2    0.2    1.7    0.00   993.37     0   -0.7    0.4    9.8    4.6    9.0   11.7   14.1    -995    -995    -995
 KIN2   133   770     83   -1.1    0.9    0.9    84   17.4    0.2    1.3    0.00   993.35     1   -0.7    0.0   -995   -995   -995   -995   -995    -995    -995    -995
 KIN2   133   775     83   -1.2    0.8    0.8   101    3.0    0.1    1.1    0.00   993.39     2   -0.7    0.0   -995   -995   -995   -995   -995    -995    -995    -995
 KIN2   133   780     83   -1.2    0.8    0.8   108    4.5    0.1    1.1    0.00   993.54     3   -0.6    0.0    9.8    4.6    8.9   11.7   14.1    1.46    1.53    3.81
 KIN2   133   785     83   -1.1    0.6    0.6    91    2.9    0.1    0.8    0.00   993.72     6   -0.5    0.0   -995   -995   -995   -995   -995    -995    -995    -995
 KIN2   133   790     81   -0.9    1.3    1.2    77    8.0    0.3    1.6    0.00   993.71    10   -0.5    0.0   -995   -995   -995   -995   -995    -995    -995    -995
 KIN2   133   795     81   -0.8    1.3    1.3    84    5.2    0.1    1.5    0.00   993.66    12   -0.4    0.0    9.8    4.5    8.9   11.7   14.1    -995    -995    -995
 KIN2   133   800     80   -0.7    1.5    1.5    81    5.4    0.2    1.9    0.00   993.71    10   -0.4    0.3   -995   -995   -995   -995   -995    -995    -995    -995
 KIN2   133   805     76   -0.4    1.7    1.7    83    6.5    0.3    2.6    0.00   993.73    10   -0.2    0.9   -995   -995   -995   -995   -995    -995    -995    -995
 KIN2   133   810     74   -0.2    1.5    1.5    74    6.4    0.3    2.2    0.00   993.82    19   -0.1    0.8    9.7    4.4    8.8   11.6   14.1    1.47    1.53    3.80
 KIN2   133   815     72   -0.1    1.9    1.9    72    5.4    0.2    2.4    0.00   993.73    25    0.0    1.3   -995   -995   -995   -995   -995    -995    -995    -995
 KIN2   133   820     71    0.0    1.9    1.9    79    6.4    0.3    2.5    0.00   993.76    23    0.0    1.2   -995   -995   -995   -995   -995    -995    -995    -995
 KIN2   133   825     69    0.0    2.0    1.9    99   13.0    0.3    2.6    0.00   993.67    26    0.1    1.5    9.6    4.4    8.8   11.6   14.0    -995    -995    -995
 KIN2   133   830     67    0.1    2.2    2.1   106    9.0    0.2    2.7    0.00   993.63    31    0.2    1.6   -995   -995   -995   -995   -995    -995    -995    -995
 KIN2   133   835     65    0.2    1.9    1.9   110   10.2    0.4    3.0    0.00   993.59    38    0.2    1.5   -995   -995   -995   -995   -995    -995    -995    -995
 KIN2   133   840     66    0.3    1.6    1.6   116   11.2    0.3    2.2    0.00   993.54    52    0.3    1.2    9.6    4.4    8.8   11.5   14.0    1.47    1.53    3.80
 KIN2   133   845     65    0.4    2.2    2.1   122    9.2    0.5    2.9    0.00   993.52    61    0.3    1.8   -995   -995   -995   -995   -995    -995    -995    -995
 KIN2   133   850     65    0.5    1.8    1.8   119   13.0    0.4    2.9    0.00   993.49    71    0.4    1.4   -995   -995   -995   -995   -995    -995    -995    -995
 KIN2   133   855     64    0.6    2.0    2.0   125   10.2    0.6    3.3    0.00   993.42    78    0.5    1.6    9.6    4.4    8.8   11.5   14.0    -995    -995    -995
 KIN2   133   860     62    0.6    2.6    2.6   132    9.8    0.5    3.8    0.00   993.47    92    0.6    2.1   -995   -995   -995   -995   -995    -995    -995    -995
 KIN2   133   865     64    0.8    1.9    1.9   130    9.0    0.4    2.6    0.00   993.59    98    0.6    1.5   -995   -995   -995   -995   -995    -995    -995    -995
 KIN2   133   870     64    1.0    1.4    1.4   136   11.1    0.3    2.1    0.00   993.51   117    0.8    1.0    9.6    4.4    8.9   11.5   14.0    1.46    1.53    3.81
 KIN2   133   875     64    1.2    1.5    1.5   132    9.9    0.3    2.4    0.00   993.54   127    0.9    1.2   -995   -995   -995   -995   -995    -995    -995    -995
 KIN2   133   880     62    1.1    1.6    1.5   130   13.1    0.5    3.0    0.00   993.59    93    1.0    1.2   -995   -995   -995   -995   -995    -995    -995    -995
 KIN2   133   885     61    1.2    1.3    1.2    98   16.3    0.4    2.2    0.00   993.60    95    1.0    0.5    9.6    4.5    8.9   11.5   14.0    -995    -995    -995
 KIN2   133   890     62    1.4    1.0    0.9   113   22.4    0.2    1.4    0.00   993.57   101    1.1    0.4   -995   -995   -995   -995   -995    -995    -995    -995
 KIN2   133   895     61    1.4    1.9    1.8   147   11.2    0.4    2.7    0.00   993.47    93    1.2    1.4   -995   -995   -995   -995   -995    -995    -995    -995
 KIN2   133   900     61    1.5    2.8    2.8   145    8.3    0.3    3.6    0.00   993.32   101    1.2    2.3    9.6    4.6    8.9   11.5   14.0    1.47    1.52    3.80
 KIN2   133   905     62    1.6    2.3    2.2   165   10.3    0.3    2.8    0.00   993.19   130    1.3    1.8   -995   -995   -995   -995   -995    -995    -995    -995
 KIN2   133   910     62    1.6    1.8    1.7   164    8.9    0.5    2.8    0.00   993.28   131    1.3    1.4   -995   -995   -995   -995   -995    -995    -995    -995
 KIN2   133   915     61    1.7    2.2    2.2   164   11.7    0.4    3.1    0.00   993.31   128    1.4    1.8    9.6    4.7    9.0   11.5   14.0    -995    -995    -995
 KIN2   133   920     60    1.8    1.6    1.5   151   10.1    0.3    2.1    0.00   993.29   135    1.5    1.2   -995   -995   -995   -995   -995    -995    -995    -995
 KIN2   133   925     60    2.0    1.3    1.2   162   10.4    0.3    2.0    0.00   993.28   146    1.7    1.1   -995   -995   -995   -995   -995    -995    -995    -995
 KIN2   133   930     59    2.0    1.9    1.9   162   13.3    0.6    3.4    0.00   993.24   164    1.8    1.6    9.6    4.8    9.1   11.5   14.1    1.47    1.53    3.80
 KIN2   133   935     59    2.3    1.9    1.9   149    7.5    0.4    3.0    0.00   993.26   170    1.9    1.5   -995   -995   -995   -995   -995    -995    -995    -995
 KIN2   133   940     57    2.3    2.6    2.5   156    9.3    0.4    3.6    0.00   993.17   186    2.0    2.2   -995   -995   -995   -995   -995    -995    -995    -995
 KIN2   133   945     58    2.6    2.4    2.4   148    7.1    0.3    3.1    0.00   993.22   189    2.1    1.9    9.6    5.0    9.1   11.5   14.1    -995    -995    -995
 KIN2   133   950     57    2.6    1.8    1.8   153   12.1    0.4    3.1    0.00   993.34   188    2.2    1.4   -995   -995   -995   -995   -995    -995    -995    -995
 KIN2   133   955     56    2.6    1.5    1.5   172   10.0    0.4    2.4    0.00   993.46   178    2.2    1.2   -995   -995   -995   -995   -995    -995    -995    -995
 KIN2   133   960     56    2.7    1.9    1.9   153   13.1    0.2    2.4    0.00   993.42   183    2.3    1.6    9.6    5.1    9.2   11.5   14.1    1.46    1.53    3.81
 KIN2   133   965     56    2.7    2.2    2.2   139    7.2    0.2    2.8    0.00   993.32   191    2.3    1.8   -995   -995   -995   -995   -995    -995    -995    -995
 KIN2   133   970     57    2.8    2.2    2.2   154   12.2    0.3    3.0    0.00   993.15   206    2.4    1.9   -995   -995   -995   -995   -995    -995    -995    -995
 KIN2   133   975     59    2.8    2.2    2.2   177    7.8    0.4    3.4    0.00   993.15   200    2.4    1.8    9.6    5.3    9.3   11.5   14.1    -995    -995    -995
 KIN2   133   980     58    2.7    1.7    1.6   174   10.3    0.3    2.6    0.00   993.16   187    2.4    1.5   -995   -995   -995   -995   -995    -995    -995    -995
 KIN2   133   985     59    2.9    1.8    1.8   173   17.5    0.4    2.7    0.00   993.14   185    2.5    1.6   -995   -995   -995   -995   -995    -995    -995    -995
 KIN2   133   990     58    2.9    1.8    1.8   161    9.4    0.3    2.5    0.00   993.00   195    2.6    1.6    9.7    5.4    9.4   11.5   14.1    1.46    1.53    3.80
 KIN2   133   995     58    3.1    1.5    1.4   189   15.4    0.5    2.6    0.00   993.02   186    2.8    1.2   -995   -995   -995   -995   -995    -995    -995    -995
 KIN2   133  1000     57    2.9    1.6    1.6   194   13.9    0.5    2.6    0.00   992.99   185    2.6    1.4   -995   -995   -995   -995   -995    -995    -995    -995
 KIN2   133  1005     57    3.0    1.0    1.0   204   15.1    0.3    1.6    0.00   992.98   184    2.7    0.7    9.7    5.6    9.5   11.5   14.1    -995    -995    -995
 KIN2   133  1010     56    3.2    1.1    1.0   164   26.0    0.4    1.9    0.00   992.91   172    2.9    0.7   -995   -995   -995   -995   -995    -995    -995    -995
 KIN2   133  1015     55    3.2    0.7    0.6   126   26.7    0.2    1.2    0.00   992.83   162    3.0    0.1   -995   -995   -995   -995   -995    -995    -995    -995
 KIN2   133  1020     54    3.3    0.9    0.9   162   15.6    0.2    1.2    0.00   992.84   161    3.2    0.4    9.8    5.8    9.5   11.5   14.1    1.47    1.53    3.80
 KIN2   133  1025     53    3.5    1.5    1.5   142    9.4    0.4    2.2    0.00   992.72   177    3.2    1.1   -995   -995   -995   -995   -995    -995    -995    -995
 KIN2   133  1030     53    3.7    1.7    1.7   142   11.9    0.2    2.3    0.00   992.58   207    3.3    1.5   -995   -995   -995   -995   -995    -995    -995    -995
 KIN2   133  1035     52    3.6    1.7    1.5   161   28.7    0.3    2.5    0.00   992.53   217    3.2    1.5    9.8    6.0    9.6   11.5   14.1    -995    -995    -995
 KIN2   133  1040     54    3.7    1.9    1.7   159   21.3    0.4    2.6    0.00   992.52   230    3.3    1.6   -995   -995   -995   -995   -995    -995    -995    -995
 KIN2   133  1045     53    3.8    1.4    1.3   149   23.1    0.3    2.1    0.00   992.47   228    3.5    1.1   -995   -995   -995   -995   -995    -995    -995    -995
 KIN2   133  1050     53    4.0    1.5    1.4   158   10.5    0.4    2.2    0.00   992.40   234    3.7    1.2    9.8    6.2    9.7   11.5   14.1    1.47    1.53    3.80
 KIN2   133  1055     52    3.9    1.2    1.1   140   21.4    0.3    1.8    0.00   992.27   238    3.6    0.8   -995   -995   -995   -995   -995    -995    -995    -995
 KIN2   133  1060     52    4.1    1.3    1.3   175   14.3    0.3    2.1    0.00   992.11   255    3.8    1.0   -995   -995   -995   -995   -995    -995    -995    -995
 KIN2   133  1065     51    4.0    1.1    1.0   179   20.1    0.4    2.0    0.00   992.01   277    3.8    0.7    9.9    6.3    9.7   11.5   14.1    -995    -995    -995
 KIN2   133  1070     51    4.1    1.5    1.4   181   17.4    0.4    2.2    0.00   991.97   287    3.9    1.1   -995   -995   -995   -995   -995    -995    -995    -995
 KIN2   133  1075     50    4.6    1.4    1.3   123   21.5    0.5    2.5    0.00   991.88   309    4.2    0.8   -995   -995   -995   -995   -995    -995    -995    -995
 KIN2   133  1080     49    4.4    1.5    1.5   110    9.5    0.3    2.2    0.00   991.75   348    4.0    1.1    9.9    6.5    9.8   11.5   14.1    1.47    1.52    3.80
 KIN2   133  1085     50    4.8    1.8    1.6   129   25.0    0.3    2.5    0.00   991.64   368    4.3    1.4   -995   -995   -995   -995   -995    -995    -995    -995
 KIN2   133  1090     49    4.8    1.6    1.5   182   17.1    0.4    2.5    0.00   991.54   424    4.5    1.5   -995   -995   -995   -995   -995    -995    -995    -995
 KIN2   133  1095     49    5.4    1.9    1.8   156   17.5    0.5    2.7    0.00   991.30   459    4.9    1.5    9.9    6.6    9.9   11.4   14.0    -995    -995    -995
 KIN2   133  1100     46    5.4    2.6    2.6   149    9.7    0.4    3.6    0.00   991.21   463    4.8    2.1   -995   -995   -995   -995   -995    -995    -995    -995
 KIN2   133  1105     48    5.8    1.8    1.7   137   18.1    0.5    2.8    0.00   991.05   532    5.1    1.4   -995   -995   -995   -995   -995    -995    -995    -995
 KIN2   133  1110     47    6.0    2.3    2.2   128   10.9    0.6    3.5    0.00   990.94   499    5.2    2.0    9.9    6.8    9.9   11.4   14.0    1.47    1.53    3.80
 KIN2   133  1115     47    6.1    1.4    1.4   157   16.4    0.5    2.4    0.00   990.92   508    5.6    1.1   -995   -995   -995   -995   -995    -995    -995    -995
 KIN2   133  1120     48    6.2    2.0    1.9   157   13.4    0.3    2.6    0.00   990.81   477    5.7    1.7   -995   -995   -995   -995   -995    -995    -995    -995
 KIN2   133  1125     47    6.2    2.2    2.1   183   19.8    0.5    3.9    0.00   990.69   529    5.8    1.9    9.9    7.1   10.0   11.4   14.0    -995    -995    -995
 KIN2   133  1130     46    6.3    3.2    3.2   208    7.3    0.5    4.1    0.00   990.57   609    5.7    2.8   -995   -995   -995   -995   -995    -995    -995    -995
 KIN2   133  1135     47    6.5    2.2    2.1   201   13.4    0.6    3.3    0.00   990.42   552    6.0    2.0   -995   -995   -995   -995   -995    -995    -995    -995
 KIN2   133  1140     47    6.5    2.0    1.9   188   15.1    0.6    3.6    0.00   990.22   593    6.0    1.7   10.0    7.4   10.2   11.4   14.0    1.47    1.53    3.80
 KIN2   133  1145     47    6.7    1.7    1.6   207   21.7    0.4    2.6    0.00   990.05   546    6.2    1.6   -995   -995   -995   -995   -995    -995    -995    -995
 KIN2   133  1150     48    6.7    2.0    1.8   182   19.9    0.5    3.3    0.00   989.90   476    6.2    1.5   -995   -995   -995   -995   -995    -995    -995    -995
 KIN2   133  1155     48    7.0    1.8    1.4   166   35.7    0.5    2.7    0.00   989.82   453    6.4    1.4   10.1    7.7   10.3   11.4   13.9    -995    -995    -995
 KIN2   133  1160     47    7.0    2.0    1.7   192   30.0    0.7    3.2    0.00   989.77   444    6.4    1.6   -995   -995   -995   -995   -995    -995    -995    -995
 KIN2   133  1165     47    7.0    1.6    1.5   172   21.3    0.4    2.3    0.00   989.61   413    6.6    1.3   -995   -995   -995   -995   -995    -995    -995    -995
 KIN2   133  1170     47    7.2    1.3    1.3   157   15.1    0.4    2.3    0.00   989.52   385    6.8    1.1   10.2    8.1   10.5   11.4   14.0    1.46    1.53    3.80
 KIN2   133  1175     48    7.5    1.6    1.4   177   27.7    0.5    2.6    0.00   989.47   378    7.0    1.3   -995   -995   -995   -995   -995    -995    -995    -995
 KIN2   133  1180     48    7.4    2.9    2.8   194   13.3    0.5    4.2    0.00   989.28   369    6.8    2.5   -995   -995   -995   -995   -995    -995    -995    -995
 KIN2   133  1185     48    7.4    2.9    2.9   167   12.1    0.7    5.2    0.00   989.06   362    7.0    2.6   10.3    8.5   10.6   11.5   14.0    -995    -995    -995
 KIN2   133  1190     48    7.6    2.8    2.8   188    8.4    0.7    4.3    0.00   988.91   354    7.1    2.5   -995   -995   -995   -995   -995    -995    -995    -995
 KIN2   133  1195     47    7.7    3.5    3.4   188   10.3    0.6    4.7    0.00   988.83   352    7.1    2.9   -995   -995   -995   -995   -995    -995    -995    -995
 KIN2   133  1200     47    7.7    3.3    3.3   189    7.4    0.4    4.6    0.00   988.74   359    7.3    2.8   10.4    8.8   10.8   11.6   14.1    1.47    1.53    3.80
 KIN2   133  1205     48    8.2    3.4    3.3   195   11.0    0.6    4.5    0.00   988.70   369    7.5    2.8   -995   -995   -995   -995   -995    -995    -995    -995
 KIN2   133  1210     48    8.2    3.2    3.2   192    9.4    0.5    4.5    0.00   988.64   376    7.6    2.8   -995   -995   -995   -995   -995    -995    -995    -995
 KIN2   133  1215     48    8.5    3.2    3.1   191    9.1    0.5    5.0    0.00   988.58   379    7.9    2.7   10.5    9.1   10.9   11.6   14.1    -995    -995    -995
 KIN2   133  1220     46    8.6    3.4    3.4   177    7.8    0.7    5.0    0.00   988.50   343    8.0    2.9   -995   -995   -995   -995   -995    -995    -995    -995
 KIN2   133  1225     46    8.6    3.2    3.2   197    7.1    0.8    5.2    0.00   988.43   320    8.1    2.7   -995   -995   -995   -995   -995    -995    -995    -995
 KIN2   133  1230     46    8.7    2.9    2.9   190    9.1    0.4    3.9    0.00   988.41   289    8.1    2.5   10.5    9.2   10.9   11.6   14.1    1.47    1.52    3.78
 KIN2   133  1235     46    8.5    3.0    3.0   205    5.3    0.4    3.8    0.00   988.32   271    8.1    2.6   -995   -995   -995   -995   -995    -995    -995    -995
 KIN2   133  1240     45    8.6    2.8    2.8   192   10.2    0.5    3.9    0.00   988.16   277    8.2    2.4   -995   -995   -995   -995   -995    -995    -995    -995
 KIN2   133  1245     46    8.8    3.1    3.0   187   13.6    0.5    4.0    0.00   988.07   256    8.4    2.7   10.6    9.4   11.0   11.6   14.1    -995    -995    -995
 KIN2   133  1250     44    8.7    2.9    2.8   185   12.8    0.6    4.7    0.00   987.95   238    8.5    2.5   -995   -995   -995   -995   -995    -995    -995    -995
 KIN2   133  1255     45    9.0    2.8    2.7   203   12.3    0.5    4.0    0.00   987.99   231    8.6    2.3   -995   -995   -995   -995   -995    -995    -995    -995
 KIN2   133  1260     44    9.1    2.0    1.8   204   22.8    0.8    3.4    0.00   988.01   214    8.8    1.5   10.6    9.6   11.0   11.6   14.1    1.47    1.53    3.80
 KIN2   133  1265     46    9.3    3.1    3.1   175    9.5    0.6    4.7    0.00   987.95   198    8.9    2.6   -995   -995   -995   -995   -995    -995    -995    -995
 KIN2   133  1270     44    9.2    3.3    3.3   180    6.8    0.4    4.1    0.00   987.86   192    8.9    2.8   -995   -995   -995   -995   -995    -995    -995    -995
 KIN2   133  1275     43    9.4    3.2    3.2   189   10.9    0.5    4.4    0.00   987.80   180    9.1    2.7   10.7    9.7   11.1   11.6   14.1    -995    -995    -995
 KIN2   133  1280     44    9.5    4.0    3.9   183    5.7    0.6    5.0    0.00   987.67   167    9.2    3.3   -995   -995   -995   -995   -995    -995    -995    -995
 KIN2   133  1285     45    9.5    3.8    3.8   190    7.0    0.4    4.6    0.00   987.58   158    9.2    3.0   -995   -995   -995   -995   -995    -995    -995    -995
 KIN2   133  1290     45    9.4    3.6    3.6   181    5.9    0.6    5.0    0.00   987.51   144    9.2    3.0   10.8    9.8   11.1   11.7   14.1    1.47    1.52    3.80
 KIN2   133  1295     46    9.4    3.7    3.6   183    6.4    0.6    4.8    0.00   987.49   128    9.2    2.9   -995   -995   -995   -995   -995    -995    -995    -995
 KIN2   133  1300     47    9.4    3.0    3.0   184    5.7    0.4    3.8    0.00   987.46   112    9.3    2.4   -995   -995   -995   -995   -995    -995    -995    -995
 KIN2   133  1305     47    9.5    3.6    3.6   195    6.1    0.6    4.8    0.00   987.36   109    9.4    2.8   10.8    9.8   11.1   11.7   14.1    -995    -995    -995
 KIN2   133  1310     47    9.5    3.6    3.5   193   11.3    0.3    4.4    0.00   987.23   107    9.4    2.8   -995   -995   -995   -995   -995    -995    -995    -995
 KIN2   133  1315     48    9.5    3.6    3.6   181    9.3    0.5    4.8    0.00   987.13   104    9.4    3.0   -995   -995   -995   -995   -995    -995    -995    -995
 KIN2   133  1320     47    9.5    4.2    4.1   200    8.3    0.8    5.6    0.00   987.08    94    9.5    3.2   10.9    9.9   11.1   11.7   14.1    1.46    1.53    3.80
 KIN2   133  1325     48    9.5    3.2    3.2   202    6.7    0.3    3.8    0.00   987.09    83    9.5    2.5   -995   -995   -995   -995   -995    -995    -995    -995
 KIN2   133  1330     49    9.5    3.2    3.2   191    6.5    0.3    3.9    0.00   987.10    72    9.5    2.4   -995   -995   -995   -995   -995    -995    -995    -995
 KIN2   133  1335     49    9.4    3.9    3.8   193    6.0    0.3    4.8    0.00   987.13    63    9.4    2.9   10.9    9.9   11.1   11.7   14.1    -995    -995    -995
 KIN2   133  1340     49    9.4    3.8    3.7   199    4.4    0.4    4.6    0.00   987.15    58    9.4    2.8   -995   -995   -995   -995   -995    -995    -995    -995
 KIN2   133  1345     51    9.3    4.1    4.1   194    6.0    0.4    5.1    0.00   987.11    57    9.4    3.1   -995   -995   -995   -995   -995    -995    -995    -995
 KIN2   133  1350     51    9.3    3.8    3.8   188    4.8    0.4    4.9    0.00   987.10    52    9.4    3.0   10.9    9.8   11.1   11.7   14.1    1.46    1.52    3.80
 KIN2   133  1355     53    9.3    3.2    3.2   186    6.5    0.3    4.0    0.00   987.08    46    9.4    2.4   -995   -995   -995   -995   -995    -995    -995    -995
 KIN2   133  1360     53    9.2    3.1    3.1   183    4.0    0.3    3.7    0.00   987.03    41    9.3    2.4   -995   -995   -995   -995   -995    -995    -995    -995
 KIN2   133  1365     55    9.2    3.0    3.0   179    4.6    0.3    3.7    0.00   986.93    36    9.3    2.2   10.9    9.8   11.1   11.8   14.1    -995    -995    -995
 KIN2   133  1370     55    9.2    3.4    3.4   181    4.9    0.3    4.2    0.00   986.89    32    9.3    2.6   -995   -995   -995   -995   -995    -995    -995    -995
 KIN2   133  1375     57    9.1    3.6    3.6   180    4.3    0.4    4.6    0.00   986.80    30    9.2    2.5   -995   -995   -995   -995   -995    -995    -995    -995
 KIN2   133  1380     55    9.0    3.7    3.7   178    3.9    0.4    4.6    0.00   986.76    27    9.2    2.7   10.9    9.8   11.1   11.8   14.1    1.46    1.52    3.80
 KIN2   133  1385     56    8.9    3.3    3.3   177    4.4    0.3    4.0    0.00   986.70    23    9.2    2.4   -995   -995   -995   -995   -995    -995    -995    -995
 KIN2   133  1390     55    8.9    3.3    3.3   177    4.0    0.2    3.7    0.00   986.66    19    9.2    2.2   -995   -995   -995   -995   -995    -995    -995    -995
 KIN2   133  1395     55    8.9    3.4    3.4   174    4.6    0.3    4.1    0.00   986.68    17    9.2    2.4   11.0    9.7   11.0   11.8   14.0    -995    -995    -995
 KIN2   133  1400     57    8.7    3.7    3.7   173    4.2    0.4    4.4    0.00   986.64    13    9.2    2.5   -995   -995   -995   -995   -995    -995    -995    -995
 KIN2   133  1405     58    8.6    3.6    3.6   178    3.8    0.3    4.2    0.00   986.59    10    9.2    2.4   -995   -995   -995   -995   -995    -995    -995    -995
 KIN2   133  1410     60    8.3    3.7    3.7   176    3.3    0.3    4.3    0.00   986.52     6    9.0    2.4   11.0    9.6   11.0   11.8   14.0    1.47    1.53    3.80
 KIN2   133  1415     62    8.0    3.6    3.6   175    2.0    0.2    4.1    0.00   986.36     4    9.0    2.1   -995   -995   -995   -995   -995    -995    -995    -995
 KIN2   133  1420     65    7.6    3.1    3.1   177    3.7    0.3    3.7    0.00   986.29     3    8.9    1.8   -995   -995   -995   -995   -995    -995    -995    -995
 KIN2   133  1425     68    7.2    2.3    2.2   202   10.1    0.2    2.8    0.00   986.33     2    8.4    1.4   11.0    9.6   11.0   11.9   14.1    -995    -995    -995
 KIN2   133  1430     66    7.4    2.1    2.0   176   11.0    0.2    2.4    0.00   986.35     1    8.5    1.3   -995   -995   -995   -995   -995    -995    -995    -995
 KIN2   133  1435     68    6.9    2.0    2.0   164    3.7    0.1    2.4    0.00   986.35     0    8.4    0.9   -995   -995   -995   -995   -995    -995    -995    -995
</pre>