<pre>  101 ! (c) 2019 Oklahoma Climatological Survey and the Oklahoma Mesonet - all rights reserved
  21 2019 11 27 00 00 00
 STID  STNM  TIME   RELH   TAIR   WSPD   WVEC  WDIR   WDSD   WSSD   WMAX    RAIN     PRES  SRAD   TA9M   WS2M   TS10   TB10   TS05   TS25   TS60    TR05    TR25    TR60
 KIN2   133     0     26   13.6    6.1    6.0   264   11.3    1.2    8.6    0.00   962.52     0   14.3    4.0   10.7   10.7   10.9   10.9   12.2    1.47    1.53    1.51
 KIN2   133     5     25   13.7    6.7    6.6   280   13.1    1.6   10.0    0.00   962.93     0   14.3    4.8   -995   -995   -995   -995   -995    -995    -995    -995
 KIN2   133    10     30   13.5    7.4    7.3   284   10.8    1.6   10.5    0.00   963.25     0   13.9    5.3   -995   -995   -995   -995   -995    -995    -995    -995
 KIN2   133    15     33   13.1    8.4    8.2   288   13.6    1.9   12.8    0.00   963.60     0   13.4    6.2   10.7   10.6   10.8   10.9   12.2    -995    -995    -995
 KIN2   133    20     35   12.3    7.9    7.7   286   12.9    2.1   13.3    0.00   964.05     0   12.6    5.6   -995   -995   -995   -995   -995    -995    -995    -995
 KIN2   133    25     35   11.4    8.9    8.7   283   12.1    1.8   13.4    0.00   964.43     0   11.7    6.4   -995   -995   -995   -995   -995    -995    -995    -995
 KIN2   133    30     35   10.9    9.2    9.1   275   10.7    1.8   13.6    0.00   964.70     0   11.3    6.7   10.7   10.4   10.8   10.9   12.2    1.47    1.52    1.51
 KIN2   133    35     37   10.4    7.5    7.4   274   11.2    1.5   11.6    0.00   964.92     0   10.7    5.5   -995   -995   -995   -995   -995    -995    -995    -995
 KIN2   133    40     38   10.1    8.9    8.7   281   11.9    2.0   14.3    0.00   965.18     0   10.5    6.4   -995   -995   -995   -995   -995    -995    -995    -995
 KIN2   133    45     38   10.0    9.0    8.8   284   12.0    1.9   12.4    0.00   965.44     0   10.3    6.7   10.8   10.2   10.7   11.0   12.2    -995    -995    -995
 KIN2   133    50     39    9.7    9.1    8.9   283   10.6    1.9   13.2    0.00   965.75     0   10.1    6.5   -995   -995   -995   -995   -995    -995    -995    -995
 KIN2   133    55     39    9.5    9.8    9.7   280   10.1    2.0   15.2    0.00   966.04     0    9.9    7.4   -995   -995   -995   -995   -995    -995    -995    -995
 KIN2   133    60     40    9.3    9.4    9.2   278   10.5    2.0   15.3    0.00   966.34     0    9.6    7.0   10.7   10.1   10.6   11.0   12.3    1.47    1.52    1.51
 KIN2   133    65     41    9.0    8.8    8.6   277   12.8    1.7   13.2    0.00   966.69     0    9.4    6.3   -995   -995   -995   -995   -995    -995    -995    -995
 KIN2   133    70     42    8.8    7.8    7.7   280   10.8    1.8   13.0    0.00   967.01     0    9.2    5.7   -995   -995   -995   -995   -995    -995    -995    -995
 KIN2   133    75     42    8.6    7.7    7.5   288   12.1    1.6   11.3    0.00   967.33     0    8.9    5.6   10.7    9.8   10.6   11.0   12.2    -995    -995    -995
 KIN2   133    80     43    8.3    7.0    6.8   285   12.9    1.4   11.0    0.00   967.55     0    8.6    5.0   -995   -995   -995   -995   -995    -995    -995    -995
 KIN2   133    85     43    8.0    6.0    6.0   282   10.1    1.2    9.1    0.00   967.79     0    8.4    4.3   -995   -995   -995   -995   -995    -995    -995    -995
 KIN2   133    90     44    7.9    7.0    6.9   280   12.6    1.7   12.2    0.00   967.99     0    8.3    5.2   10.6    9.6   10.5   11.0   12.2    1.48    1.53    1.51
 KIN2   133    95     44    7.8    7.2    7.1   277   11.3    1.9   11.6    0.00   968.19     0    8.2    5.2   -995   -995   -995   -995   -995    -995    -995    -995
 KIN2   133   100     44    7.7    7.2    7.1   277    9.9    1.7   11.6    0.00   968.41     0    8.0    5.3   -995   -995   -995   -995   -995    -995    -995    -995
 KIN2   133   105     44    7.4    7.8    7.7   277   11.4    2.0   13.4    0.00   968.70     0    7.8    5.6   10.6    9.4   10.4   11.0   12.2    -995    -995    -995
 KIN2   133   110     43    7.3    8.9    8.7   281   13.0    1.9   13.4    0.00   968.94     0    7.6    6.5   -995   -995   -995   -995   -995    -995    -995    -995
 KIN2   133   115     43    7.2    9.2    9.0   281   12.3    1.9   13.2    0.00   969.14     0    7.5    6.8   -995   -995   -995   -995   -995    -995    -995    -995
 KIN2   133   120     44    7.1    8.1    7.9   283   12.7    1.7   12.3    0.00   969.34     0    7.4    5.8   10.6    9.2   10.3   11.0   12.2    1.47    1.53    1.51
 KIN2   133   125     44    6.9    8.4    8.1   286   13.0    2.0   13.7    0.00   969.55     0    7.3    6.0   -995   -995   -995   -995   -995    -995    -995    -995
 KIN2   133   130     44    6.8    7.9    7.7   289   12.0    2.1   13.9    0.00   969.84     0    7.2    5.8   -995   -995   -995   -995   -995    -995    -995    -995
 KIN2   133   135     44    6.8    9.1    9.0   292   10.7    2.2   14.6    0.00   970.14     0    7.1    6.7   10.5    9.0   10.2   11.0   12.1    -995    -995    -995
 KIN2   133   140     45    6.6    7.8    7.6   290   13.1    2.1   13.8    0.00   970.39     0    6.9    5.6   -995   -995   -995   -995   -995    -995    -995    -995
 KIN2   133   145     45    6.4    7.8    7.7   286   11.8    2.0   13.1    0.00   970.70     0    6.8    5.9   -995   -995   -995   -995   -995    -995    -995    -995
 KIN2   133   150     45    6.4    9.4    9.1   292   13.1    2.0   15.9    0.00   970.93     0    6.8    6.7   10.5    8.8   10.1   11.0   12.1    1.47    1.53    1.51
 KIN2   133   155     45    6.3    8.0    7.8   288   13.5    2.0   13.2    0.00   971.06     0    6.6    6.1   -995   -995   -995   -995   -995    -995    -995    -995
 KIN2   133   160     46    6.1    7.4    7.1   294   14.6    1.8   14.8    0.00   971.21     0    6.4    5.4   -995   -995   -995   -995   -995    -995    -995    -995
 KIN2   133   165     46    6.0    7.9    7.7   293   11.9    1.8   11.8    0.00   971.43     0    6.3    5.6   10.4    8.6   10.0   10.9   12.1    -995    -995    -995
 KIN2   133   170     47    5.8    6.5    6.3   294   13.1    1.8   11.2    0.00   971.64     0    6.2    4.5   -995   -995   -995   -995   -995    -995    -995    -995
 KIN2   133   175     47    5.7    7.1    7.0   292   12.9    1.8   12.1    0.00   971.75     0    6.1    5.3   -995   -995   -995   -995   -995    -995    -995    -995
 KIN2   133   180     47    5.7    7.8    7.6   296   12.4    1.7   11.8    0.00   971.74     0    6.1    5.8   10.4    8.4    9.9   10.9   12.1    1.47    1.53    1.51
 KIN2   133   185     47    5.6    7.5    7.3   297   14.5    2.0   12.8    0.00   971.89     0    5.9    5.4   -995   -995   -995   -995   -995    -995    -995    -995
 KIN2   133   190     48    5.5    7.1    6.9   295   13.3    1.5   11.1    0.00   972.12     0    5.9    5.3   -995   -995   -995   -995   -995    -995    -995    -995
 KIN2   133   195     48    5.4    5.9    5.7   295   13.4    1.4    9.3    0.00   972.36     0    5.7    4.3   10.3    8.3    9.8   10.9   12.1    -995    -995    -995
 KIN2   133   200     49    5.3    5.9    5.7   297   13.0    1.4    9.2    0.00   972.66     0    5.6    4.3   -995   -995   -995   -995   -995    -995    -995    -995
 KIN2   133   205     50    5.1    5.7    5.6   294   11.7    1.1    8.6    0.00   972.93     0    5.5    3.9   -995   -995   -995   -995   -995    -995    -995    -995
 KIN2   133   210     51    5.0    4.8    4.7   289   12.4    1.0    7.3    0.00   973.15     0    5.4    3.3   10.3    8.1    9.8   10.9   12.1    1.47    1.53    1.51
 KIN2   133   215     52    4.8    5.2    5.0   288   14.3    1.8    9.9    0.00   973.23     0    5.3    3.7   -995   -995   -995   -995   -995    -995    -995    -995
 KIN2   133   220     53    4.9    5.8    5.7   292   12.2    1.4   10.1    0.00   973.39     0    5.2    4.3   -995   -995   -995   -995   -995    -995    -995    -995
 KIN2   133   225     53    4.8    6.4    6.2   291   12.3    1.3    9.2    0.00   973.57     0    5.2    4.7   10.2    7.9    9.7   10.9   12.1    -995    -995    -995
 KIN2   133   230     54    4.8    6.5    6.3   291   13.1    1.6   10.5    0.00   973.73     0    5.1    4.8   -995   -995   -995   -995   -995    -995    -995    -995
 KIN2   133   235     55    4.7    6.2    6.0   294   12.3    1.5   10.5    0.00   973.90     0    5.0    4.5   -995   -995   -995   -995   -995    -995    -995    -995
 KIN2   133   240     56    4.6    5.8    5.6   292   13.0    1.4    9.7    0.00   974.04     0    4.9    4.3   10.2    7.8    9.6   10.9   12.1    1.47    1.53    1.51
 KIN2   133   245     56    4.4    4.4    4.3   286   12.1    1.3    7.8    0.00   974.29     0    4.8    3.2   -995   -995   -995   -995   -995    -995    -995    -995
 KIN2   133   250     57    4.4    5.6    5.5   288   12.2    1.2    8.1    0.00   974.51     0    4.8    4.2   -995   -995   -995   -995   -995    -995    -995    -995
 KIN2   133   255     57    4.4    5.4    5.3   290   11.1    1.1    7.8    0.00   974.71     0    4.7    3.9   10.1    7.6    9.5   10.9   12.1    -995    -995    -995
 KIN2   133   260     57    4.3    5.4    5.3   288   13.1    1.0    9.1    0.00   974.91     0    4.7    3.8   -995   -995   -995   -995   -995    -995    -995    -995
 KIN2   133   265     58    4.3    6.4    6.3   284   11.9    1.4    9.5    0.00   975.11     0    4.6    4.9   -995   -995   -995   -995   -995    -995    -995    -995
 KIN2   133   270     58    4.2    5.3    5.2   281   11.9    1.1    8.9    0.00   975.37     0    4.6    3.8   10.1    7.4    9.5   10.9   12.1    1.48    1.53    1.51
 KIN2   133   275     58    4.2    5.6    5.5   281   11.0    1.2    9.6    0.00   975.61     0    4.5    4.1   -995   -995   -995   -995   -995    -995    -995    -995
 KIN2   133   280     58    4.1    6.0    5.9   283   13.0    1.4    9.6    0.00   975.90     0    4.5    4.3   -995   -995   -995   -995   -995    -995    -995    -995
 KIN2   133   285     58    4.1    6.8    6.5   289   14.4    1.8   11.0    0.00   975.96     0    4.5    5.2   10.1    7.3    9.4   10.9   12.0    -995    -995    -995
 KIN2   133   290     58    4.1    5.8    5.7   288   12.4    1.5    9.4    0.00   976.08     0    4.4    4.2   -995   -995   -995   -995   -995    -995    -995    -995
 KIN2   133   295     59    3.9    5.8    5.7   288   10.4    1.7   10.3    0.00   976.25     0    4.3    4.0   -995   -995   -995   -995   -995    -995    -995    -995
 KIN2   133   300     59    3.9    6.0    5.9   291   11.1    1.1   10.3    0.00   976.44     0    4.2    4.2   10.0    7.2    9.3   10.8   12.0    1.47    1.52    1.51
 KIN2   133   305     60    3.8    5.5    5.4   292   11.7    1.3    9.3    0.00   976.54     0    4.1    4.1   -995   -995   -995   -995   -995    -995    -995    -995
 KIN2   133   310     61    3.6    4.8    4.7   288   11.9    1.4    8.1    0.00   976.66     0    4.0    3.4   -995   -995   -995   -995   -995    -995    -995    -995
 KIN2   133   315     61    3.6    6.0    5.9   292   11.8    1.3    8.6    0.00   976.80     0    4.0    4.4   10.0    7.0    9.3   10.8   12.0    -995    -995    -995
 KIN2   133   320     61    3.5    5.3    5.2   292   11.9    1.1    8.4    0.00   976.92     0    3.9    3.7   -995   -995   -995   -995   -995    -995    -995    -995
 KIN2   133   325     62    3.5    5.8    5.7   292   13.4    1.3    9.5    0.00   977.00     0    3.9    4.1   -995   -995   -995   -995   -995    -995    -995    -995
 KIN2   133   330     62    3.4    5.0    4.9   290   12.9    1.3    8.8    0.00   977.15     0    3.7    3.8    9.9    6.9    9.2   10.8   12.0    1.47    1.53    1.52
 KIN2   133   335     63    3.3    5.1    5.0   290   12.7    1.3    8.0    0.00   977.35     0    3.7    3.6   -995   -995   -995   -995   -995    -995    -995    -995
 KIN2   133   340     63    3.4    6.4    6.2   294   11.2    1.4    9.6    0.00   977.48     0    3.7    4.8   -995   -995   -995   -995   -995    -995    -995    -995
 KIN2   133   345     62    3.4    6.9    6.8   297   11.5    1.5   10.1    0.00   977.51     0    3.7    5.3    9.9    6.8    9.2   10.8   12.0    -995    -995    -995
 KIN2   133   350     63    3.3    6.6    6.5   300   12.3    1.3   10.4    0.00   977.50     0    3.6    4.9   -995   -995   -995   -995   -995    -995    -995    -995
 KIN2   133   355     64    3.2    6.8    6.6   295   13.8    1.4   10.9    0.00   977.69     0    3.5    4.9   -995   -995   -995   -995   -995    -995    -995    -995
 KIN2   133   360     63    3.2    6.7    6.5   297   14.2    1.5   10.6    0.00   977.75     0    3.6    4.9    9.9    6.7    9.1   10.8   12.0    1.48    1.53    1.51
 KIN2   133   365     63    3.3    7.3    7.2   298   12.2    1.5   10.6    0.00   977.76     0    3.6    5.5   -995   -995   -995   -995   -995    -995    -995    -995
 KIN2   133   370     64    3.2    6.4    6.3   300   12.0    1.5    9.4    0.00   977.99     0    3.5    4.9   -995   -995   -995   -995   -995    -995    -995    -995
 KIN2   133   375     64    3.1    6.8    6.7   301   12.8    1.4   10.6    0.00   978.11     0    3.4    5.2    9.8    6.5    9.1   10.8   12.0    -995    -995    -995
 KIN2   133   380     64    3.0    6.3    6.1   303   13.4    1.4   10.0    0.00   978.30     0    3.3    4.6   -995   -995   -995   -995   -995    -995    -995    -995
 KIN2   133   385     65    2.9    6.2    6.1   303   10.8    1.6   10.0    0.00   978.37     0    3.2    4.4   -995   -995   -995   -995   -995    -995    -995    -995
 KIN2   133   390     65    2.8    6.1    6.0   304   11.8    1.4   10.4    0.00   978.37     0    3.1    4.7    9.8    6.4    9.0   10.8   12.0    1.48    1.53    1.51
 KIN2   133   395     66    2.7    5.9    5.8   302   11.5    1.3    9.3    0.00   978.49     0    3.0    4.3   -995   -995   -995   -995   -995    -995    -995    -995
 KIN2   133   400     66    2.6    6.6    6.5   302   10.8    1.7   10.4    0.00   978.61     0    3.0    5.0   -995   -995   -995   -995   -995    -995    -995    -995
 KIN2   133   405     66    2.7    6.6    6.5   302   10.7    1.3    9.9    0.00   978.65     0    2.9    5.0    9.7    6.3    9.0   10.8   12.0    -995    -995    -995
 KIN2   133   410     66    2.4    4.7    4.6   304   13.9    1.2    8.3    0.00   978.85     0    2.8    3.3   -995   -995   -995   -995   -995    -995    -995    -995
 KIN2   133   415     67    2.4    5.7    5.6   306   12.5    1.6    9.1    0.00   978.99     0    2.7    4.2   -995   -995   -995   -995   -995    -995    -995    -995
 KIN2   133   420     66    2.4    5.4    5.3   309   10.4    1.6   10.0    0.00   979.00     0    2.7    4.2    9.7    6.2    8.9   10.7   12.0    1.47    1.53    1.51
 KIN2   133   425     66    2.3    5.7    5.5   313   14.2    1.4    9.2    0.00   979.08     0    2.6    4.4   -995   -995   -995   -995   -995    -995    -995    -995
 KIN2   133   430     67    2.2    5.0    4.8   313   13.5    1.3    9.3    0.00   979.14     0    2.5    4.0   -995   -995   -995   -995   -995    -995    -995    -995
 KIN2   133   435     67    2.2    6.0    5.8   313   12.8    1.3    8.9    0.00   979.26     0    2.5    4.6    9.7    6.1    8.9   10.7   12.0    -995    -995    -995
 KIN2   133   440     67    2.1    5.8    5.7   317   12.7    1.2    8.6    0.00   979.41     0    2.4    4.5   -995   -995   -995   -995   -995    -995    -995    -995
 KIN2   133   445     66    2.1    6.3    6.1   312   12.1    1.3    9.5    0.00   979.49     0    2.4    4.7   -995   -995   -995   -995   -995    -995    -995    -995
 KIN2   133   450     66    2.0    5.7    5.5   315   12.6    1.2    9.9    0.00   979.55     0    2.3    4.5    9.6    6.0    8.8   10.7   12.0    1.48    1.52    1.51
 KIN2   133   455     66    1.9    6.3    6.1   316   13.1    1.3    9.1    0.00   979.64     0    2.3    4.7   -995   -995   -995   -995   -995    -995    -995    -995
 KIN2   133   460     66    1.9    6.5    6.4   316   13.2    1.4    9.6    0.00   979.69     0    2.2    5.1   -995   -995   -995   -995   -995    -995    -995    -995
 KIN2   133   465     67    1.8    6.2    6.1   314   12.8    1.2    9.5    0.00   979.78     0    2.1    4.8    9.6    5.9    8.8   10.7   12.0    -995    -995    -995
 KIN2   133   470     66    1.8    6.5    6.4   319   12.8    1.4   11.0    0.00   979.68     0    2.1    5.0   -995   -995   -995   -995   -995    -995    -995    -995
 KIN2   133   475     66    1.8    6.4    6.3   317   12.4    1.4   10.1    0.00   979.82     0    2.1    5.2   -995   -995   -995   -995   -995    -995    -995    -995
 KIN2   133   480     67    1.8    5.5    5.3   319   13.3    1.2    8.4    0.00   979.89     0    2.0    4.2    9.6    5.8    8.7   10.7   12.0    1.47    1.53    1.51
 KIN2   133   485     67    1.7    6.0    5.8   314   14.2    1.6   10.8    0.00   980.08     0    2.0    4.7   -995   -995   -995   -995   -995    -995    -995    -995
 KIN2   133   490     67    1.7    5.6    5.4   317   18.0    1.4   10.5    0.00   980.27     0    2.0    4.5   -995   -995   -995   -995   -995    -995    -995    -995
 KIN2   133   495     67    1.7    5.8    5.7   319   11.9    1.5    9.2    0.00   980.31     0    1.9    4.4    9.5    5.7    8.7   10.6   12.0    -995    -995    -995
 KIN2   133   500     67    1.7    6.2    6.1   320   11.2    1.2    9.4    0.00   980.28     0    1.9    4.9   -995   -995   -995   -995   -995    -995    -995    -995
 KIN2   133   505     67    1.6    6.0    5.8   323   11.8    1.4    9.6    0.00   980.32     0    1.9    5.0   -995   -995   -995   -995   -995    -995    -995    -995
 KIN2   133   510     67    1.5    6.0    5.9   323   11.3    1.4    9.6    0.00   980.33     0    1.8    4.9    9.5    5.6    8.6   10.6   12.0    1.48    1.52    1.52
 KIN2   133   515     67    1.5    5.4    5.3   319   13.7    1.4    9.1    0.00   980.55     0    1.8    4.3   -995   -995   -995   -995   -995    -995    -995    -995
 KIN2   133   520     67    1.5    5.9    5.7   324   13.9    1.5    9.1    0.00   980.76     0    1.8    4.6   -995   -995   -995   -995   -995    -995    -995    -995
 KIN2   133   525     68    1.4    5.7    5.6   320   14.2    1.3    8.9    0.00   980.78     0    1.7    4.3    9.4    5.5    8.6   10.6   12.0    -995    -995    -995
 KIN2   133   530     68    1.3    4.9    4.7   320   17.6    1.2    8.2    0.00   980.78     0    1.6    3.8   -995   -995   -995   -995   -995    -995    -995    -995
 KIN2   133   535     69    1.2    6.5    6.3   329   15.2    1.6   10.2    0.00   980.63     0    1.5    5.2   -995   -995   -995   -995   -995    -995    -995    -995
 KIN2   133   540     68    1.2    6.4    6.2   330   12.9    1.3    9.6    0.00   980.46     0    1.4    4.9    9.4    5.4    8.6   10.6   12.0    1.48    1.52    1.51
 KIN2   133   545     69    1.1    6.0    5.8   328   13.0    1.2    8.7    0.00   980.38     0    1.4    4.5   -995   -995   -995   -995   -995    -995    -995    -995
 KIN2   133   550     69    1.1    5.8    5.7   331   11.1    1.2    9.1    0.00   980.40     0    1.4    4.4   -995   -995   -995   -995   -995    -995    -995    -995
 KIN2   133   555     69    0.9    4.7    4.4   332   19.4    1.2    7.9    0.00   980.48     0    1.3    3.5    9.4    5.3    8.5   10.6   12.0    -995    -995    -995
 KIN2   133   560     69    0.9    4.2    4.0   327   15.7    1.5    8.7    0.00   980.72     0    1.3    3.1   -995   -995   -995   -995   -995    -995    -995    -995
 KIN2   133   565     69    0.9    4.1    4.0   321   14.1    1.2    7.2    0.00   980.94     0    1.3    3.1   -995   -995   -995   -995   -995    -995    -995    -995
 KIN2   133   570     69    0.9    4.2    4.1   323   14.2    1.1    7.3    0.00   981.01     0    1.2    3.5    9.3    5.2    8.5   10.6   12.0    1.48    1.53    1.52
 KIN2   133   575     69    0.7    3.2    3.1   321   16.7    0.8    5.2    0.00   981.12     0    1.1    2.3   -995   -995   -995   -995   -995    -995    -995    -995
 KIN2   133   580     70    0.7    3.2    3.0   313   17.6    1.0    5.7    0.00   981.40     0    1.1    2.1   -995   -995   -995   -995   -995    -995    -995    -995
 KIN2   133   585     70    0.7    2.5    2.4   317   15.3    0.6    3.7    0.00   981.58     0    1.1    2.0    9.3    5.1    8.4   10.6   12.0    -995    -995    -995
 KIN2   133   590     70    0.6    3.0    3.0   315   12.4    0.7    5.0    0.00   981.79     0    1.1    2.1   -995   -995   -995   -995   -995    -995    -995    -995
 KIN2   133   595     70    0.5    3.0    2.8   320   16.3    0.6    4.7    0.00   981.70     0    1.0    2.1   -995   -995   -995   -995   -995    -995    -995    -995
 KIN2   133   600     71    0.5    4.0    3.9   328   15.8    1.0    6.4    0.00   981.48     0    1.0    3.0    9.3    5.0    8.4   10.6   12.0    1.48    1.53    1.52
 KIN2   133   605     71    0.4    2.8    2.7   331   11.9    0.7    4.4    0.00   981.44     0    0.8    2.1   -995   -995   -995   -995   -995    -995    -995    -995
 KIN2   133   610     71    0.4    3.5    3.4   328   13.7    0.9    6.1    0.00   981.29     0    0.7    2.7   -995   -995   -995   -995   -995    -995    -995    -995
 KIN2   133   615     72    0.2    3.1    3.0   331   13.5    0.7    5.2    0.00   981.08     0    0.6    2.3    9.2    4.9    8.4   10.5   12.0    -995    -995    -995
 KIN2   133   620     72    0.2    2.9    2.8   326   15.6    1.1    5.7    0.00   981.12     0    0.6    2.2   -995   -995   -995   -995   -995    -995    -995    -995
 KIN2   133   625     72    0.2    3.0    2.8   323   23.2    1.0    5.1    0.00   981.38     0    0.7    2.3   -995   -995   -995   -995   -995    -995    -995    -995
 KIN2   133   630     71    0.4    2.2    2.1   313   18.5    0.7    4.1    0.00   981.68     0    0.7    1.6    9.2    4.8    8.3   10.5   12.0    1.48    1.52    1.51
 KIN2   133   635     71    0.2    2.0    1.9   326   17.4    0.6    3.6    0.00   981.65     0    0.7    1.5   -995   -995   -995   -995   -995    -995    -995    -995
 KIN2   133   640     71    0.3    3.0    2.9   326   14.9    0.6    4.4    0.00   981.69     0    0.7    2.2   -995   -995   -995   -995   -995    -995    -995    -995
 KIN2   133   645     71    0.2    2.6    2.5   325   14.4    0.7    4.2    0.00   981.70     0    0.7    1.8    9.2    4.7    8.3   10.5   12.0    -995    -995    -995
 KIN2   133   650     71    0.2    3.1    2.9   327   20.9    0.8    5.0    0.00   981.71     0    0.6    2.0   -995   -995   -995   -995   -995    -995    -995    -995
 KIN2   133   655     71    0.2    3.7    3.6   323   15.0    0.9    6.1    0.00   981.73     0    0.6    2.8   -995   -995   -995   -995   -995    -995    -995    -995
 KIN2   133   660     70    0.2    3.6    3.5   325   12.1    1.1    6.5    0.00   981.62     0    0.6    2.8    9.1    4.6    8.2   10.5   12.0    1.48    1.52    1.52
 KIN2   133   665     70    0.3    3.4    3.2   317   17.3    0.9    5.6    0.00   981.76     0    0.6    2.7   -995   -995   -995   -995   -995    -995    -995    -995
 KIN2   133   670     70    0.1    2.1    2.0   302   17.6    0.6    3.6    0.00   982.09     0    0.5    1.7   -995   -995   -995   -995   -995    -995    -995    -995
 KIN2   133   675     71   -0.1    2.4    2.3   304   16.7    0.7    3.8    0.00   982.27     0    0.4    1.8    9.1    4.6    8.2   10.4   12.0    -995    -995    -995
 KIN2   133   680     71   -0.1    2.3    2.2   323   13.6    0.6    3.8    0.00   982.39     0    0.4    1.7   -995   -995   -995   -995   -995    -995    -995    -995
 KIN2   133   685     72   -0.3    2.3    2.3   329   13.0    0.7    4.1    0.00   982.42     0    0.3    1.6   -995   -995   -995   -995   -995    -995    -995    -995
 KIN2   133   690     72   -0.1    2.8    2.7   328   13.0    0.6    4.4    0.00   982.65     0    0.4    2.0    9.1    4.5    8.1   10.4   12.0    1.48    1.53    1.52
 KIN2   133   695     71   -0.4    1.6    1.6   310   15.4    0.6    3.9    0.00   982.78     0    0.2    1.1   -995   -995   -995   -995   -995    -995    -995    -995
 KIN2   133   700     73   -0.4    2.2    2.2   316   10.8    0.5    3.3    0.00   982.75     0    0.0    1.5   -995   -995   -995   -995   -995    -995    -995    -995
 KIN2   133   705     73   -0.7    2.2    2.2   299   11.2    0.5    3.2    0.00   982.94     0    0.0    1.4    9.0    4.5    8.1   10.4   12.0    -995    -995    -995
 KIN2   133   710     74   -0.8    2.2    2.1   299   12.6    0.4    3.5    0.00   983.05     0   -0.1    1.3   -995   -995   -995   -995   -995    -995    -995    -995
 KIN2   133   715     74   -0.6    2.6    2.6   304   11.4    0.5    4.3    0.00   983.22     0   -0.1    1.9   -995   -995   -995   -995   -995    -995    -995    -995
 KIN2   133   720     74   -0.7    2.0    1.9   303   13.1    0.5    3.4    0.00   983.33     0   -0.2    1.2    9.0    4.4    8.1   10.4   12.0    1.48    1.53    1.52
 KIN2   133   725     74   -0.8    1.8    1.7   295   15.7    0.4    2.7    0.00   983.53     0   -0.3    1.0   -995   -995   -995   -995   -995    -995    -995    -995
 KIN2   133   730     75   -0.9    2.0    1.9   314   13.2    0.4    3.1    0.00   983.64     0   -0.4    1.3   -995   -995   -995   -995   -995    -995    -995    -995
 KIN2   133   735     75   -1.1    2.1    2.1   299   11.3    0.5    3.1    0.00   983.84     0   -0.6    1.2    8.9    4.4    8.0   10.4   12.0    -995    -995    -995
 KIN2   133   740     76   -1.3    2.3    2.3   292   10.2    0.4    3.6    0.00   983.88     0   -0.7    1.7   -995   -995   -995   -995   -995    -995    -995    -995
 KIN2   133   745     77   -1.4    1.8    1.8   281   14.0    0.4    3.0    0.00   983.99     0   -0.9    1.1   -995   -995   -995   -995   -995    -995    -995    -995
 KIN2   133   750     78   -1.4    1.1    1.0   240   23.1    0.3    2.0    0.00   984.45     0   -0.9    0.6    8.9    4.3    8.0   10.4   12.0    1.48    1.53    1.52
 KIN2   133   755     78   -1.8    0.4    0.3   254   30.7    0.2    1.1    0.00   984.56     0   -1.0    0.0   -995   -995   -995   -995   -995    -995    -995    -995
 KIN2   133   760     79   -1.6    0.6    0.6   299   21.0    0.3    1.3    0.00   984.58     0   -1.1    0.0   -995   -995   -995   -995   -995    -995    -995    -995
 KIN2   133   765     79   -1.6    1.4    1.4   299   12.2    0.4    2.4    0.00   984.56     0   -1.0    0.5    8.9    4.3    8.0   10.4   12.0    -995    -995    -995
 KIN2   133   770     78   -1.7    1.8    1.8   305    8.4    0.4    3.0    0.00   984.63     0   -1.1    1.0   -995   -995   -995   -995   -995    -995    -995    -995
 KIN2   133   775     78   -1.9    2.3    2.2   304    9.6    0.3    3.1    0.00   984.67     0   -1.2    1.2   -995   -995   -995   -995   -995    -995    -995    -995
 KIN2   133   780     79   -1.8    2.4    2.4   309   10.4    0.5    4.0    0.00   984.70     0   -1.2    1.5    8.9    4.2    7.9   10.3   12.0    1.48    1.53    1.51
 KIN2   133   785     79   -1.7    2.6    2.5   304   12.8    0.6    4.2    0.00   984.83     0   -1.3    1.8   -995   -995   -995   -995   -995    -995    -995    -995
 KIN2   133   790     79   -1.8    2.3    2.2   302   12.3    0.5    3.7    0.00   984.98     1   -1.3    1.4   -995   -995   -995   -995   -995    -995    -995    -995
 KIN2   133   795     79   -1.7    2.3    2.3   310   12.5    0.7    4.3    0.00   985.17     2   -1.3    1.3    8.8    4.2    7.8   10.3   12.0    -995    -995    -995
 KIN2   133   800     79   -1.7    1.0    0.9   309   27.4    0.5    2.3    0.00   985.40     4   -1.3    0.3   -995   -995   -995   -995   -995    -995    -995    -995
 KIN2   133   805     78   -2.0    0.9    0.9   302   15.6    0.5    2.2    0.00   985.57     7   -1.4    0.1   -995   -995   -995   -995   -995    -995    -995    -995
 KIN2   133   810     79   -1.9    1.4    1.3   295   12.2    0.2    2.1    0.00   985.74    12   -1.3    0.6    8.8    4.1    7.8   10.2   12.0    1.47    1.52    1.52
 KIN2   133   815     80   -1.9    1.9    1.8   305   12.1    0.5    3.2    0.00   985.86    16   -1.3    1.3   -995   -995   -995   -995   -995    -995    -995    -995
 KIN2   133   820     79   -1.7    2.3    2.2   308   13.8    0.6    3.9    0.00   985.96    23   -1.3    1.4   -995   -995   -995   -995   -995    -995    -995    -995
 KIN2   133   825     79   -1.7    1.9    1.8   306   15.6    0.4    2.9    0.00   986.22    24   -1.3    1.2    8.7    4.0    7.7   10.2   11.9    -995    -995    -995
 KIN2   133   830     79   -1.6    2.0    1.9   306   16.8    0.6    4.0    0.00   986.35    30   -1.2    1.2   -995   -995   -995   -995   -995    -995    -995    -995
 KIN2   133   835     78   -1.3    1.4    1.4   297   17.7    0.4    2.5    0.00   986.67    53   -1.1    0.6   -995   -995   -995   -995   -995    -995    -995    -995
 KIN2   133   840     77   -1.2    1.9    1.9   304   14.5    0.7    3.8    0.00   986.83    76   -0.9    1.3    8.6    4.0    7.6   10.1   11.9    1.48    1.54    1.53
 KIN2   133   845     76   -1.0    2.5    2.5   309   11.0    0.5    4.1    0.00   986.97    94   -0.8    2.0   -995   -995   -995   -995   -995    -995    -995    -995
 KIN2   133   850     76   -0.9    2.8    2.7   315   15.3    0.6    4.3    0.00   987.06   120   -0.7    2.2   -995   -995   -995   -995   -995    -995    -995    -995
 KIN2   133   855     75   -0.7    3.2    3.1   316   11.5    0.5    4.4    0.00   987.31   131   -0.5    2.5    8.6    3.9    7.5   10.1   11.8    -995    -995    -995
 KIN2   133   860     74   -0.5    3.2    3.1   317   12.3    0.6    4.6    0.00   987.35   136   -0.4    2.6   -995   -995   -995   -995   -995    -995    -995    -995
 KIN2   133   865     73   -0.4    2.8    2.8   320   13.0    0.9    4.9    0.00   987.36   136   -0.3    2.3   -995   -995   -995   -995   -995    -995    -995    -995
 KIN2   133   870     73   -0.3    3.3    3.2   320   13.3    0.9    6.2    0.00   987.53   171   -0.2    2.7    8.5    3.8    7.5   10.0   11.8    1.48    1.53    1.52
 KIN2   133   875     72   -0.1    2.8    2.7   322   12.8    0.9    5.1    0.00   987.59   172   -0.1    2.2   -995   -995   -995   -995   -995    -995    -995    -995
 KIN2   133   880     71    0.0    2.9    2.8   315   15.3    0.9    5.3    0.00   987.74   206    0.0    2.1   -995   -995   -995   -995   -995    -995    -995    -995
 KIN2   133   885     70    0.2    3.5    3.4   316   11.7    1.1    6.3    0.00   988.05   228    0.1    2.7    8.4    3.7    7.5   10.0   11.7    -995    -995    -995
 KIN2   133   890     69    0.4    3.3    3.2   325   13.7    1.2    5.6    0.00   988.12   241    0.3    2.5   -995   -995   -995   -995   -995    -995    -995    -995
 KIN2   133   895     69    0.4    3.4    3.3   325   14.6    0.9    5.5    0.00   988.20   239    0.3    2.7   -995   -995   -995   -995   -995    -995    -995    -995
 KIN2   133   900     68    0.7    3.4    3.3   324   14.5    0.8    5.2    0.00   988.22   251    0.5    2.7    8.4    3.6    7.5    9.9   11.7    1.48    1.52    1.52
 KIN2   133   905     68    0.8    4.1    4.0   333   12.5    0.9    6.1    0.00   988.11   279    0.5    3.2   -995   -995   -995   -995   -995    -995    -995    -995
 KIN2   133   910     67    1.0    4.2    4.0   340   18.1    0.9    5.9    0.00   988.00   284    0.7    3.4   -995   -995   -995   -995   -995    -995    -995    -995
 KIN2   133   915     66    1.2    4.0    3.9   347   14.3    0.9    5.7    0.00   988.01   285    0.9    3.1    8.4    3.6    7.5    9.9   11.7    -995    -995    -995
 KIN2   133   920     65    1.2    5.0    4.8   352   15.2    1.0    7.4    0.00   988.04   303    0.7    4.0   -995   -995   -995   -995   -995    -995    -995    -995
 KIN2   133   925     66    1.4    4.0    3.8   350   14.5    0.9    6.2    0.00   988.13   319    1.0    3.2   -995   -995   -995   -995   -995    -995    -995    -995
 KIN2   133   930     64    1.4    4.6    4.4   358   14.2    0.8    6.3    0.00   988.16   296    1.1    3.9    8.4    3.6    7.6    9.9   11.8    1.49    1.53    1.52
 KIN2   133   935     63    1.6    5.0    4.8     4   15.0    0.7    6.8    0.00   988.17   324    1.3    4.1   -995   -995   -995   -995   -995    -995    -995    -995
 KIN2   133   940     62    2.0    5.2    5.1    10   11.2    0.9    7.5    0.00   988.23   333    1.5    4.2   -995   -995   -995   -995   -995    -995    -995    -995
 KIN2   133   945     61    2.0    5.5    5.4     3   13.2    0.9    7.2    0.00   988.35   345    1.6    4.5    8.4    3.6    7.7    9.9   11.8    -995    -995    -995
 KIN2   133   950     60    2.1    5.2    4.9     3   19.9    0.8    7.3    0.00   988.34   362    1.7    4.3   -995   -995   -995   -995   -995    -995    -995    -995
 KIN2   133   955     60    2.1    5.0    4.9     5    9.4    0.8    7.0    0.00   988.34   342    1.7    4.0   -995   -995   -995   -995   -995    -995    -995    -995
 KIN2   133   960     60    2.5    5.0    5.0    14    8.8    0.8    6.7    0.00   988.25   370    2.0    4.2    8.4    3.7    7.8    9.9   11.8    1.48    1.52    1.52
 KIN2   133   965     60    2.7    4.9    4.8     8   10.1    0.7    6.9    0.00   988.19   348    2.2    4.2   -995   -995   -995   -995   -995    -995    -995    -995
 KIN2   133   970     58    3.1    5.1    5.0     9   11.5    0.9    7.0    0.00   988.06   330    2.5    3.9   -995   -995   -995   -995   -995    -995    -995    -995
 KIN2   133   975     56    3.2    5.6    5.5    13    9.6    1.0    8.8    0.00   988.19   394    2.7    4.8    8.4    3.8    7.9    9.9   11.8    -995    -995    -995
 KIN2   133   980     56    2.9    5.5    5.3    10   15.3    0.9    7.3    0.00   988.22   303    2.5    4.4   -995   -995   -995   -995   -995    -995    -995    -995
 KIN2   133   985     57    3.3    5.0    4.9    13   11.2    0.9    6.9    0.00   988.05   358    2.8    4.2   -995   -995   -995   -995   -995    -995    -995    -995
 KIN2   133   990     56    3.4    5.4    5.3    13   10.0    1.2    7.6    0.00   988.13   425    2.9    4.5    8.5    4.0    8.0    9.9   11.8    1.48    1.52    1.52
 KIN2   133   995     56    3.8    4.2    4.0    11   15.7    0.9    7.1    0.00   988.53   459    3.1    3.6   -995   -995   -995   -995   -995    -995    -995    -995
 KIN2   133  1000     55    4.1    4.2    3.9    12   20.4    0.9    6.2    0.00   988.71   487    3.2    3.6   -995   -995   -995   -995   -995    -995    -995    -995
 KIN2   133  1005     54    3.8    4.0    3.9    19   15.3    0.7    5.2    0.00   988.77   375    3.3    3.4    8.5    4.2    8.1    9.9   11.8    -995    -995    -995
 KIN2   133  1010     55    4.0    4.6    4.4     1   15.1    1.0    6.6    0.00   988.57   414    3.3    3.7   -995   -995   -995   -995   -995    -995    -995    -995
 KIN2   133  1015     54    4.1    4.3    4.1     2   17.8    0.8    5.9    0.00   988.62   425    3.4    3.4   -995   -995   -995   -995   -995    -995    -995    -995
 KIN2   133  1020     54    4.3    3.6    3.5     5   14.1    0.8    5.1    0.00   988.82   560    3.8    3.0    8.5    4.4    8.2    9.9   11.8    1.48    1.52    1.52
 KIN2   133  1025     52    4.8    4.7    4.6    19   11.0    0.8    6.2    0.00   988.79   570    4.0    3.7   -995   -995   -995   -995   -995    -995    -995    -995
 KIN2   133  1030     51    4.8    4.4    4.2     8   18.4    0.9    6.4    0.00   988.80   605    4.0    3.7   -995   -995   -995   -995   -995    -995    -995    -995
 KIN2   133  1035     50    4.9    4.4    4.3    19   11.7    0.8    6.0    0.00   988.93   606    4.2    3.8    8.5    4.6    8.3    9.9   11.8    -995    -995    -995
 KIN2   133  1040     50    5.1    4.5    4.3     6   13.4    0.9    6.5    0.00   988.90   595    4.2    3.8   -995   -995   -995   -995   -995    -995    -995    -995
 KIN2   133  1045     50    5.3    3.7    3.5   346   19.7    0.8    6.0    0.00   988.82   626    4.6    2.8   -995   -995   -995   -995   -995    -995    -995    -995
 KIN2   133  1050     48    5.2    4.2    4.0   353   18.9    0.7    6.0    0.00   988.81   567    4.5    3.5    8.5    4.8    8.5    9.9   11.8    1.48    1.53    1.53
 KIN2   133  1055     49    5.1    4.3    4.2    17   12.8    0.7    5.7    0.00   988.77   476    4.4    3.6   -995   -995   -995   -995   -995    -995    -995    -995
 KIN2   133  1060     49    5.2    3.7    3.4     7   22.2    0.9    5.6    0.00   988.65   590    4.5    3.3   -995   -995   -995   -995   -995    -995    -995    -995
 KIN2   133  1065     47    5.7    4.4    4.3   353   12.8    0.6    5.9    0.00   988.70   596    4.8    3.8    8.6    5.2    8.7    9.9   11.8    -995    -995    -995
 KIN2   133  1070     47    5.4    3.2    3.1    15   17.7    0.6    4.6    0.00   988.72   509    4.7    2.8   -995   -995   -995   -995   -995    -995    -995    -995
 KIN2   133  1075     47    5.3    3.6    3.3   346   22.2    0.9    5.6    0.00   988.69   431    4.7    3.0   -995   -995   -995   -995   -995    -995    -995    -995
 KIN2   133  1080     47    5.6    2.8    2.7   342   17.5    0.6    4.5    0.00   988.70   615    5.0    2.5    8.6    5.5    8.9    9.9   11.8    1.49    1.52    1.53
 KIN2   133  1085     46    5.5    3.0    2.9   336   12.1    0.9    5.5    0.00   988.65   475    4.9    2.7   -995   -995   -995   -995   -995    -995    -995    -995
 KIN2   133  1090     47    5.7    2.8    2.7   336   15.0    0.9    5.0    0.00   988.51   676    4.9    2.2   -995   -995   -995   -995   -995    -995    -995    -995
 KIN2   133  1095     47    6.3    3.3    3.1    29   15.4    0.7    4.9    0.00   988.38   728    5.4    2.9    8.7    5.9    9.0    9.9   11.8    -995    -995    -995
 KIN2   133  1100     46    5.8    3.6    3.6    45   10.8    1.0    5.9    0.00   988.17   705    5.0    3.3   -995   -995   -995   -995   -995    -995    -995    -995
 KIN2   133  1105     47    5.6    3.1    3.0    46   11.7    0.7    4.3    0.00   988.13   545    5.0    2.7   -995   -995   -995   -995   -995    -995    -995    -995
 KIN2   133  1110     46    5.5    2.2    2.0   350   25.2    0.7    3.9    0.00   988.21   415    5.1    1.7    8.7    6.1    9.1    9.9   11.8    1.48    1.53    1.52
 KIN2   133  1115     46    5.8    1.7    1.5    21   30.4    0.7    3.4    0.00   988.11   470    5.5    1.2   -995   -995   -995   -995   -995    -995    -995    -995
 KIN2   133  1120     45    6.0    2.5    2.3    12   19.5    0.8    4.1    0.00   988.03   473    5.5    2.0   -995   -995   -995   -995   -995    -995    -995    -995
 KIN2   133  1125     45    5.9    2.7    2.5   352   20.6    0.9    4.1    0.00   988.02   468    5.5    1.9    8.9    6.5    9.3    9.9   11.9    -995    -995    -995
 KIN2   133  1130     45    6.1    3.3    3.2   352   15.4    0.5    4.4    0.00   987.95   433    5.5    2.8   -995   -995   -995   -995   -995    -995    -995    -995
 KIN2   133  1135     45    5.6    1.5    1.4    21   19.0    0.8    3.4    0.00   987.91   400    5.3    1.1   -995   -995   -995   -995   -995    -995    -995    -995
 KIN2   133  1140     45    5.6    1.3    1.2   305   13.7    0.5    2.4    0.00   987.93   333    5.4    0.8    9.0    6.9    9.5    9.9   11.9    1.49    1.53    1.52
 KIN2   133  1145     44    6.1    1.9    1.7   352   22.5    0.9    3.6    0.00   987.96   570    5.7    1.2   -995   -995   -995   -995   -995    -995    -995    -995
 KIN2   133  1150     43    6.1    2.5    2.3   359   20.7    0.7    4.7    0.00   987.87   561    5.7    2.1   -995   -995   -995   -995   -995    -995    -995    -995
 KIN2   133  1155     44    6.2    2.7    2.5     1   23.3    0.7    4.1    0.00   987.77   700    5.8    2.3    9.0    7.1    9.6    9.9   11.9    -995    -995    -995
 KIN2   133  1160     43    6.3    2.3    2.3   334   11.7    0.6    3.8    0.00   987.71   546    5.7    2.0   -995   -995   -995   -995   -995    -995    -995    -995
 KIN2   133  1165     43    6.7    2.8    2.5   352   26.2    1.0    4.6    0.00   987.63   618    5.9    2.3   -995   -995   -995   -995   -995    -995    -995    -995
 KIN2   133  1170     42    6.6    3.4    3.3     3   12.8    1.0    5.3    0.00   987.64   609    5.9    2.8    9.1    7.3    9.6    9.9   11.9    1.48    1.52    1.52
 KIN2   133  1175     42    6.3    2.6    2.4   356   23.5    0.9    4.3    0.00   987.66   360    5.7    2.2   -995   -995   -995   -995   -995    -995    -995    -995
 KIN2   133  1180     43    6.4    2.6    2.4   357   23.5    0.8    4.1    0.00   987.65   442    6.0    2.3   -995   -995   -995   -995   -995    -995    -995    -995
 KIN2   133  1185     43    6.8    3.0    2.8   360   18.7    0.9    5.2    0.00   987.76   486    6.2    2.4    9.1    7.6    9.7    9.9   11.8    -995    -995    -995
 KIN2   133  1190     42    6.8    2.4    2.1   353   28.5    0.6    3.8    0.00   987.70   552    6.4    2.0   -995   -995   -995   -995   -995    -995    -995    -995
 KIN2   133  1195     41    7.1    3.0    2.3   355   38.0    0.8    4.6    0.00   987.60   561    6.6    2.6   -995   -995   -995   -995   -995    -995    -995    -995
 KIN2   133  1200     41    7.4    3.4    3.2   359   21.2    0.6    4.7    0.00   987.50   483    6.6    2.9    9.2    7.8    9.8    9.9   11.9    1.48    1.53    1.53
 KIN2   133  1205     40    6.6    2.9    2.8   355   14.4    1.0    5.1    0.00   987.33   280    6.1    2.4   -995   -995   -995   -995   -995    -995    -995    -995
 KIN2   133  1210     42    6.6    3.2    3.1     5   15.8    1.1    5.3    0.00   987.31   246    6.2    2.5   -995   -995   -995   -995   -995    -995    -995    -995
 KIN2   133  1215     42    6.6    3.4    3.2   347   19.4    0.6    4.4    0.00   987.42   364    6.2    2.7    9.3    8.0    9.9   10.0   11.9    -995    -995    -995
 KIN2   133  1220     42    7.0    2.6    2.4   345   20.3    0.7    4.1    0.00   987.46   415    6.4    2.1   -995   -995   -995   -995   -995    -995    -995    -995
 KIN2   133  1225     41    7.1    2.5    2.4   342   19.8    0.8    4.1    0.00   987.50   259    6.6    2.0   -995   -995   -995   -995   -995    -995    -995    -995
 KIN2   133  1230     41    6.7    2.9    2.8    11   14.1    0.9    4.6    0.00   987.53   215    6.4    2.3    9.4    8.2   10.0   10.1   12.0    1.48    1.53    1.53
 KIN2   133  1235     42    6.5    2.8    2.7   355   16.0    0.5    4.1    0.00   987.50   195    6.3    2.3   -995   -995   -995   -995   -995    -995    -995    -995
 KIN2   133  1240     42    6.5    2.0    1.9     8   17.6    0.4    2.8    0.00   987.49   200    6.3    1.6   -995   -995   -995   -995   -995    -995    -995    -995
 KIN2   133  1245     42    6.6    2.4    2.3    21   15.0    0.5    3.6    0.00   987.44   187    6.4    2.0    9.5    8.4   10.0   10.1   12.0    -995    -995    -995
 KIN2   133  1250     43    6.5    2.5    2.4    45    9.0    0.5    3.5    0.00   987.39   174    6.4    2.1   -995   -995   -995   -995   -995    -995    -995    -995
 KIN2   133  1255     43    6.4    2.1    2.0    54    9.2    0.5    2.9    0.00   987.47   155    6.3    1.7   -995   -995   -995   -995   -995    -995    -995    -995
 KIN2   133  1260     44    6.3    2.2    2.2    59    7.4    0.4    3.2    0.00   987.54   138    6.3    1.7    9.6    8.5   10.1   10.2   12.1    1.48    1.53    1.53
 KIN2   133  1265     43    6.3    1.4    1.4    51    9.2    0.4    2.2    0.00   987.63   133    6.2    1.1   -995   -995   -995   -995   -995    -995    -995    -995
 KIN2   133  1270     44    6.3    1.8    1.7    67   12.8    0.3    2.4    0.00   987.79   124    6.3    1.3   -995   -995   -995   -995   -995    -995    -995    -995
 KIN2   133  1275     43    6.2    1.2    1.1    47   24.5    0.2    1.6    0.00   987.95   104    6.2    0.8    9.6    8.5   10.0   10.2   12.1    -995    -995    -995
 KIN2   133  1280     43    6.2    0.8    0.8    88   13.4    0.4    1.7    0.00   988.06    91    6.2    0.2   -995   -995   -995   -995   -995    -995    -995    -995
 KIN2   133  1285     43    6.2    0.5    0.5   140   25.0    0.2    1.0    0.00   988.16    84    6.2    0.0   -995   -995   -995   -995   -995    -995    -995    -995
 KIN2   133  1290     42    6.2    0.0    0.0   182   14.2    0.1    0.4    0.00   988.06    79    6.3    0.0    9.6    8.5   10.0   10.2   12.1    1.48    1.53    1.53
 KIN2   133  1295     44    6.2    0.9    0.9    27   22.8    0.5    2.0    0.00   988.02    93    6.3    0.2   -995   -995   -995   -995   -995    -995    -995    -995
 KIN2   133  1300     45    6.3    1.5    1.5    17    9.5    0.4    2.3    0.00   988.04   111    6.3    1.1   -995   -995   -995   -995   -995    -995    -995    -995
 KIN2   133  1305     44    6.3    1.5    1.5    14    9.9    0.3    2.1    0.00   988.05   114    6.3    1.1    9.6    8.4    9.9   10.2   12.1    -995    -995    -995
 KIN2   133  1310     44    6.2    1.5    1.4    29   11.9    0.3    2.0    0.00   988.11    91    6.3    1.2   -995   -995   -995   -995   -995    -995    -995    -995
 KIN2   133  1315     45    6.2    1.4    1.3     8   13.1    0.2    1.8    0.00   988.15    87    6.3    0.9   -995   -995   -995   -995   -995    -995    -995    -995
 KIN2   133  1320     46    6.2    2.4    2.3     8    8.7    0.5    3.3    0.00   987.96    85    6.2    1.9    9.6    8.4    9.9   10.2   12.0    1.48    1.53    1.53
 KIN2   133  1325     46    6.1    3.2    3.1     7   11.3    0.5    4.3    0.00   987.72    82    6.1    2.4   -995   -995   -995   -995   -995    -995    -995    -995
 KIN2   133  1330     47    6.0    3.3    3.2     9   12.5    0.5    4.6    0.00   987.61    75    6.1    2.6   -995   -995   -995   -995   -995    -995    -995    -995
 KIN2   133  1335     47    5.9    3.2    3.2     6   11.2    0.6    4.6    0.00   987.60    59    6.0    2.5    9.7    8.3    9.8   10.2   12.0    -995    -995    -995
 KIN2   133  1340     47    5.9    2.6    2.5     8   18.0    0.5    4.0    0.00   987.79    50    6.0    2.0   -995   -995   -995   -995   -995    -995    -995    -995
 KIN2   133  1345     48    5.8    2.6    2.6     6   10.4    0.4    3.8    0.00   987.81    48    6.0    1.9   -995   -995   -995   -995   -995    -995    -995    -995
 KIN2   133  1350     48    5.7    2.4    2.3    12    9.1    0.4    3.0    0.00   987.86    42    5.9    1.7    9.7    8.3    9.8   10.2   12.0    1.48    1.53    1.53
 KIN2   133  1355     47    5.7    2.2    2.2    10    8.1    0.3    2.8    0.00   987.83    34    5.9    1.7   -995   -995   -995   -995   -995    -995    -995    -995
 KIN2   133  1360     48    5.6    2.1    2.1    12    6.9    0.3    2.8    0.00   987.79    28    5.9    1.5   -995   -995   -995   -995   -995    -995    -995    -995
 KIN2   133  1365     49    5.6    1.6    1.5    17    8.9    0.4    2.7    0.00   987.88    24    5.8    0.9    9.7    8.2    9.7   10.2   12.0    -995    -995    -995
 KIN2   133  1370     49    5.6    1.2    1.1    24   10.6    0.2    1.5    0.00   987.92    20    5.8    0.5   -995   -995   -995   -995   -995    -995    -995    -995
 KIN2   133  1375     49    5.5    1.2    1.1    20    7.2    0.1    1.5    0.00   988.03    17    5.8    0.2   -995   -995   -995   -995   -995    -995    -995    -995
 KIN2   133  1380     50    5.4    1.3    1.3    19    6.8    0.2    1.7    0.00   988.15    13    5.8    0.6    9.7    8.1    9.7   10.2   12.0    1.47    1.53    1.52
 KIN2   133  1385     50    5.4    0.6    0.6    12    5.7    0.3    1.2    0.00   988.29     9    5.8    0.0   -995   -995   -995   -995   -995    -995    -995    -995
 KIN2   133  1390     50    5.4    0.7    0.7     8    5.2    0.1    1.1    0.00   988.31     5    5.7    0.0   -995   -995   -995   -995   -995    -995    -995    -995
 KIN2   133  1395     50    5.4    1.0    1.0    12   13.4    0.2    1.5    0.00   988.26     3    5.7    0.2    9.7    8.0    9.6   10.2   12.0    -995    -995    -995
 KIN2   133  1400     50    5.3    1.3    1.2     3    9.2    0.3    1.9    0.00   988.31     1    5.7    0.5   -995   -995   -995   -995   -995    -995    -995    -995
 KIN2   133  1405     51    5.2    1.1    1.1     9    5.8    0.2    1.6    0.00   988.33     1    5.6    0.1   -995   -995   -995   -995   -995    -995    -995    -995
 KIN2   133  1410     52    5.1    1.3    1.3    18    6.9    0.2    1.9    0.00   988.34     1    5.5    0.5    9.6    7.9    9.6   10.2   12.0    1.48    1.53    1.53
 KIN2   133  1415     53    5.0    1.5    1.4    20    8.3    0.2    2.1    0.00   988.37     0    5.4    0.7   -995   -995   -995   -995   -995    -995    -995    -995
 KIN2   133  1420     54    4.9    1.4    1.4    24    6.8    0.2    1.9    0.00   988.31     0    5.4    0.4   -995   -995   -995   -995   -995    -995    -995    -995
 KIN2   133  1425     55    4.9    1.5    1.4    32    6.0    0.2    2.1    0.00   988.30     0    5.3    0.8    9.6    7.8    9.5   10.3   12.0    -995    -995    -995
 KIN2   133  1430     55    4.8    1.6    1.6    37    6.9    0.2    2.0    0.00   988.25     0    5.3    1.0   -995   -995   -995   -995   -995    -995    -995    -995
 KIN2   133  1435     55    4.8    1.5    1.5    37    7.7    0.2    2.0    0.00   988.29     0    5.3    0.8   -995   -995   -995   -995   -995    -995    -995    -995
</pre>