<pre>  101 ! (c) 2019 Oklahoma Climatological Survey and the Oklahoma Mesonet - all rights reserved
  21 2019 01 23 00 00 00
 STID  STNM  TIME   RELH   TAIR   WSPD   WVEC  WDIR   WDSD   WSSD   WMAX    RAIN     PRES  SRAD   TA9M   WS2M   TS10   TB10   TS05   TS25   TS60    TR05    TR25    TR60
 KIN2   133     0     78   -1.9    5.9    5.7   338   13.5    1.3   10.1    0.00   979.28     1   -1.9    4.8    6.0    4.8    5.4    6.9    7.8    1.46    1.56    1.40
 KIN2   133     5     78   -1.9    5.7    5.4   337   18.8    1.1    8.9    0.00   979.27     0   -1.8    4.6   -995   -995   -995   -995   -995    -995    -995    -995
 KIN2   133    10     77   -1.8    5.8    5.5   337   17.0    1.3    9.8    0.00   979.13     0   -1.8    4.7   -995   -995   -995   -995   -995    -995    -995    -995
 KIN2   133    15     77   -1.8    5.6    5.4   336   17.6    1.1    8.1    0.00   979.09     0   -1.7    4.5    6.0    4.7    5.3    6.9    7.8    -995    -995    -995
 KIN2   133    20     75   -1.9    7.7    7.4   340   15.2    1.5   11.5    0.00   979.19     0   -1.9    6.6   -995   -995   -995   -995   -995    -995    -995    -995
 KIN2   133    25     74   -2.0    7.2    6.9   336   15.7    1.2   10.6    0.00   979.32     0   -2.0    5.6   -995   -995   -995   -995   -995    -995    -995    -995
 KIN2   133    30     73   -2.0    6.8    6.6   338   13.2    1.6   10.5    0.00   979.51     0   -2.0    5.4    5.9    4.6    5.3    6.9    7.8    1.46    1.55    1.40
 KIN2   133    35     72   -1.9    7.1    7.0   330   11.6    1.3    9.9    0.00   979.73     0   -1.9    5.5   -995   -995   -995   -995   -995    -995    -995    -995
 KIN2   133    40     72   -1.9    6.9    6.7   326   13.2    1.4   10.9    0.00   979.92     0   -1.9    5.2   -995   -995   -995   -995   -995    -995    -995    -995
 KIN2   133    45     71   -1.9    7.2    7.0   323   13.0    1.7   12.1    0.00   980.11     0   -1.9    5.7    5.9    4.5    5.2    6.8    7.8    -995    -995    -995
 KIN2   133    50     70   -1.9    7.4    7.2   330   11.7    1.5   11.2    0.00   980.29     0   -1.9    5.8   -995   -995   -995   -995   -995    -995    -995    -995
 KIN2   133    55     70   -1.9    7.6    7.2   335   16.9    1.4   11.1    0.00   980.33     0   -1.9    6.1   -995   -995   -995   -995   -995    -995    -995    -995
 KIN2   133    60     69   -2.0    6.9    6.6   331   17.9    1.5   10.2    0.00   980.32     0   -1.9    5.4    5.9    4.4    5.2    6.8    7.8    1.45    1.54    1.40
 KIN2   133    65     69   -1.9    6.3    6.2   328   11.5    1.3    9.2    0.00   980.50     0   -1.9    4.9   -995   -995   -995   -995   -995    -995    -995    -995
 KIN2   133    70     69   -1.9    6.9    6.8   333   10.8    1.6   11.5    0.00   980.57     0   -1.9    5.4   -995   -995   -995   -995   -995    -995    -995    -995
 KIN2   133    75     69   -1.9    6.3    6.1   321   11.9    1.5    9.5    0.00   980.71     0   -1.9    4.8    5.8    4.4    5.1    6.8    7.8    -995    -995    -995
 KIN2   133    80     68   -2.0    7.5    7.3   321   12.6    1.6   11.4    0.00   980.75     0   -1.9    6.0   -995   -995   -995   -995   -995    -995    -995    -995
 KIN2   133    85     67   -2.1    7.1    6.9   328   12.4    1.6   12.4    0.00   980.59     0   -2.0    5.7   -995   -995   -995   -995   -995    -995    -995    -995
 KIN2   133    90     66   -2.2    7.5    7.3   337   12.8    1.0    9.8    0.00   980.31     0   -2.1    6.1    5.8    4.3    5.0    6.8    7.8    1.45    1.55    1.40
 KIN2   133    95     66   -2.2    6.1    5.9   332   12.5    1.2    9.0    0.00   979.99     0   -2.1    4.9   -995   -995   -995   -995   -995    -995    -995    -995
 KIN2   133   100     65   -2.2    7.0    6.6   334   19.4    1.7   10.3    0.00   979.78     0   -2.1    5.3   -995   -995   -995   -995   -995    -995    -995    -995
 KIN2   133   105     65   -2.2    5.9    5.7   333   13.6    1.4   10.6    0.00   980.14     0   -2.1    4.7    5.8    4.2    5.0    6.8    7.8    -995    -995    -995
 KIN2   133   110     65   -2.1    5.7    5.6   331   11.9    1.5    9.2    0.00   980.37     0   -2.1    4.5   -995   -995   -995   -995   -995    -995    -995    -995
 KIN2   133   115     64   -2.2    6.9    6.7   335   12.0    1.6   10.4    0.00   980.58     0   -2.1    5.6   -995   -995   -995   -995   -995    -995    -995    -995
 KIN2   133   120     64   -2.3    6.1    6.0   336   12.6    1.7    9.5    0.00   980.76     0   -2.2    5.2    5.7    4.2    4.9    6.8    7.8    1.45    1.56    1.39
 KIN2   133   125     64   -2.3    6.5    6.3   332   15.1    1.9   11.0    0.00   980.93     0   -2.3    5.2   -995   -995   -995   -995   -995    -995    -995    -995
 KIN2   133   130     64   -2.3    5.2    5.1   338   11.9    1.1    8.4    0.00   980.78     0   -2.3    4.4   -995   -995   -995   -995   -995    -995    -995    -995
 KIN2   133   135     66   -2.3    4.5    4.4   340   12.1    1.1    7.3    0.00   980.77     0   -2.3    3.7    5.7    4.1    4.9    6.8    7.8    -995    -995    -995
 KIN2   133   140     65   -2.4    5.5    5.2   338   17.7    1.5    9.1    0.00   980.60     0   -2.3    4.2   -995   -995   -995   -995   -995    -995    -995    -995
 KIN2   133   145     65   -2.3    5.7    5.6   334   10.8    1.3    9.1    0.00   980.71     0   -2.3    4.4   -995   -995   -995   -995   -995    -995    -995    -995
 KIN2   133   150     65   -2.3    5.0    4.9   330   11.4    1.2    7.6    0.00   980.94     0   -2.2    3.9    5.6    4.0    4.8    6.8    7.8    1.45    1.55    1.41
 KIN2   133   155     66   -2.2    6.2    6.1   317   12.9    1.3    9.0    0.00   980.97     0   -2.2    5.0   -995   -995   -995   -995   -995    -995    -995    -995
 KIN2   133   160     66   -2.3    6.2    6.1   319   13.1    1.3    9.2    0.00   981.08     0   -2.3    4.8   -995   -995   -995   -995   -995    -995    -995    -995
 KIN2   133   165     66   -2.3    6.4    6.2   325   14.5    1.1    9.5    0.00   981.44     0   -2.3    5.1    5.6    4.0    4.8    6.7    7.8    -995    -995    -995
 KIN2   133   170     65   -2.4    7.0    6.8   326   12.1    1.5   11.1    0.00   981.66     0   -2.4    5.6   -995   -995   -995   -995   -995    -995    -995    -995
 KIN2   133   175     65   -2.5    6.4    6.3   323   13.4    1.4    9.9    0.00   981.67     0   -2.5    5.2   -995   -995   -995   -995   -995    -995    -995    -995
 KIN2   133   180     65   -2.6    7.0    6.8   330   11.6    1.9   11.8    0.00   981.36     0   -2.5    5.6    5.6    3.9    4.7    6.7    7.8    1.45    1.55    1.40
 KIN2   133   185     64   -2.6    6.2    6.1   330   13.1    1.2    9.2    0.00   981.26     0   -2.6    5.4   -995   -995   -995   -995   -995    -995    -995    -995
 KIN2   133   190     64   -2.6    6.1    6.0   329   10.7    1.3    9.5    0.00   981.25     0   -2.6    4.9   -995   -995   -995   -995   -995    -995    -995    -995
 KIN2   133   195     64   -2.7    7.0    6.8   326   13.2    1.7   11.6    0.00   981.08     0   -2.6    5.5    5.5    3.9    4.7    6.7    7.8    -995    -995    -995
 KIN2   133   200     64   -2.8    7.4    7.0   334   18.4    1.9   11.1    0.00   981.02     0   -2.7    6.2   -995   -995   -995   -995   -995    -995    -995    -995
 KIN2   133   205     63   -2.9    7.1    6.9   332   13.0    1.3   10.7    0.00   981.28     0   -2.8    5.8   -995   -995   -995   -995   -995    -995    -995    -995
 KIN2   133   210     64   -2.9    6.7    6.6   328   12.0    1.5   11.0    0.00   981.57     0   -2.8    5.5    5.5    3.8    4.7    6.7    7.8    1.45    1.56    1.40
 KIN2   133   215     63   -3.0    6.3    6.1   326   13.7    1.5    9.4    0.00   981.73     0   -2.9    5.0   -995   -995   -995   -995   -995    -995    -995    -995
 KIN2   133   220     64   -3.2    5.6    5.5   326   12.3    1.3    8.8    0.00   981.70     0   -3.0    4.2   -995   -995   -995   -995   -995    -995    -995    -995
 KIN2   133   225     66   -3.2    5.0    4.9   323   10.3    1.6    9.1    0.00   981.68     0   -3.0    3.7    5.5    3.8    4.6    6.7    7.8    -995    -995    -995
 KIN2   133   230     67   -3.2    6.1    5.9   324   13.0    1.2    9.1    0.00   981.41     0   -3.1    4.8   -995   -995   -995   -995   -995    -995    -995    -995
 KIN2   133   235     68   -3.3    6.0    5.8   324   13.6    1.3    9.6    0.00   981.11     0   -3.2    4.6   -995   -995   -995   -995   -995    -995    -995    -995
 KIN2   133   240     69   -3.3    5.4    5.2   326   13.5    1.0    7.8    0.00   981.21     0   -3.2    4.1    5.4    3.7    4.6    6.7    7.8    1.45    1.55    1.39
 KIN2   133   245     69   -3.3    6.1    5.8   334   18.2    1.2    9.1    0.00   981.27     0   -3.2    4.7   -995   -995   -995   -995   -995    -995    -995    -995
 KIN2   133   250     66   -3.5    6.2    5.9   332   17.4    1.4    9.2    0.00   981.28     0   -3.3    5.0   -995   -995   -995   -995   -995    -995    -995    -995
 KIN2   133   255     66   -3.6    6.8    6.5   330   15.5    1.3    9.4    0.00   981.26     0   -3.4    5.3    5.4    3.6    4.5    6.7    7.8    -995    -995    -995
 KIN2   133   260     67   -3.7    5.5    5.4   325   12.4    1.5    9.5    0.00   981.78     0   -3.5    4.3   -995   -995   -995   -995   -995    -995    -995    -995
 KIN2   133   265     67   -3.7    6.1    6.0   325   12.2    1.3    8.5    0.00   981.97     0   -3.5    4.8   -995   -995   -995   -995   -995    -995    -995    -995
 KIN2   133   270     67   -3.7    5.3    5.2   327   11.0    1.0    7.4    0.00   981.88     0   -3.6    4.3    5.4    3.6    4.5    6.7    7.8    1.45    1.55    1.40
 KIN2   133   275     67   -3.7    6.2    6.1   327   13.0    1.3   10.2    0.00   981.68     0   -3.6    4.7   -995   -995   -995   -995   -995    -995    -995    -995
 KIN2   133   280     67   -3.6    6.3    5.9   330   21.1    1.4   10.1    0.00   981.74     0   -3.5    4.9   -995   -995   -995   -995   -995    -995    -995    -995
 KIN2   133   285     65   -3.5    7.0    6.8   326   13.0    1.5   10.5    0.00   981.71     0   -3.4    5.7    5.3    3.5    4.4    6.6    7.8    -995    -995    -995
 KIN2   133   290     65   -3.7    6.3    6.1   330   13.6    1.5   10.8    0.00   981.85     0   -3.6    5.1   -995   -995   -995   -995   -995    -995    -995    -995
 KIN2   133   295     66   -4.0    6.1    5.9   334   14.3    1.3   10.0    0.00   981.66     0   -3.8    4.8   -995   -995   -995   -995   -995    -995    -995    -995
 KIN2   133   300     66   -4.1    5.4    5.3   333   12.0    1.3    9.4    0.00   981.81     0   -3.9    4.1    5.3    3.5    4.3    6.6    7.8    1.45    1.56    1.40
 KIN2   133   305     67   -4.1    5.3    5.2   330   11.7    1.5    8.8    0.00   981.55     0   -3.9    4.2   -995   -995   -995   -995   -995    -995    -995    -995
 KIN2   133   310     68   -4.1    4.4    4.2   327   14.2    1.2    6.8    0.00   981.84     0   -3.9    3.4   -995   -995   -995   -995   -995    -995    -995    -995
 KIN2   133   315     68   -4.0    5.7    5.5   327   12.3    1.3    9.1    0.00   981.83     0   -3.9    4.5    5.2    3.4    4.3    6.6    7.8    -995    -995    -995
 KIN2   133   320     69   -4.0    5.4    5.3   325   12.0    1.3    8.3    0.00   981.76     0   -3.8    4.2   -995   -995   -995   -995   -995    -995    -995    -995
 KIN2   133   325     67   -4.0    6.4    6.2   333   12.7    1.6   10.4    0.00   981.88     0   -3.8    4.9   -995   -995   -995   -995   -995    -995    -995    -995
 KIN2   133   330     67   -4.0    5.8    5.7   332   12.4    1.3    9.5    0.00   982.02     0   -3.9    4.6    5.2    3.3    4.2    6.6    7.8    1.45    1.55    1.40
 KIN2   133   335     67   -4.0    5.9    5.8   334   11.4    1.2    9.2    0.00   981.88     0   -3.9    4.6   -995   -995   -995   -995   -995    -995    -995    -995
 KIN2   133   340     67   -3.9    5.7    5.6   331   10.1    1.8   10.8    0.00   982.12     0   -3.9    4.4   -995   -995   -995   -995   -995    -995    -995    -995
 KIN2   133   345     67   -3.9    5.5    5.3   330   14.3    1.4    8.6    0.00   982.27     0   -3.9    4.4    5.1    3.2    4.2    6.5    7.8    -995    -995    -995
 KIN2   133   350     67   -4.2    5.8    5.7   326   11.5    1.3    9.7    0.00   981.98     0   -4.0    4.6   -995   -995   -995   -995   -995    -995    -995    -995
 KIN2   133   355     68   -4.4    6.6    6.4   328   11.5    1.4   10.6    0.00   981.64     0   -4.2    5.0   -995   -995   -995   -995   -995    -995    -995    -995
 KIN2   133   360     69   -4.5    5.7    5.5   332   15.4    1.5    9.3    0.00   981.73     0   -4.3    4.7    5.1    3.2    4.1    6.5    7.8    1.45    1.55    1.41
 KIN2   133   365     70   -4.5    5.6    5.5   330   11.9    1.2    9.3    0.00   982.06     0   -4.3    4.2   -995   -995   -995   -995   -995    -995    -995    -995
 KIN2   133   370     70   -4.6    4.7    4.5   332   16.0    1.0    7.0    0.00   982.08     0   -4.4    3.6   -995   -995   -995   -995   -995    -995    -995    -995
 KIN2   133   375     71   -4.7    4.4    4.3   326   12.2    0.9    7.5    0.00   981.96     0   -4.5    3.3    5.1    3.1    4.1    6.5    7.8    -995    -995    -995
 KIN2   133   380     72   -4.8    5.5    5.4   327   11.2    1.3    8.4    0.00   981.99     0   -4.5    4.2   -995   -995   -995   -995   -995    -995    -995    -995
 KIN2   133   385     71   -4.7    6.4    6.2   326   11.4    1.4    9.9    0.00   981.99     0   -4.5    4.9   -995   -995   -995   -995   -995    -995    -995    -995
 KIN2   133   390     72   -4.8    5.0    4.9   325   14.0    1.1    8.1    0.00   982.06     0   -4.6    4.0    5.0    3.1    4.1    6.5    7.8    1.44    1.56    1.40
 KIN2   133   395     73   -4.9    5.0    4.9   323   14.4    1.1    8.5    0.00   982.08     0   -4.7    4.0   -995   -995   -995   -995   -995    -995    -995    -995
 KIN2   133   400     72   -4.8    5.9    5.7   324   12.0    1.4    9.3    0.00   982.06     0   -4.7    4.9   -995   -995   -995   -995   -995    -995    -995    -995
 KIN2   133   405     73   -4.9    4.9    4.8   323   13.3    1.3    7.8    0.00   982.22     0   -4.7    3.9    5.0    3.0    4.0    6.5    7.8    -995    -995    -995
 KIN2   133   410     73   -5.0    4.4    4.3   324   12.1    0.9    6.4    0.00   982.49     0   -4.7    3.5   -995   -995   -995   -995   -995    -995    -995    -995
 KIN2   133   415     73   -5.0    4.1    4.0   326   11.5    1.1    7.5    0.00   982.54     0   -4.8    3.2   -995   -995   -995   -995   -995    -995    -995    -995
 KIN2   133   420     73   -5.0    5.1    5.1   325   11.2    1.0    7.3    0.00   982.27     0   -4.8    4.0    4.9    3.0    3.9    6.5    7.8    1.44    1.55    1.40
 KIN2   133   425     74   -5.1    5.1    5.0   327   12.1    1.0    7.8    0.00   982.19     0   -4.9    3.8   -995   -995   -995   -995   -995    -995    -995    -995
 KIN2   133   430     74   -5.1    4.7    4.6   328   11.9    1.1    7.1    0.00   982.32     0   -4.9    3.6   -995   -995   -995   -995   -995    -995    -995    -995
 KIN2   133   435     74   -5.1    4.7    4.6   330   12.4    1.1    7.5    0.00   982.29     0   -4.9    3.5    4.9    2.9    3.9    6.5    7.8    -995    -995    -995
 KIN2   133   440     74   -5.1    4.8    4.7   329    9.4    0.9    6.9    0.00   982.11     0   -4.9    3.7   -995   -995   -995   -995   -995    -995    -995    -995
 KIN2   133   445     74   -5.2    4.5    4.4   331   13.6    0.8    6.3    0.00   981.98     0   -4.9    3.4   -995   -995   -995   -995   -995    -995    -995    -995
 KIN2   133   450     75   -5.2    3.5    3.5   330   10.9    0.7    5.5    0.00   982.06     0   -5.0    2.8    4.9    2.9    3.8    6.4    7.8    1.44    1.55    1.40
 KIN2   133   455     75   -5.3    3.0    3.0   322   11.7    0.5    4.6    0.00   982.16     0   -5.0    2.2   -995   -995   -995   -995   -995    -995    -995    -995
 KIN2   133   460     77   -5.4    2.5    2.4   324   13.2    0.5    3.6    0.00   982.27     0   -5.1    1.8   -995   -995   -995   -995   -995    -995    -995    -995
 KIN2   133   465     77   -5.5    2.3    2.2   316   13.2    0.5    3.8    0.00   982.31     0   -5.2    1.8    4.8    2.8    3.8    6.4    7.8    -995    -995    -995
 KIN2   133   470     78   -5.5    2.8    2.7   320   13.5    0.6    4.2    0.00   982.22     0   -5.2    2.2   -995   -995   -995   -995   -995    -995    -995    -995
 KIN2   133   475     78   -5.6    2.5    2.5   318   12.1    0.6    4.0    0.00   982.19     0   -5.3    1.9   -995   -995   -995   -995   -995    -995    -995    -995
 KIN2   133   480     78   -5.6    2.6    2.6   315   13.0    0.9    5.2    0.00   982.22     0   -5.3    1.8    4.8    2.7    3.8    6.4    7.8    1.44    1.56    1.39
 KIN2   133   485     78   -5.6    2.8    2.7   318   15.3    0.6    4.7    0.00   982.23     0   -5.3    2.0   -995   -995   -995   -995   -995    -995    -995    -995
 KIN2   133   490     78   -5.6    2.7    2.6   316   11.4    0.5    3.7    0.00   982.19     0   -5.3    1.9   -995   -995   -995   -995   -995    -995    -995    -995
 KIN2   133   495     78   -5.5    3.1    3.1   314   11.4    0.7    4.9    0.00   982.22     0   -5.3    2.0    4.7    2.7    3.7    6.4    7.8    -995    -995    -995
 KIN2   133   500     79   -5.4    2.7    2.7   311   10.9    0.7    4.1    0.00   982.29     0   -5.2    2.0   -995   -995   -995   -995   -995    -995    -995    -995
 KIN2   133   505     78   -5.2    3.5    3.4   311    9.9    0.6    5.1    0.00   982.33     0   -5.1    2.6   -995   -995   -995   -995   -995    -995    -995    -995
 KIN2   133   510     78   -5.2    3.6    3.5   315   12.0    0.7    5.9    0.00   982.25     0   -5.0    2.7    4.7    2.6    3.7    6.3    7.8    1.45    1.55    1.39
 KIN2   133   515     78   -5.1    3.6    3.5   313   11.6    0.8    5.1    0.00   982.16     0   -5.0    2.8   -995   -995   -995   -995   -995    -995    -995    -995
 KIN2   133   520     78   -5.2    4.1    4.0   314   11.4    0.9    6.3    0.00   982.17     0   -5.0    3.2   -995   -995   -995   -995   -995    -995    -995    -995
 KIN2   133   525     78   -5.4    3.4    3.3   314   12.2    0.8    5.4    0.00   982.25     0   -5.1    2.5    4.6    2.5    3.6    6.3    7.7    -995    -995    -995
 KIN2   133   530     79   -5.5    3.1    3.0   308   14.3    0.6    4.3    0.00   982.34     0   -5.2    2.3   -995   -995   -995   -995   -995    -995    -995    -995
 KIN2   133   535     79   -5.5    3.0    3.0   312   10.7    0.6    4.6    0.00   982.31     0   -5.2    2.4   -995   -995   -995   -995   -995    -995    -995    -995
 KIN2   133   540     79   -5.5    3.3    3.2   314   11.5    0.8    5.4    0.00   982.34     0   -5.3    2.6    4.6    2.5    3.6    6.3    7.7    1.44    1.56    1.40
 KIN2   133   545     80   -5.6    3.0    2.9   316   13.8    0.7    5.2    0.00   982.36     0   -5.3    2.2   -995   -995   -995   -995   -995    -995    -995    -995
 KIN2   133   550     80   -5.6    2.9    2.9   313   12.3    0.6    4.3    0.00   982.37     0   -5.3    2.2   -995   -995   -995   -995   -995    -995    -995    -995
 KIN2   133   555     80   -5.6    2.9    2.8   319   13.1    0.6    4.5    0.00   982.32     0   -5.4    2.2    4.6    2.5    3.5    6.3    7.8    -995    -995    -995
 KIN2   133   560     81   -5.7    2.9    2.8   321   13.0    0.6    4.7    0.00   982.27     0   -5.4    2.2   -995   -995   -995   -995   -995    -995    -995    -995
 KIN2   133   565     81   -5.7    3.5    3.4   319   12.7    0.8    5.5    0.00   982.25     0   -5.4    2.6   -995   -995   -995   -995   -995    -995    -995    -995
 KIN2   133   570     81   -5.7    3.0    3.0   318   12.8    0.8    4.7    0.00   982.21     0   -5.4    2.2    4.6    2.4    3.5    6.3    7.8    1.45    1.55    1.39
 KIN2   133   575     81   -5.8    2.7    2.6   319   10.2    0.7    4.4    0.00   982.20     0   -5.4    1.8   -995   -995   -995   -995   -995    -995    -995    -995
 KIN2   133   580     81   -5.8    2.6    2.5   319   11.6    0.5    4.8    0.00   982.23     0   -5.4    1.8   -995   -995   -995   -995   -995    -995    -995    -995
 KIN2   133   585     81   -5.8    2.7    2.7   318   11.1    0.6    4.1    0.00   982.17     0   -5.5    2.0    4.5    2.4    3.5    6.3    7.8    -995    -995    -995
 KIN2   133   590     82   -5.9    2.4    2.3   318   12.9    0.6    4.3    0.00   982.07     0   -5.6    1.7   -995   -995   -995   -995   -995    -995    -995    -995
 KIN2   133   595     82   -6.0    2.2    2.1   304   13.1    0.5    3.8    0.00   982.15     0   -5.6    1.3   -995   -995   -995   -995   -995    -995    -995    -995
 KIN2   133   600     83   -6.1    2.0    2.0   291   10.6    0.4    3.3    0.00   982.41     0   -5.6    1.2    4.5    2.3    3.4    6.2    7.8    1.45    1.56    1.40
 KIN2   133   605     84   -6.1    2.5    2.5   293    9.8    0.4    3.5    0.00   982.48     0   -5.7    1.5   -995   -995   -995   -995   -995    -995    -995    -995
 KIN2   133   610     83   -6.2    2.5    2.4   293   10.8    0.5    3.8    0.00   982.39     0   -5.8    1.5   -995   -995   -995   -995   -995    -995    -995    -995
 KIN2   133   615     84   -6.2    2.5    2.5   293    9.4    0.5    3.8    0.00   982.37     0   -5.8    1.6    4.5    2.3    3.4    6.2    7.8    -995    -995    -995
 KIN2   133   620     84   -6.1    2.6    2.6   293   10.2    0.5    3.7    0.00   982.38     0   -5.8    1.8   -995   -995   -995   -995   -995    -995    -995    -995
 KIN2   133   625     83   -6.2    2.3    2.3   289   10.0    0.4    3.6    0.00   982.35     0   -5.8    1.6   -995   -995   -995   -995   -995    -995    -995    -995
 KIN2   133   630     83   -6.3    2.5    2.5   288   10.6    0.6    4.4    0.00   982.33     0   -5.9    1.6    4.4    2.3    3.4    6.2    7.8    1.45    1.55    1.40
 KIN2   133   635     84   -6.3    2.4    2.4   284    9.8    0.5    3.7    0.00   982.37     0   -5.9    1.7   -995   -995   -995   -995   -995    -995    -995    -995
 KIN2   133   640     84   -6.4    2.8    2.8   279    8.9    0.5    4.4    0.00   982.38     0   -6.0    1.8   -995   -995   -995   -995   -995    -995    -995    -995
 KIN2   133   645     85   -6.5    2.7    2.7   282   10.5    0.6    4.1    0.00   982.43     0   -6.2    1.8    4.4    2.2    3.3    6.2    7.8    -995    -995    -995
 KIN2   133   650     85   -6.4    3.2    3.2   292    8.1    0.7    5.2    0.00   982.49     0   -6.1    2.0   -995   -995   -995   -995   -995    -995    -995    -995
 KIN2   133   655     84   -6.3    3.6    3.5   292   10.3    0.9    6.7    0.00   982.53     0   -6.0    2.6   -995   -995   -995   -995   -995    -995    -995    -995
 KIN2   133   660     84   -6.2    3.9    3.8   293   11.4    0.8    5.6    0.00   982.50     0   -5.9    2.8    4.3    2.2    3.3    6.2    7.8    1.44    1.55    1.40
 KIN2   133   665     83   -6.1    3.7    3.6   297   10.3    0.7    5.2    0.00   982.47     0   -5.8    2.6   -995   -995   -995   -995   -995    -995    -995    -995
 KIN2   133   670     83   -6.1    3.7    3.6   300   11.2    0.6    5.2    0.00   982.52     0   -5.8    2.5   -995   -995   -995   -995   -995    -995    -995    -995
 KIN2   133   675     83   -6.1    3.3    3.3   301   11.6    0.7    5.3    0.00   982.47     0   -5.8    2.2    4.3    2.1    3.2    6.1    7.7    -995    -995    -995
 KIN2   133   680     83   -6.1    3.6    3.5   299   12.8    0.7    5.5    0.00   982.40     0   -5.8    2.6   -995   -995   -995   -995   -995    -995    -995    -995
 KIN2   133   685     83   -6.1    3.8    3.7   301   10.1    0.7    5.4    0.00   982.35     0   -5.8    2.8   -995   -995   -995   -995   -995    -995    -995    -995
 KIN2   133   690     83   -6.1    3.5    3.5   301   10.2    0.8    5.7    0.00   982.33     0   -5.8    2.4    4.3    2.1    3.2    6.1    7.7    1.45    1.55    1.40
 KIN2   133   695     83   -6.1    3.5    3.5   301    9.8    0.7    5.1    0.00   982.36     0   -5.8    2.5   -995   -995   -995   -995   -995    -995    -995    -995
 KIN2   133   700     83   -6.2    3.3    3.2   299   10.6    0.6    4.8    0.00   982.37     0   -5.9    2.4   -995   -995   -995   -995   -995    -995    -995    -995
 KIN2   133   705     83   -6.2    3.2    3.2   302   11.9    0.7    5.5    0.00   982.38     0   -5.9    2.2    4.2    2.0    3.2    6.1    7.7    -995    -995    -995
 KIN2   133   710     83   -6.1    3.4    3.4   304   11.4    0.8    5.6    0.00   982.40     0   -5.8    2.5   -995   -995   -995   -995   -995    -995    -995    -995
 KIN2   133   715     83   -6.0    4.2    4.1   305   10.3    1.0    6.4    0.00   982.37     0   -5.7    3.0   -995   -995   -995   -995   -995    -995    -995    -995
 KIN2   133   720     82   -5.9    3.9    3.8   311   12.9    0.7    5.7    0.00   982.37     0   -5.6    2.8    4.2    2.0    3.1    6.1    7.7    1.45    1.55    1.39
 KIN2   133   725     82   -5.7    4.3    4.3   311   10.8    0.8    6.4    0.00   982.38     0   -5.5    3.3   -995   -995   -995   -995   -995    -995    -995    -995
 KIN2   133   730     82   -5.6    4.3    4.2   312   11.9    1.1    6.7    0.00   982.33     0   -5.4    3.2   -995   -995   -995   -995   -995    -995    -995    -995
 KIN2   133   735     81   -5.5    4.3    4.1   324   13.7    1.0    6.9    0.00   982.32     0   -5.2    3.0    4.1    1.9    3.1    6.0    7.7    -995    -995    -995
 KIN2   133   740     80   -5.3    4.8    4.7   324   11.9    1.0    7.3    0.00   982.46     0   -5.1    3.5   -995   -995   -995   -995   -995    -995    -995    -995
 KIN2   133   745     78   -5.1    4.4    4.3   327   13.2    1.0    6.7    0.00   982.50     0   -4.9    3.4   -995   -995   -995   -995   -995    -995    -995    -995
 KIN2   133   750     78   -5.0    4.3    4.2   328   14.9    0.9    6.7    0.00   982.55     0   -4.9    3.3    4.1    1.9    3.0    6.0    7.7    1.45    1.55    1.39
 KIN2   133   755     77   -5.0    4.7    4.6   328   10.8    1.0    7.0    0.00   982.59     0   -4.8    3.6   -995   -995   -995   -995   -995    -995    -995    -995
 KIN2   133   760     77   -5.1    4.7    4.6   330   13.0    0.9    6.7    0.00   982.61     0   -4.8    3.6   -995   -995   -995   -995   -995    -995    -995    -995
 KIN2   133   765     77   -5.2    4.6    4.5   331   12.5    1.1    7.3    0.00   982.71     0   -4.9    3.4    4.1    1.8    3.0    6.0    7.7    -995    -995    -995
 KIN2   133   770     77   -5.3    4.3    4.2   331   13.0    0.9    6.2    0.00   982.74     0   -5.0    3.3   -995   -995   -995   -995   -995    -995    -995    -995
 KIN2   133   775     77   -5.3    3.8    3.7   331   12.4    0.9    5.6    0.00   982.77     0   -5.1    2.9   -995   -995   -995   -995   -995    -995    -995    -995
 KIN2   133   780     78   -5.5    4.1    4.0   327   11.0    0.8    5.9    0.00   982.91     0   -5.1    3.1    4.1    1.8    3.0    6.0    7.7    1.45    1.56    1.39
 KIN2   133   785     78   -5.5    4.5    4.4   328   10.8    0.8    6.8    0.00   982.92     0   -5.2    3.3   -995   -995   -995   -995   -995    -995    -995    -995
 KIN2   133   790     77   -5.5    4.2    4.1   329   11.5    0.9    6.2    0.00   982.99     0   -5.2    3.3   -995   -995   -995   -995   -995    -995    -995    -995
 KIN2   133   795     78   -5.5    3.8    3.7   324   12.9    0.8    5.7    0.00   983.08     0   -5.3    2.8    4.0    1.8    3.0    6.0    7.7    -995    -995    -995
 KIN2   133   800     78   -5.6    3.2    3.1   325   12.8    0.7    4.9    0.00   983.15     0   -5.3    2.4   -995   -995   -995   -995   -995    -995    -995    -995
 KIN2   133   805     79   -5.6    3.5    3.4   320   13.1    0.7    5.7    0.00   983.25     0   -5.3    2.6   -995   -995   -995   -995   -995    -995    -995    -995
 KIN2   133   810     79   -5.7    3.3    3.2   320   13.0    0.8    5.0    0.00   983.25     1   -5.4    2.3    4.0    1.8    3.0    6.0    7.7    1.45    1.56    1.40
 KIN2   133   815     79   -5.7    3.1    3.1   318   11.6    0.7    4.7    0.00   983.28     2   -5.4    2.0   -995   -995   -995   -995   -995    -995    -995    -995
 KIN2   133   820     79   -5.8    3.5    3.4   319   10.8    0.7    5.2    0.00   983.32     4   -5.4    2.4   -995   -995   -995   -995   -995    -995    -995    -995
 KIN2   133   825     79   -5.8    3.0    2.9   321   13.3    0.6    5.0    0.00   983.31     6   -5.5    2.1    4.0    1.7    3.0    5.9    7.7    -995    -995    -995
 KIN2   133   830     80   -5.8    2.9    2.9   318   11.2    0.8    4.6    0.00   983.34    14   -5.5    2.1   -995   -995   -995   -995   -995    -995    -995    -995
 KIN2   133   835     80   -5.7    2.8    2.8   318   11.3    0.5    4.0    0.00   983.41    26   -5.4    2.1   -995   -995   -995   -995   -995    -995    -995    -995
 KIN2   133   840     79   -5.6    2.8    2.7   321   14.2    0.6    4.2    0.00   983.50    38   -5.3    2.1    4.0    1.7    2.9    5.9    7.7    1.44    1.55    1.40
 KIN2   133   845     79   -5.6    2.4    2.4   321   13.6    0.6    3.7    0.00   983.56    52   -5.3    1.8   -995   -995   -995   -995   -995    -995    -995    -995
 KIN2   133   850     79   -5.5    2.1    2.1   323   13.5    0.4    3.1    0.00   983.55    67   -5.2    1.5   -995   -995   -995   -995   -995    -995    -995    -995
 KIN2   133   855     79   -5.4    2.0    2.0   324   14.6    0.5    3.3    0.00   983.59    84   -5.2    1.4    3.9    1.6    2.8    5.8    7.7    -995    -995    -995
 KIN2   133   860     78   -5.2    2.8    2.7   330   12.2    0.5    4.1    0.00   983.59   102   -5.0    2.1   -995   -995   -995   -995   -995    -995    -995    -995
 KIN2   133   865     78   -5.1    2.5    2.4   330   12.8    0.5    3.9    0.00   983.66   121   -4.9    2.0   -995   -995   -995   -995   -995    -995    -995    -995
 KIN2   133   870     77   -5.0    2.5    2.5   319   11.4    0.7    4.2    0.00   983.71   137   -4.8    2.0    3.8    1.5    2.8    5.8    7.6    1.45    1.55    1.40
 KIN2   133   875     77   -4.7    1.9    1.8   322   14.4    0.5    3.5    0.00   983.73   152   -4.7    1.4   -995   -995   -995   -995   -995    -995    -995    -995
 KIN2   133   880     76   -4.6    2.5    2.4   321   11.6    0.6    4.2    0.00   983.71   168   -4.6    2.0   -995   -995   -995   -995   -995    -995    -995    -995
 KIN2   133   885     75   -4.5    2.7    2.6   323   12.0    0.7    4.2    0.00   983.79   184   -4.5    2.2    3.8    1.5    2.7    5.7    7.5    -995    -995    -995
 KIN2   133   890     75   -4.3    2.9    2.9   318    9.5    0.7    4.5    0.00   983.85   200   -4.4    2.2   -995   -995   -995   -995   -995    -995    -995    -995
 KIN2   133   895     74   -4.1    2.8    2.7   320   13.7    0.6    4.5    0.00   983.89   216   -4.2    2.3   -995   -995   -995   -995   -995    -995    -995    -995
 KIN2   133   900     73   -4.0    3.0    3.0   325   11.7    0.9    5.2    0.00   983.93   231   -4.0    2.3    3.7    1.4    2.7    5.7    7.5    1.45    1.56    1.40
 KIN2   133   905     72   -3.8    3.5    3.4   322   12.5    0.8    5.3    0.00   984.03   247   -4.0    2.7   -995   -995   -995   -995   -995    -995    -995    -995
 KIN2   133   910     71   -3.8    3.7    3.6   322   13.2    0.7    5.9    0.00   984.10   262   -3.9    2.9   -995   -995   -995   -995   -995    -995    -995    -995
 KIN2   133   915     70   -3.7    3.5    3.4   322   13.4    0.9    5.5    0.00   984.14   278   -3.8    2.8    3.7    1.4    2.7    5.7    7.5    -995    -995    -995
 KIN2   133   920     70   -3.6    3.8    3.7   328   11.7    0.6    5.4    0.00   984.15   292   -3.8    3.1   -995   -995   -995   -995   -995    -995    -995    -995
 KIN2   133   925     70   -3.4    3.6    3.5   324   13.1    0.9    5.5    0.00   984.14   307   -3.7    2.8   -995   -995   -995   -995   -995    -995    -995    -995
 KIN2   133   930     69   -3.4    3.9    3.8   322   13.0    0.9    6.2    0.00   984.17   322   -3.6    3.0    3.7    1.4    2.7    5.7    7.5    1.45    1.55    1.40
 KIN2   133   935     69   -3.2    3.5    3.4   320   13.9    0.9    6.0    0.00   984.20   338   -3.4    2.9   -995   -995   -995   -995   -995    -995    -995    -995
 KIN2   133   940     68   -2.8    3.4    3.3   323   15.1    1.2    6.1    0.00   984.23   353   -3.1    2.7   -995   -995   -995   -995   -995    -995    -995    -995
 KIN2   133   945     68   -2.9    4.2    4.1   334   11.1    0.8    5.7    0.00   984.26   368   -3.3    3.4    3.7    1.4    2.7    5.7    7.5    -995    -995    -995
 KIN2   133   950     67   -2.7    3.9    3.8   325   11.4    0.8    5.8    0.00   984.22   382   -3.0    2.9   -995   -995   -995   -995   -995    -995    -995    -995
 KIN2   133   955     67   -2.5    4.0    3.9   329   16.7    0.9    6.1    0.00   984.19   396   -3.0    3.2   -995   -995   -995   -995   -995    -995    -995    -995
 KIN2   133   960     66   -2.4    3.4    3.2   315   15.6    0.8    5.3    0.00   984.17   410   -2.8    2.7    3.6    1.4    2.8    5.7    7.6    1.45    1.56    1.40
 KIN2   133   965     65   -2.3    4.2    4.1   326   13.8    1.0    6.3    0.00   984.21   422   -2.8    3.3   -995   -995   -995   -995   -995    -995    -995    -995
 KIN2   133   970     65   -2.4    4.3    4.2   334   13.1    0.7    5.8    0.00   984.17   438   -2.9    3.4   -995   -995   -995   -995   -995    -995    -995    -995
 KIN2   133   975     65   -2.0    4.1    4.0   339   13.1    0.8    5.9    0.00   984.16   449   -2.5    3.4    3.6    1.3    2.8    5.7    7.6    -995    -995    -995
 KIN2   133   980     64   -1.9    3.2    3.1   330   15.9    1.1    6.2    0.00   984.19   461   -2.3    2.7   -995   -995   -995   -995   -995    -995    -995    -995
 KIN2   133   985     65   -2.0    3.6    3.5   332   13.4    0.9    5.7    0.00   984.15   473   -2.5    3.1   -995   -995   -995   -995   -995    -995    -995    -995
 KIN2   133   990     65   -1.8    3.6    3.5   326   13.3    0.8    5.2    0.00   984.10   485   -2.3    3.0    3.6    1.4    2.9    5.7    7.6    1.46    1.56    1.40
 KIN2   133   995     64   -1.6    3.3    3.2   322   14.5    0.7    5.3    0.00   984.12   497   -2.1    2.7   -995   -995   -995   -995   -995    -995    -995    -995
 KIN2   133  1000     63   -1.8    3.7    3.6   332   11.0    0.8    5.3    0.00   984.17   507   -2.2    3.1   -995   -995   -995   -995   -995    -995    -995    -995
 KIN2   133  1005     63   -1.6    3.4    3.3   317   14.7    0.7    5.0    0.00   984.21   519   -2.2    2.8    3.6    1.3    3.1    5.7    7.6    -995    -995    -995
 KIN2   133  1010     63   -1.3    3.1    2.9   311   17.2    0.7    4.6    0.00   984.15   528   -1.9    2.5   -995   -995   -995   -995   -995    -995    -995    -995
 KIN2   133  1015     62   -1.0    3.1    3.0   322   14.1    0.8    4.7    0.00   984.08   538   -1.7    2.4   -995   -995   -995   -995   -995    -995    -995    -995
 KIN2   133  1020     61   -0.7    3.5    3.4   304   13.4    0.7    5.2    0.00   984.03   548   -1.4    2.9    3.7    1.3    3.2    5.7    7.6    1.46    1.55    1.40
 KIN2   133  1025     60   -0.6    3.2    3.1   321   16.3    0.9    5.6    0.00   983.99   558   -1.3    2.5   -995   -995   -995   -995   -995    -995    -995    -995
 KIN2   133  1030     59   -0.5    3.0    3.0   323   13.5    0.8    5.2    0.00   983.89   566   -1.1    2.5   -995   -995   -995   -995   -995    -995    -995    -995
 KIN2   133  1035     58   -0.4    3.4    3.3   320   12.6    0.7    5.0    0.00   983.85   575   -1.1    2.8    3.7    1.3    3.4    5.6    7.6    -995    -995    -995
 KIN2   133  1040     58   -0.4    4.1    3.8   315   21.8    1.1    6.3    0.00   983.85   583   -1.0    3.4   -995   -995   -995   -995   -995    -995    -995    -995
 KIN2   133  1045     59   -0.2    3.7    3.6   335   13.6    0.8    5.7    0.00   983.88   588   -0.8    3.3   -995   -995   -995   -995   -995    -995    -995    -995
 KIN2   133  1050     58    0.1    3.8    3.7   327   12.6    1.1    7.1    0.00   983.87   596   -0.6    3.2    3.7    1.3    3.6    5.6    7.6    1.47    1.56    1.40
 KIN2   133  1055     57    0.2    4.3    4.1   313   16.0    1.1    6.9    0.00   983.77   602   -0.6    3.4   -995   -995   -995   -995   -995    -995    -995    -995
 KIN2   133  1060     57    0.1    4.0    3.9   311   15.4    0.8    5.8    0.00   983.70   609   -0.7    3.2   -995   -995   -995   -995   -995    -995    -995    -995
 KIN2   133  1065     57    0.4    3.9    3.7   315   15.9    0.8    6.1    0.00   983.70   614   -0.4    3.1    3.8    1.4    3.8    5.6    7.6    -995    -995    -995
 KIN2   133  1070     57    0.5    3.9    3.7   308   17.2    0.9    6.1    0.00   983.59   620   -0.2    3.3   -995   -995   -995   -995   -995    -995    -995    -995
 KIN2   133  1075     57    0.6    3.4    3.3   306   18.2    0.9    5.7    0.00   983.48   625   -0.2    2.8   -995   -995   -995   -995   -995    -995    -995    -995
 KIN2   133  1080     57    1.0    4.2    4.1   306   14.8    1.1    6.6    0.00   983.42   626    0.1    3.4    3.9    1.4    4.0    5.6    7.6    1.48    1.56    1.40
 KIN2   133  1085     56    0.9    3.7    3.6   297   12.1    0.7    5.2    0.00   983.26   632    0.1    2.9   -995   -995   -995   -995   -995    -995    -995    -995
 KIN2   133  1090     56    0.8    4.5    4.4   302    8.9    0.9    6.5    0.00   983.17   636    0.0    3.4   -995   -995   -995   -995   -995    -995    -995    -995
 KIN2   133  1095     56    1.0    3.5    3.4   315   15.1    0.9    6.1    0.00   983.05   639    0.2    3.1    4.0    1.5    4.2    5.6    7.6    -995    -995    -995
 KIN2   133  1100     56    1.3    3.1    3.0   322   14.9    1.0    5.8    0.00   982.90   641    0.5    2.6   -995   -995   -995   -995   -995    -995    -995    -995
 KIN2   133  1105     54    1.7    4.1    3.9   314   18.3    1.2    6.6    0.00   982.83   643    0.8    3.2   -995   -995   -995   -995   -995    -995    -995    -995
 KIN2   133  1110     53    1.5    4.1    4.0   294   12.1    0.8    6.3    0.00   982.68   645    0.7    3.1    4.1    1.7    4.4    5.6    7.6    1.48    1.55    1.41
 KIN2   133  1115     52    1.9    3.4    3.3   318   15.3    1.1    5.6    0.00   982.55   647    1.1    2.8   -995   -995   -995   -995   -995    -995    -995    -995
 KIN2   133  1120     52    1.9    4.0    3.9   306   11.2    0.9    5.9    0.00   982.48   648    1.0    3.1   -995   -995   -995   -995   -995    -995    -995    -995
 KIN2   133  1125     52    1.8    3.6    3.5   316   14.2    0.9    5.9    0.00   982.40   647    1.1    3.1    4.2    2.0    4.6    5.6    7.6    -995    -995    -995
 KIN2   133  1130     52    2.1    3.6    3.4   309   19.1    0.9    5.7    0.00   982.29   646    1.4    3.0   -995   -995   -995   -995   -995    -995    -995    -995
 KIN2   133  1135     50    2.4    3.9    3.8   318   17.4    0.8    5.7    0.00   982.11   646    1.6    3.3   -995   -995   -995   -995   -995    -995    -995    -995
 KIN2   133  1140     49    2.8    3.9    3.8   332   14.0    0.9    6.2    0.00   981.93   644    1.9    3.3    4.3    2.2    4.8    5.6    7.6    1.48    1.56    1.40
 KIN2   133  1145     49    2.9    3.6    3.4   321   18.5    0.9    5.9    0.00   981.85   643    2.0    2.8   -995   -995   -995   -995   -995    -995    -995    -995
 KIN2   133  1150     48    3.1    3.6    3.5   319   12.0    1.0    5.9    0.00   981.74   641    2.3    2.9   -995   -995   -995   -995   -995    -995    -995    -995
 KIN2   133  1155     49    3.3    3.8    3.7   308   12.2    1.2    5.8    0.00   981.65   637    2.5    3.0    4.4    2.5    5.0    5.6    7.6    -995    -995    -995
 KIN2   133  1160     48    3.2    3.3    3.1   317   18.9    1.1    5.6    0.00   981.55   634    2.7    2.8   -995   -995   -995   -995   -995    -995    -995    -995
 KIN2   133  1165     48    4.1    3.6    3.5   313   13.4    0.9    6.2    0.00   981.46   629    3.2    2.7   -995   -995   -995   -995   -995    -995    -995    -995
 KIN2   133  1170     48    4.0    2.6    2.5   314   16.4    0.5    3.8    0.00   981.35   626    3.5    2.2    4.5    2.9    5.2    5.6    7.6    1.48    1.55    1.40
 KIN2   133  1175     46    4.4    3.3    3.2   307   14.6    0.8    5.0    0.00   981.19   620    3.7    2.6   -995   -995   -995   -995   -995    -995    -995    -995
 KIN2   133  1180     46    4.3    3.0    2.9   308   17.1    0.7    4.6    0.00   981.05   617    3.5    2.5   -995   -995   -995   -995   -995    -995    -995    -995
 KIN2   133  1185     46    4.1    2.7    2.6   319   17.5    0.8    4.3    0.00   980.90   611    3.5    2.1    4.6    3.2    5.3    5.6    7.6    -995    -995    -995
 KIN2   133  1190     45    4.6    3.1    3.0   300   14.4    0.8    4.6    0.00   980.74   606    3.9    2.5   -995   -995   -995   -995   -995    -995    -995    -995
 KIN2   133  1195     45    4.9    2.5    2.2   297   26.7    1.1    5.3    0.00   980.58   600    4.2    1.9   -995   -995   -995   -995   -995    -995    -995    -995
 KIN2   133  1200     44    4.8    2.3    2.1   303   22.4    0.6    3.6    0.00   980.31   595    4.3    1.9    4.7    3.5    5.4    5.6    7.6    1.48    1.56    1.39
 KIN2   133  1205     44    4.7    2.2    2.0   326   26.0    0.6    4.4    0.00   979.98   589    4.3    1.8   -995   -995   -995   -995   -995    -995    -995    -995
 KIN2   133  1210     45    4.8    1.6    1.1   304   42.7    1.0    3.7    0.00   979.78   582    4.5    1.1   -995   -995   -995   -995   -995    -995    -995    -995
 KIN2   133  1215     43    5.0    2.6    2.5   267   11.6    0.6    3.9    0.00   979.66   573    4.6    1.8    4.8    3.8    5.6    5.6    7.6    -995    -995    -995
 KIN2   133  1220     43    4.6    1.2    1.1   264   22.0    0.9    3.5    0.00   979.62   564    4.6    0.8   -995   -995   -995   -995   -995    -995    -995    -995
 KIN2   133  1225     44    5.1    2.7    2.6   246   15.1    0.5    4.2    0.00   979.61   556    4.9    2.0   -995   -995   -995   -995   -995    -995    -995    -995
 KIN2   133  1230     44    5.4    2.4    2.3   245   13.6    0.4    3.4    0.00   979.54   547    5.1    2.0    4.9    4.1    5.7    5.6    7.6    1.48    1.56    1.40
 KIN2   133  1235     43    5.3    2.7    2.7   246   12.6    0.8    4.4    0.00   979.49   538    5.2    2.3   -995   -995   -995   -995   -995    -995    -995    -995
 KIN2   133  1240     42    5.3    2.6    2.6   258   11.8    0.9    4.2    0.00   979.42   526    5.2    2.0   -995   -995   -995   -995   -995    -995    -995    -995
 KIN2   133  1245     42    5.3    1.6    1.6   224   11.6    0.5    3.0    0.00   979.31   516    5.3    1.2    5.1    4.4    5.9    5.7    7.6    -995    -995    -995
 KIN2   133  1250     43    5.6    2.6    2.5   231   12.4    1.3    4.5    0.00   979.16   507    5.5    2.1   -995   -995   -995   -995   -995    -995    -995    -995
 KIN2   133  1255     43    5.7    2.9    2.9   244    9.9    0.7    4.1    0.00   979.09   495    5.4    2.3   -995   -995   -995   -995   -995    -995    -995    -995
 KIN2   133  1260     42    5.7    2.5    2.4   253    9.9    0.6    4.0    0.00   979.16   483    5.4    1.8    5.2    4.7    6.0    5.7    7.6    1.48    1.56    1.40
 KIN2   133  1265     41    6.1    3.0    2.9   258   13.4    1.0    4.6    0.00   979.10   472    5.7    2.0   -995   -995   -995   -995   -995    -995    -995    -995
 KIN2   133  1270     40    6.1    3.2    3.1   266   10.1    0.6    4.2    0.00   979.05   459    5.7    2.3   -995   -995   -995   -995   -995    -995    -995    -995
 KIN2   133  1275     40    6.1    2.6    2.6   264    8.9    0.6    3.9    0.00   979.00   446    5.8    1.9    5.4    5.0    6.1    5.8    7.7    -995    -995    -995
 KIN2   133  1280     39    6.3    2.5    2.5   276   13.0    0.7    3.9    0.00   978.96   433    6.0    1.8   -995   -995   -995   -995   -995    -995    -995    -995
 KIN2   133  1285     40    6.6    1.8    1.7   293   18.4    0.9    3.9    0.00   978.89   419    6.3    1.3   -995   -995   -995   -995   -995    -995    -995    -995
 KIN2   133  1290     39    6.5    2.8    2.7   256   14.0    0.9    4.5    0.00   978.89   407    6.4    2.3    5.5    5.2    6.2    5.8    7.7    1.48    1.56    1.39
 KIN2   133  1295     39    6.4    2.3    2.2   265   14.9    0.5    3.7    0.00   978.90   392    6.4    1.8   -995   -995   -995   -995   -995    -995    -995    -995
 KIN2   133  1300     38    6.7    2.0    1.9   265   21.5    0.5    3.4    0.00   978.86   377    6.7    1.5   -995   -995   -995   -995   -995    -995    -995    -995
 KIN2   133  1305     37    6.9    2.6    2.5   292   13.8    0.7    3.9    0.00   978.81   363    6.7    2.1    5.6    5.4    6.2    5.8    7.7    -995    -995    -995
 KIN2   133  1310     38    7.1    1.7    1.6   259   20.1    0.5    3.2    0.00   978.76   349    7.0    1.2   -995   -995   -995   -995   -995    -995    -995    -995
 KIN2   133  1315     36    7.1    2.8    2.7   271   12.9    0.5    3.9    0.00   978.73   335    7.0    2.0   -995   -995   -995   -995   -995    -995    -995    -995
 KIN2   133  1320     36    7.1    2.4    2.3   252   14.5    0.4    3.3    0.00   978.64   320    7.0    1.7    5.6    5.6    6.3    5.8    7.7    1.48    1.56    1.40
 KIN2   133  1325     37    7.0    2.2    2.2   248   14.9    0.5    3.4    0.00   978.58   305    7.0    1.6   -995   -995   -995   -995   -995    -995    -995    -995
 KIN2   133  1330     37    7.1    2.1    2.1   239   10.4    0.5    3.0    0.00   978.50   290    7.1    1.5   -995   -995   -995   -995   -995    -995    -995    -995
 KIN2   133  1335     37    7.2    1.6    1.5   264   19.9    0.3    2.7    0.00   978.45   275    7.2    1.1    5.7    5.7    6.3    5.9    7.7    -995    -995    -995
 KIN2   133  1340     36    7.2    0.6    0.5   298   14.9    0.3    1.2    0.00   978.38   260    7.5    0.2   -995   -995   -995   -995   -995    -995    -995    -995
 KIN2   133  1345     36    7.1    1.1    1.0   233   16.3    0.3    1.9    0.00   978.33   244    7.7    0.6   -995   -995   -995   -995   -995    -995    -995    -995
 KIN2   133  1350     36    7.2    0.8    0.7   208   12.9    0.2    1.2    0.00   978.30   229    7.7    0.4    5.8    5.8    6.3    5.9    7.7    1.47    1.56    1.40
 KIN2   133  1355     36    7.2    1.2    1.2   223   13.7    0.6    2.3    0.00   978.23   213    7.8    0.8   -995   -995   -995   -995   -995    -995    -995    -995
 KIN2   133  1360     37    7.1    1.5    1.4   206   13.7    0.2    1.9    0.00   978.15   198    7.5    1.3   -995   -995   -995   -995   -995    -995    -995    -995
 KIN2   133  1365     37    7.0    1.4    1.3   210    6.4    0.2    1.7    0.00   978.11   182    7.4    1.1    5.8    5.9    6.2    5.9    7.7    -995    -995    -995
 KIN2   133  1370     39    7.0    1.3    1.3   191    7.6    0.3    1.9    0.00   978.06   167    7.4    1.2   -995   -995   -995   -995   -995    -995    -995    -995
 KIN2   133  1375     39    6.9    1.4    1.4   182    7.4    0.2    1.8    0.00   978.03   150    7.4    1.1   -995   -995   -995   -995   -995    -995    -995    -995
 KIN2   133  1380     43    6.7    1.8    1.8   165    4.1    0.2    2.1    0.00   977.96   136    7.2    1.5    5.9    5.9    6.2    6.0    7.8    1.48    1.56    1.40
 KIN2   133  1385     47    6.5    1.9    1.9   163    2.3    0.1    2.2    0.00   977.84   119    7.1    1.3   -995   -995   -995   -995   -995    -995    -995    -995
 KIN2   133  1390     48    6.2    2.2    2.2   163    3.8    0.2    2.6    0.00   977.75    99    7.0    1.5   -995   -995   -995   -995   -995    -995    -995    -995
 KIN2   133  1395     49    5.9    2.6    2.5   160    8.4    0.3    3.3    0.00   977.71    81    6.8    1.6    6.0    5.9    6.2    6.1    7.8    -995    -995    -995
 KIN2   133  1400     50    5.7    1.9    1.9   146    4.4    0.1    2.3    0.00   977.70    64    6.6    1.1   -995   -995   -995   -995   -995    -995    -995    -995
 KIN2   133  1405     51    5.5    2.1    2.1   146    4.0    0.2    2.5    0.00   977.65    41    6.6    1.2   -995   -995   -995   -995   -995    -995    -995    -995
 KIN2   133  1410     52    5.0    2.5    2.5   149    3.8    0.2    3.0    0.00   977.63    18    6.3    1.5    6.0    5.8    6.2    6.2    7.9    1.47    1.56    1.40
 KIN2   133  1415     53    4.7    2.5    2.5   146    3.0    0.2    2.9    0.00   977.58    13    6.1    1.4   -995   -995   -995   -995   -995    -995    -995    -995
 KIN2   133  1420     55    4.3    2.3    2.3   148    2.9    0.2    2.7    0.00   977.53    10    5.9    1.0   -995   -995   -995   -995   -995    -995    -995    -995
 KIN2   133  1425     57    3.6    2.2    2.2   148    2.1    0.1    2.5    0.00   977.50     8    5.8    0.7    6.1    5.8    6.1    6.3    8.0    -995    -995    -995
 KIN2   133  1430     61    2.9    2.3    2.3   147    2.6    0.1    2.6    0.00   977.50     6    5.6    0.6   -995   -995   -995   -995   -995    -995    -995    -995
 KIN2   133  1435     65    2.1    2.6    2.6   144    2.2    0.1    2.7    0.00   977.46     4    5.3    0.6   -995   -995   -995   -995   -995    -995    -995    -995
</pre>