<pre>  101 ! (c) 2019 Oklahoma Climatological Survey and the Oklahoma Mesonet - all rights reserved
  21 2019 03 29 00 00 00
 STID  STNM  TIME   RELH   TAIR   WSPD   WVEC  WDIR   WDSD   WSSD   WMAX    RAIN     PRES  SRAD   TA9M   WS2M   TS10   TB10   TS05   TS25   TS60    TR05    TR25    TR60
 KIN2   133     0     69   20.8    7.5    7.4   184    5.8    1.0   10.9    0.00   974.00    85   21.0    6.1   14.6   19.3   15.8   12.9   11.6    1.66    1.58    1.96
 KIN2   133     5     69   20.7    8.9    8.9   183    4.3    1.1   11.0    0.00   973.88    54   21.0    6.9   -995   -995   -995   -995   -995    -995    -995    -995
 KIN2   133    10     70   20.5    8.0    8.0   182    6.2    1.1   10.6    0.00   973.86    72   20.8    6.4   -995   -995   -995   -995   -995    -995    -995    -995
 KIN2   133    15     70   20.5    8.0    7.9   176    5.8    1.0   10.1    0.00   973.81    64   20.8    6.3   14.6   19.3   15.7   12.9   11.6    -995    -995    -995
 KIN2   133    20     71   20.2    7.5    7.5   176    5.0    1.1   10.0    0.00   973.77    42   20.6    6.0   -995   -995   -995   -995   -995    -995    -995    -995
 KIN2   133    25     71   20.1    8.2    8.1   180    5.7    0.9   10.6    0.00   973.78    27   20.5    6.5   -995   -995   -995   -995   -995    -995    -995    -995
 KIN2   133    30     72   19.9    7.5    7.5   181    6.1    0.9   10.4    0.00   973.82    22   20.3    5.8   14.6   19.2   15.6   12.9   11.6    1.66    1.58    1.96
 KIN2   133    35     72   19.8    6.9    6.9   173    6.0    0.9    9.9    0.00   973.83    17   20.2    5.3   -995   -995   -995   -995   -995    -995    -995    -995
 KIN2   133    40     73   19.6    6.4    6.4   171    5.3    0.7    8.2    0.00   973.89    10   20.0    4.9   -995   -995   -995   -995   -995    -995    -995    -995
 KIN2   133    45     74   19.5    6.6    6.5   170    5.8    0.9   10.0    0.00   973.86     5   19.9    5.2   14.6   19.1   15.6   13.0   11.7    -995    -995    -995
 KIN2   133    50     74   19.3    6.6    6.6   173    6.1    0.9    9.1    0.00   973.98     2   19.8    5.1   -995   -995   -995   -995   -995    -995    -995    -995
 KIN2   133    55     74   19.3    6.5    6.4   175    7.1    0.8    8.7    0.00   974.08     2   19.7    5.0   -995   -995   -995   -995   -995    -995    -995    -995
 KIN2   133    60     74   19.3    6.6    6.6   179    6.3    1.0    9.3    0.00   974.29     1   19.7    5.1   14.6   19.0   15.5   13.0   11.7    1.67    1.58    1.96
 KIN2   133    65     75   19.1    6.0    6.0   181    5.6    0.7    8.1    0.00   974.49     1   19.6    4.5   -995   -995   -995   -995   -995    -995    -995    -995
 KIN2   133    70     75   19.1    6.6    6.6   182    5.3    0.8    8.8    0.00   974.57     0   19.6    5.2   -995   -995   -995   -995   -995    -995    -995    -995
 KIN2   133    75     75   18.9    6.5    6.4   182    4.0    0.6    7.8    0.00   974.55     0   19.4    4.9   14.6   18.8   15.4   13.0   11.7    -995    -995    -995
 KIN2   133    80     76   18.9    6.2    6.1   184    7.9    0.9    8.2    0.00   974.65     0   19.4    4.6   -995   -995   -995   -995   -995    -995    -995    -995
 KIN2   133    85     76   18.8    5.4    5.3   184    7.1    0.7    6.6    0.00   974.80     0   19.3    3.9   -995   -995   -995   -995   -995    -995    -995    -995
 KIN2   133    90     76   18.8    5.6    5.5   184    5.9    0.5    6.6    0.00   974.90     0   19.3    4.2   14.6   18.7   15.3   13.0   11.7    1.68    1.58    1.96
 KIN2   133    95     76   18.7    5.6    5.6   183    4.9    0.6    7.3    0.00   974.91     0   19.2    4.2   -995   -995   -995   -995   -995    -995    -995    -995
 KIN2   133   100     77   18.6    5.4    5.4   183    5.3    0.5    6.6    0.00   974.95     0   19.1    4.0   -995   -995   -995   -995   -995    -995    -995    -995
 KIN2   133   105     77   18.5    5.5    5.5   184    5.3    0.6    7.3    0.00   975.07     0   19.1    4.1   14.5   18.5   15.2   13.0   11.7    -995    -995    -995
 KIN2   133   110     77   18.5    5.6    5.6   187    5.7    0.6    7.2    0.00   975.12     0   19.0    4.4   -995   -995   -995   -995   -995    -995    -995    -995
 KIN2   133   115     78   18.4    5.5    5.4   187    6.4    0.4    6.3    0.00   975.20     0   18.9    4.1   -995   -995   -995   -995   -995    -995    -995    -995
 KIN2   133   120     79   18.2    4.9    4.9   184    5.0    0.5    6.1    0.00   975.28     0   18.8    3.6   14.5   18.4   15.1   13.0   11.7    1.68    1.57    1.95
 KIN2   133   125     79   18.2    4.8    4.8   186    6.2    0.5    6.1    0.00   975.33     0   18.7    3.4   -995   -995   -995   -995   -995    -995    -995    -995
 KIN2   133   130     80   18.1    4.8    4.8   186    6.3    0.6    6.2    0.00   975.37     0   18.6    3.4   -995   -995   -995   -995   -995    -995    -995    -995
 KIN2   133   135     79   18.1    4.8    4.8   186    5.6    0.6    6.5    0.00   975.42     0   18.6    3.4   14.4   18.2   15.1   13.1   11.7    -995    -995    -995
 KIN2   133   140     81   17.8    4.1    4.1   179    4.7    0.4    5.1    0.00   975.51     0   18.3    2.9   -995   -995   -995   -995   -995    -995    -995    -995
 KIN2   133   145     83   17.4    3.9    3.9   175    4.6    0.3    4.7    0.00   975.55     0   18.0    2.5   -995   -995   -995   -995   -995    -995    -995    -995
 KIN2   133   150     84   17.2    4.0    4.0   178    4.3    0.3    4.7    0.00   975.53     0   17.9    2.6   14.4   18.1   15.0   13.1   11.7    1.69    1.58    1.96
 KIN2   133   155     84   17.1    4.0    4.0   183    4.4    0.3    4.7    0.00   975.56     0   17.8    2.5   -995   -995   -995   -995   -995    -995    -995    -995
 KIN2   133   160     85   17.0    3.7    3.7   182    5.1    0.3    4.5    0.00   975.56     0   17.7    2.4   -995   -995   -995   -995   -995    -995    -995    -995
 KIN2   133   165     85   16.9    3.9    3.9   180    4.7    0.3    4.7    0.00   975.52     0   17.7    2.5   14.4   18.0   14.9   13.1   11.7    -995    -995    -995
 KIN2   133   170     85   16.9    4.2    4.1   184    4.7    0.3    4.7    0.00   975.46     0   17.6    2.6   -995   -995   -995   -995   -995    -995    -995    -995
 KIN2   133   175     85   17.0    3.9    3.9   186    4.8    0.4    4.9    0.00   975.49     0   17.7    2.6   -995   -995   -995   -995   -995    -995    -995    -995
 KIN2   133   180     85   16.9    3.3    3.3   183    4.6    0.3    4.4    0.00   975.58     0   17.6    2.1   14.4   17.8   14.9   13.1   11.7    1.69    1.57    1.96
 KIN2   133   185     85   16.7    3.1    3.1   181    3.4    0.2    3.7    0.00   975.67     0   17.6    1.7   -995   -995   -995   -995   -995    -995    -995    -995
 KIN2   133   190     86   16.5    2.9    2.9   174    4.5    0.2    3.5    0.00   975.69     0   17.6    1.5   -995   -995   -995   -995   -995    -995    -995    -995
 KIN2   133   195     87   16.4    3.1    3.1   171    4.3    0.3    4.1    0.00   975.68     0   17.7    1.5   14.3   17.7   14.8   13.1   11.7    -995    -995    -995
 KIN2   133   200     86   16.7    3.6    3.6   176    4.3    0.4    4.4    0.00   975.69     0   17.8    2.1   -995   -995   -995   -995   -995    -995    -995    -995
 KIN2   133   205     86   16.6    3.2    3.2   180    3.6    0.3    3.8    0.00   975.70     0   17.9    1.8   -995   -995   -995   -995   -995    -995    -995    -995
 KIN2   133   210     87   16.6    2.8    2.8   181    2.8    0.2    3.3    0.00   975.71     0   17.8    1.6   14.3   17.6   14.7   13.1   11.7    1.69    1.58    1.96
 KIN2   133   215     88   16.2    2.7    2.7   179    3.1    0.2    3.0    0.00   975.77     0   17.6    1.3   -995   -995   -995   -995   -995    -995    -995    -995
 KIN2   133   220     89   16.0    2.5    2.5   180    3.3    0.3    3.5    0.00   975.76     0   17.5    1.2   -995   -995   -995   -995   -995    -995    -995    -995
 KIN2   133   225     90   15.7    3.1    3.1   181    2.4    0.2    3.5    0.00   975.67     0   17.3    1.5   14.2   17.5   14.7   13.1   11.7    -995    -995    -995
 KIN2   133   230     91   15.3    3.4    3.4   179    1.5    0.2    3.8    0.00   975.54     0   17.2    1.6   -995   -995   -995   -995   -995    -995    -995    -995
 KIN2   133   235     91   15.3    3.2    3.2   177    2.1    0.1    3.5    0.00   975.48     0   17.2    1.5   -995   -995   -995   -995   -995    -995    -995    -995
 KIN2   133   240     91   15.4    3.0    3.0   174    2.6    0.1    3.3    0.00   975.42     0   17.0    1.3   14.2   17.4   14.6   13.1   11.7    1.70    1.58    1.96
 KIN2   133   245     91   15.5    2.7    2.7   170    3.2    0.2    3.1    0.00   975.36     0   17.0    1.0   -995   -995   -995   -995   -995    -995    -995    -995
 KIN2   133   250     91   15.7    2.1    2.1   168    5.4    0.2    2.7    0.00   975.34     0   17.0    0.8   -995   -995   -995   -995   -995    -995    -995    -995
 KIN2   133   255     89   15.8    2.0    2.0   172    6.4    0.3    2.7    0.00   975.33     0   17.1    0.5   14.2   17.2   14.6   13.1   11.7    -995    -995    -995
 KIN2   133   260     89   15.9    1.9    1.9   176    4.6    0.2    2.5    0.00   975.35     0   17.1    0.8   -995   -995   -995   -995   -995    -995    -995    -995
 KIN2   133   265     89   15.5    1.9    1.9   171    3.6    0.2    2.4    0.00   975.36     0   17.0    0.4   -995   -995   -995   -995   -995    -995    -995    -995
 KIN2   133   270     90   15.4    1.8    1.8   167    3.6    0.1    2.0    0.00   975.34     0   16.9    0.0   14.1   17.1   14.5   13.1   11.7    1.70    1.58    1.96
 KIN2   133   275     90   15.6    1.7    1.7   163    4.5    0.2    2.3    0.00   975.32     0   17.0    0.0   -995   -995   -995   -995   -995    -995    -995    -995
 KIN2   133   280     90   15.6    1.4    1.4   162    5.5    0.1    1.6    0.00   975.30     0   17.1    0.1   -995   -995   -995   -995   -995    -995    -995    -995
 KIN2   133   285     90   15.7    1.8    1.8   172    3.2    0.2    2.1    0.00   975.25     0   17.2    0.8   14.1   17.0   14.4   13.1   11.7    -995    -995    -995
 KIN2   133   290     88   15.5    2.1    2.1   175    1.6    0.2    2.5    0.00   975.23     0   17.3    1.2   -995   -995   -995   -995   -995    -995    -995    -995
 KIN2   133   295     89   15.4    2.6    2.6   172    3.4    0.3    3.7    0.00   975.20     0   17.4    1.4   -995   -995   -995   -995   -995    -995    -995    -995
 KIN2   133   300     88   15.2    3.5    3.5   172    3.3    0.2    4.2    0.00   975.15     0   17.2    1.8   14.1   16.9   14.3   13.1   11.7    1.70    1.58    1.96
 KIN2   133   305     89   15.5    4.0    4.0   171    4.4    0.4    4.9    0.00   975.09     0   17.1    2.2   -995   -995   -995   -995   -995    -995    -995    -995
 KIN2   133   310     87   16.1    3.8    3.8   170    6.0    0.3    4.9    0.00   975.05     0   17.2    2.2   -995   -995   -995   -995   -995    -995    -995    -995
 KIN2   133   315     84   16.7    4.0    3.9   170    6.4    0.4    5.3    0.00   975.03     0   17.5    2.7   14.0   16.7   14.2   13.1   11.7    -995    -995    -995
 KIN2   133   320     82   16.9    3.6    3.5   169    7.0    0.5    4.8    0.00   974.99     0   17.6    2.5   -995   -995   -995   -995   -995    -995    -995    -995
 KIN2   133   325     80   17.0    3.3    3.2   169    8.8    0.5    4.6    0.00   974.96     0   17.7    2.3   -995   -995   -995   -995   -995    -995    -995    -995
 KIN2   133   330     81   16.9    3.2    3.1   174    8.0    0.5    4.1    0.00   974.93     0   17.7    1.9   13.9   16.6   14.1   13.1   11.6    1.71    1.57    1.95
 KIN2   133   335     80   17.0    2.9    2.9   177    7.1    0.4    3.6    0.00   974.87     0   17.6    2.0   -995   -995   -995   -995   -995    -995    -995    -995
 KIN2   133   340     80   16.9    2.9    2.9   173    8.7    0.5    4.2    0.00   974.80     0   17.6    1.9   -995   -995   -995   -995   -995    -995    -995    -995
 KIN2   133   345     79   17.0    2.8    2.8   168    7.7    0.4    3.9    0.00   974.75     0   17.7    2.0   13.9   16.5   14.1   13.0   11.6    -995    -995    -995
 KIN2   133   350     79   16.9    2.7    2.7   170    6.2    0.3    3.8    0.00   974.70     0   17.6    1.6   -995   -995   -995   -995   -995    -995    -995    -995
 KIN2   133   355     80   16.8    2.3    2.3   172    8.3    0.3    3.1    0.00   974.66     0   17.5    1.4   -995   -995   -995   -995   -995    -995    -995    -995
 KIN2   133   360     81   16.6    2.7    2.6   177    8.4    0.4    3.8    0.00   974.63     0   17.5    1.6   13.8   16.4   14.0   13.1   11.6    1.71    1.57    1.96
 KIN2   133   365     80   16.7    3.1    3.1   177    7.7    0.6    4.8    0.00   974.59     0   17.4    2.0   -995   -995   -995   -995   -995    -995    -995    -995
 KIN2   133   370     79   16.9    3.4    3.3   171    6.1    0.3    4.0    0.00   974.57     0   17.6    2.2   -995   -995   -995   -995   -995    -995    -995    -995
 KIN2   133   375     78   17.0    3.5    3.5   171    7.1    0.4    5.0    0.00   974.58     0   17.7    2.2   13.8   16.3   14.0   13.1   11.6    -995    -995    -995
 KIN2   133   380     78   17.0    3.1    3.0   172    7.8    0.3    3.9    0.00   974.59     0   17.6    2.1   -995   -995   -995   -995   -995    -995    -995    -995
 KIN2   133   385     78   16.9    3.0    3.0   172    6.0    0.3    4.1    0.00   974.57     0   17.6    2.0   -995   -995   -995   -995   -995    -995    -995    -995
 KIN2   133   390     79   16.7    3.0    3.0   167    6.2    0.4    3.9    0.00   974.53     0   17.5    1.9   13.8   16.3   14.0   13.1   11.7    1.70    1.57    1.96
 KIN2   133   395     79   16.5    2.6    2.6   166    6.9    0.4    3.8    0.00   974.47     0   17.5    1.5   -995   -995   -995   -995   -995    -995    -995    -995
 KIN2   133   400     80   16.5    2.8    2.8   164    5.4    0.4    4.2    0.00   974.43     0   17.3    1.8   -995   -995   -995   -995   -995    -995    -995    -995
 KIN2   133   405     79   16.6    2.6    2.5   164    8.3    0.4    3.8    0.00   974.41     0   17.3    1.7   13.8   16.2   14.0   13.1   11.7    -995    -995    -995
 KIN2   133   410     79   16.4    2.4    2.4   160    7.4    0.3    3.3    0.00   974.42     0   17.2    1.4   -995   -995   -995   -995   -995    -995    -995    -995
 KIN2   133   415     79   16.3    1.9    1.9   157    8.8    0.3    2.5    0.00   974.43     0   17.2    0.6   -995   -995   -995   -995   -995    -995    -995    -995
 KIN2   133   420     79   16.3    1.6    1.5   155    7.2    0.4    2.5    0.00   974.46     0   17.2    0.2   13.8   16.2   14.0   13.1   11.7    1.71    1.57    1.96
 KIN2   133   425     80   16.1    1.2    1.2   154   13.1    0.2    1.6    0.00   974.45     0   17.0    0.0   -995   -995   -995   -995   -995    -995    -995    -995
 KIN2   133   430     80   16.1    1.7    1.7   161   10.1    0.5    3.8    0.00   974.39     0   17.0    0.5   -995   -995   -995   -995   -995    -995    -995    -995
 KIN2   133   435     81   15.8    1.8    1.8   165    6.6    0.3    2.6    0.00   974.31     0   16.9    0.8   13.8   16.1   14.0   13.1   11.7    -995    -995    -995
 KIN2   133   440     82   15.5    2.3    2.3   169    7.3    0.3    3.0    0.00   974.26     0   16.9    1.2   -995   -995   -995   -995   -995    -995    -995    -995
 KIN2   133   445     84   15.2    2.6    2.5   174    6.0    0.3    3.7    0.00   974.22     0   16.8    1.1   -995   -995   -995   -995   -995    -995    -995    -995
 KIN2   133   450     83   15.5    2.9    2.9   178    7.3    0.3    3.9    0.00   974.15     0   16.7    1.6   13.8   16.0   14.0   13.1   11.8    1.72    1.58    1.95
 KIN2   133   455     83   15.3    2.5    2.5   180    3.7    0.2    3.0    0.00   974.08     0   16.5    1.3   -995   -995   -995   -995   -995    -995    -995    -995
 KIN2   133   460     84   15.3    2.6    2.6   177    5.9    0.4    3.9    0.00   974.00     0   16.4    1.2   -995   -995   -995   -995   -995    -995    -995    -995
 KIN2   133   465     83   15.5    2.8    2.8   175    5.9    0.4    3.7    0.00   973.95     0   16.5    1.5   13.7   16.0   13.9   13.1   11.8    -995    -995    -995
 KIN2   133   470     83   15.5    2.4    2.4   177    6.6    0.3    3.3    0.00   973.89     0   16.5    1.2   -995   -995   -995   -995   -995    -995    -995    -995
 KIN2   133   475     83   15.6    2.4    2.3   174    6.7    0.2    3.2    0.00   973.86     0   16.5    1.2   -995   -995   -995   -995   -995    -995    -995    -995
 KIN2   133   480     82   15.6    2.5    2.5   174    6.3    0.4    3.6    0.00   973.77     0   16.5    1.4   13.7   15.9   13.9   13.1   11.8    1.72    1.58    1.95
 KIN2   133   485     83   15.6    2.7    2.7   170    6.9    0.3    3.8    0.00   973.68     0   16.6    1.5   -995   -995   -995   -995   -995    -995    -995    -995
 KIN2   133   490     82   15.7    3.2    3.2   169    5.7    0.4    4.4    0.00   973.57     0   16.7    1.9   -995   -995   -995   -995   -995    -995    -995    -995
 KIN2   133   495     80   16.0    3.5    3.5   172    6.4    0.5    4.9    0.00   973.51     0   16.8    2.2   13.7   15.8   13.8   13.1   11.8    -995    -995    -995
 KIN2   133   500     80   15.9    3.7    3.6   176    5.8    0.3    4.8    0.00   973.48     0   16.8    2.2   -995   -995   -995   -995   -995    -995    -995    -995
 KIN2   133   505     80   16.0    4.0    4.0   179    5.5    0.4    5.1    0.00   973.43     0   16.7    2.7   -995   -995   -995   -995   -995    -995    -995    -995
 KIN2   133   510     81   15.8    3.8    3.8   179    5.0    0.4    4.7    0.00   973.38     0   16.6    2.5   13.6   15.7   13.8   13.1   11.7    1.72    1.58    1.96
 KIN2   133   515     81   15.8    3.8    3.8   177    4.1    0.4    4.5    0.00   973.33     0   16.6    2.4   -995   -995   -995   -995   -995    -995    -995    -995
 KIN2   133   520     81   15.9    3.8    3.8   175    4.0    0.3    4.7    0.00   973.26     0   16.6    2.5   -995   -995   -995   -995   -995    -995    -995    -995
 KIN2   133   525     81   15.8    3.7    3.7   173    4.8    0.3    4.6    0.00   973.20     0   16.6    2.3   13.6   15.6   13.7   13.1   11.7    -995    -995    -995
 KIN2   133   530     81   15.8    3.7    3.7   173    4.3    0.3    4.4    0.00   973.14     0   16.5    2.3   -995   -995   -995   -995   -995    -995    -995    -995
 KIN2   133   535     82   15.6    3.6    3.6   176    4.8    0.3    4.4    0.00   973.10     0   16.5    2.2   -995   -995   -995   -995   -995    -995    -995    -995
 KIN2   133   540     82   15.6    3.5    3.5   174    4.5    0.4    4.6    0.00   973.04     0   16.4    2.2   13.6   15.6   13.7   13.0   11.7    1.73    1.58    1.96
 KIN2   133   545     82   15.7    3.7    3.7   172    6.2    0.4    4.9    0.00   973.01     0   16.4    2.3   -995   -995   -995   -995   -995    -995    -995    -995
 KIN2   133   550     81   15.9    4.1    4.1   174    6.1    0.5    5.1    0.00   972.96     0   16.6    2.8   -995   -995   -995   -995   -995    -995    -995    -995
 KIN2   133   555     80   16.1    4.7    4.7   175    6.7    0.6    6.2    0.00   972.90     0   16.7    3.3   13.6   15.5   13.7   13.0   11.8    -995    -995    -995
 KIN2   133   560     78   16.4    4.9    4.9   177    5.6    0.5    6.5    0.00   972.88     0   16.9    3.8   -995   -995   -995   -995   -995    -995    -995    -995
 KIN2   133   565     78   16.4    4.8    4.7   178    5.3    0.5    5.9    0.00   972.90     0   16.9    3.5   -995   -995   -995   -995   -995    -995    -995    -995
 KIN2   133   570     78   16.5    4.9    4.9   178    5.3    0.9    7.6    0.00   972.92     0   17.0    3.7   13.5   15.4   13.7   13.0   11.7    1.73    1.58    1.96
 KIN2   133   575     78   16.5    4.5    4.4   178    5.9    0.4    5.3    0.00   972.94     0   16.9    3.1   -995   -995   -995   -995   -995    -995    -995    -995
 KIN2   133   580     78   16.5    4.4    4.4   177    4.4    0.5    5.4    0.00   972.94     0   17.0    3.1   -995   -995   -995   -995   -995    -995    -995    -995
 KIN2   133   585     78   16.5    4.3    4.3   174    8.0    0.7    6.3    0.00   972.92     0   17.0    3.1   13.5   15.4   13.6   13.0   11.7    -995    -995    -995
 KIN2   133   590     78   16.6    4.0    4.0   170    5.4    0.5    5.3    0.00   972.92     0   17.0    3.0   -995   -995   -995   -995   -995    -995    -995    -995
 KIN2   133   595     78   16.4    3.2    3.2   170    8.5    0.4    4.1    0.00   972.95     0   17.0    2.2   -995   -995   -995   -995   -995    -995    -995    -995
 KIN2   133   600     78   16.6    4.1    4.1   173    9.0    0.7    5.6    0.00   972.94     0   17.1    3.0   13.5   15.3   13.6   13.0   11.7    1.73    1.58    1.96
 KIN2   133   605     77   16.5    3.7    3.7   172    6.5    0.4    4.7    0.00   972.94     0   17.1    2.8   -995   -995   -995   -995   -995    -995    -995    -995
 KIN2   133   610     78   16.4    3.6    3.5   167    7.9    0.5    4.7    0.00   972.89     0   17.0    2.5   -995   -995   -995   -995   -995    -995    -995    -995
 KIN2   133   615     79   16.1    3.2    3.2   167    6.1    0.3    3.8    0.00   972.89     0   16.8    2.2   13.5   15.3   13.6   13.0   11.8    -995    -995    -995
 KIN2   133   620     80   15.8    3.2    3.1   170    7.1    0.4    4.3    0.00   972.91     0   16.7    2.0   -995   -995   -995   -995   -995    -995    -995    -995
 KIN2   133   625     80   16.0    3.7    3.7   168    6.9    0.5    5.1    0.00   972.84     0   16.7    2.7   -995   -995   -995   -995   -995    -995    -995    -995
 KIN2   133   630     80   16.0    4.1    4.1   172    7.0    0.8    6.6    0.00   972.76     0   16.6    3.0   13.5   15.3   13.6   13.0   11.8    1.73    1.58    1.96
 KIN2   133   635     79   16.1    5.2    5.2   176    8.0    0.8    7.3    0.00   972.62     0   16.8    3.8   -995   -995   -995   -995   -995    -995    -995    -995
 KIN2   133   640     80   16.0    5.1    5.1   178    5.8    0.6    6.8    0.00   972.42     0   16.6    3.8   -995   -995   -995   -995   -995    -995    -995    -995
 KIN2   133   645     81   15.9    4.9    4.8   183    5.8    0.5    6.2    0.00   972.29     0   16.4    3.5   13.5   15.2   13.6   13.0   11.8    -995    -995    -995
 KIN2   133   650     81   15.9    5.1    5.1   190    7.2    0.8    6.9    0.00   972.27     0   16.5    4.0   -995   -995   -995   -995   -995    -995    -995    -995
 KIN2   133   655     82   15.7    4.5    4.5   200    7.5    0.5    6.0    0.00   972.28     0   16.3    3.2   -995   -995   -995   -995   -995    -995    -995    -995
 KIN2   133   660     82   15.6    4.4    4.4   204    5.2    0.6    5.9    0.00   972.19     0   16.2    3.3   13.5   15.2   13.6   13.0   11.8    1.73    1.57    1.95
 KIN2   133   665     83   15.4    4.4    4.3   203    7.3    0.5    6.0    0.00   972.11     0   16.0    3.0   -995   -995   -995   -995   -995    -995    -995    -995
 KIN2   133   670     84   15.3    3.8    3.8   200    6.9    0.6    5.6    0.00   972.11     0   15.9    2.8   -995   -995   -995   -995   -995    -995    -995    -995
 KIN2   133   675     85   14.8    2.7    2.7   194    8.1    0.5    3.8    0.00   972.19     0   15.6    1.5   13.5   15.1   13.6   13.0   11.8    -995    -995    -995
 KIN2   133   680     86   14.7    1.4    1.4   180   16.2    0.4    2.7    0.00   972.39     0   15.5    0.1   -995   -995   -995   -995   -995    -995    -995    -995
 KIN2   133   685     87   14.2    1.8    1.8   135    5.8    0.2    2.2    0.00   972.52     0   15.5    0.9   -995   -995   -995   -995   -995    -995    -995    -995
 KIN2   133   690     88   14.6    2.2    2.1   128   10.1    0.3    3.0    0.00   972.66     0   15.9    1.3   13.5   15.1   13.6   13.1   11.9    1.74    1.58    1.95
 KIN2   133   695     86   15.1    2.1    2.0   130    8.0    0.3    2.7    0.00   972.73     0   16.0    1.3   -995   -995   -995   -995   -995    -995    -995    -995
 KIN2   133   700     85   15.3    1.8    1.8   149    8.9    0.3    2.8    0.00   972.78     0   15.9    1.0   -995   -995   -995   -995   -995    -995    -995    -995
 KIN2   133   705     85   15.2    1.9    1.9   154    7.8    0.2    2.4    0.00   972.80     0   15.9    0.8   13.4   15.1   13.6   13.1   11.9    -995    -995    -995
 KIN2   133   710     85   15.4    1.5    1.5   144   10.9    0.3    2.2    0.00   972.84     0   15.9    0.4   -995   -995   -995   -995   -995    -995    -995    -995
 KIN2   133   715     85   15.6    1.7    1.6   132   11.1    0.4    2.5    0.00   972.93     0   16.0    1.0   -995   -995   -995   -995   -995    -995    -995    -995
 KIN2   133   720     84   15.8    1.7    1.6   130   14.3    0.3    2.5    0.00   973.02     0   16.2    1.1   13.4   14.9   13.5   13.0   11.9    1.73    1.58    1.96
 KIN2   133   725     83   15.9    2.3    2.3   126   10.1    0.4    3.7    0.00   973.09     0   16.3    1.7   -995   -995   -995   -995   -995    -995    -995    -995
 KIN2   133   730     82   16.1    2.9    2.8   143   12.8    0.7    4.7    0.00   973.15     0   16.4    2.1   -995   -995   -995   -995   -995    -995    -995    -995
 KIN2   133   735     82   16.1    3.5    3.4   155    7.4    0.5    4.9    0.00   973.16     0   16.5    2.6   13.3   14.9   13.4   13.0   11.8    -995    -995    -995
 KIN2   133   740     82   16.1    3.6    3.6   158    7.6    0.5    4.7    0.00   973.14     0   16.5    2.8   -995   -995   -995   -995   -995    -995    -995    -995
 KIN2   133   745     82   16.2    3.5    3.5   155    6.8    0.5    4.5    0.00   973.13     0   16.5    2.7   -995   -995   -995   -995   -995    -995    -995    -995
 KIN2   133   750     82   16.1    3.8    3.8   160    8.1    0.4    4.8    0.00   973.14     1   16.5    2.8   13.3   14.8   13.4   12.9   11.8    1.74    1.58    1.96
 KIN2   133   755     82   16.2    4.4    4.4   161    6.9    0.6    6.2    0.00   973.13     1   16.5    3.4   -995   -995   -995   -995   -995    -995    -995    -995
 KIN2   133   760     82   16.1    4.1    4.1   160    7.1    0.5    5.5    0.00   973.15     1   16.4    3.0   -995   -995   -995   -995   -995    -995    -995    -995
 KIN2   133   765     82   16.1    4.4    4.3   157    6.5    0.7    6.4    0.00   973.19     1   16.5    3.3   13.3   14.8   13.4   12.9   11.8    -995    -995    -995
 KIN2   133   770     82   16.1    4.6    4.6   159    6.2    0.5    5.6    0.00   973.19     1   16.5    3.5   -995   -995   -995   -995   -995    -995    -995    -995
 KIN2   133   775     82   16.2    5.0    5.0   163    5.1    0.7    7.1    0.00   973.24     2   16.4    3.9   -995   -995   -995   -995   -995    -995    -995    -995
 KIN2   133   780     82   16.2    4.4    4.4   164    5.9    0.6    5.7    0.00   973.33     2   16.4    3.5   13.3   14.8   13.4   12.9   11.8    1.73    1.58    1.96
 KIN2   133   785     82   16.2    4.6    4.6   161    6.6    0.7    6.9    0.00   973.36     2   16.4    3.6   -995   -995   -995   -995   -995    -995    -995    -995
 KIN2   133   790     82   16.2    4.9    4.9   165    7.9    0.8    7.1    0.00   973.33     3   16.5    3.9   -995   -995   -995   -995   -995    -995    -995    -995
 KIN2   133   795     82   16.2    5.2    5.1   166    5.6    0.6    6.6    0.00   973.31     4   16.4    4.2   13.3   14.8   13.5   12.9   11.8    -995    -995    -995
 KIN2   133   800     82   16.2    6.4    6.4   163    6.3    0.6    8.2    0.00   973.28     5   16.5    5.0   -995   -995   -995   -995   -995    -995    -995    -995
 KIN2   133   805     81   16.3    6.3    6.3   160    6.4    1.0    8.4    0.00   973.33     6   16.6    4.9   -995   -995   -995   -995   -995    -995    -995    -995
 KIN2   133   810     81   16.3    6.1    6.1   163    6.1    1.1    8.7    0.00   973.37     8   16.5    4.9   13.3   14.8   13.5   12.9   11.8    1.74    1.57    1.96
 KIN2   133   815     82   16.1    4.8    4.8   165    6.7    0.5    5.8    0.00   973.47    17   16.4    3.6   -995   -995   -995   -995   -995    -995    -995    -995
 KIN2   133   820     82   16.2    4.6    4.6   162    5.8    0.5    5.7    0.00   973.57    22   16.4    3.6   -995   -995   -995   -995   -995    -995    -995    -995
 KIN2   133   825     82   16.2    3.7    3.7   161    7.4    0.6    4.8    0.00   973.73    21   16.4    3.0   13.3   14.8   13.5   12.9   11.8    -995    -995    -995
 KIN2   133   830     82   16.2    3.1    3.1   158    7.6    0.5    4.4    0.00   973.88    20   16.4    2.5   -995   -995   -995   -995   -995    -995    -995    -995
 KIN2   133   835     82   16.2    2.5    2.5   156    8.0    0.4    3.9    0.00   973.95    19   16.4    2.0   -995   -995   -995   -995   -995    -995    -995    -995
 KIN2   133   840     82   16.2    2.3    2.3   151   10.4    0.4    3.3    0.00   973.94    21   16.4    1.6   13.3   14.8   13.5   12.9   11.9    1.74    1.58    1.96
 KIN2   133   845     83   16.1    2.3    2.2   156   12.2    0.6    3.8    0.00   973.94    22   16.3    1.7   -995   -995   -995   -995   -995    -995    -995    -995
 KIN2   133   850     83   16.1    2.8    2.7   153   12.0    0.6    4.1    0.00   973.90    28   16.3    2.2   -995   -995   -995   -995   -995    -995    -995    -995
 KIN2   133   855     83   16.1    3.4    3.3   154   11.1    0.9    5.1    0.00   973.93    32   16.3    2.7   13.3   14.8   13.5   12.9   11.9    -995    -995    -995
 KIN2   133   860     83   16.1    3.3    3.3   155    9.8    0.6    4.6    0.00   973.95    32   16.2    2.7   -995   -995   -995   -995   -995    -995    -995    -995
 KIN2   133   865     83   16.1    4.2    4.1   149    9.5    0.7    5.8    0.00   973.97    31   16.2    3.4   -995   -995   -995   -995   -995    -995    -995    -995
 KIN2   133   870     83   16.1    3.7    3.6   148    7.2    0.7    5.1    0.00   973.95    33   16.2    2.9   13.3   14.8   13.6   12.9   11.9    1.74    1.58    1.95
 KIN2   133   875     83   16.2    4.3    4.2   148   10.9    0.6    5.8    0.00   973.90    37   16.3    3.4   -995   -995   -995   -995   -995    -995    -995    -995
 KIN2   133   880     83   16.1    4.8    4.8   155    7.3    1.2    6.8    0.00   973.89    42   16.3    3.7   -995   -995   -995   -995   -995    -995    -995    -995
 KIN2   133   885     83   16.2    5.1    5.0   156    7.9    0.8    6.8    0.00   973.88    49   16.3    4.1   13.3   14.8   13.6   12.9   11.9    -995    -995    -995
 KIN2   133   890     83   16.2    4.9    4.8   159    6.7    0.7    6.0    0.00   973.90    57   16.3    3.8   -995   -995   -995   -995   -995    -995    -995    -995
 KIN2   133   895     83   16.2    5.2    5.1   162    7.0    0.8    6.7    0.00   973.91    62   16.3    4.0   -995   -995   -995   -995   -995    -995    -995    -995
 KIN2   133   900     84   16.3    4.6    4.5   167    9.1    0.7    6.4    0.00   973.88    66   16.4    3.7   13.3   14.8   13.6   12.9   11.9    1.74    1.58    1.95
 KIN2   133   905     83   16.4    6.1    6.0   164    7.2    1.1    8.7    0.00   973.79    80   16.4    4.9   -995   -995   -995   -995   -995    -995    -995    -995
 KIN2   133   910     83   16.4    5.9    5.9   167    6.9    0.9    8.8    0.00   973.74    85   16.4    4.7   -995   -995   -995   -995   -995    -995    -995    -995
 KIN2   133   915     83   16.4    6.2    6.2   167    6.9    1.0    8.5    0.00   973.66    93   16.5    5.1   13.3   14.8   13.6   12.9   11.9    -995    -995    -995
 KIN2   133   920     83   16.5    6.7    6.7   169    7.2    0.9    8.7    0.00   973.59   104   16.5    5.4   -995   -995   -995   -995   -995    -995    -995    -995
 KIN2   133   925     83   16.5    6.5    6.4   172    7.0    0.7    7.8    0.00   973.60   109   16.5    5.3   -995   -995   -995   -995   -995    -995    -995    -995
 KIN2   133   930     83   16.6    6.3    6.3   170    7.0    1.0    8.6    0.00   973.60   120   16.5    5.2   13.3   14.8   13.6   12.9   11.9    1.75    1.57    1.96
 KIN2   133   935     83   16.6    6.7    6.6   168    8.8    0.9    9.3    0.00   973.57   130   16.6    5.3   -995   -995   -995   -995   -995    -995    -995    -995
 KIN2   133   940     83   16.7    7.1    7.0   170    7.8    1.0    9.5    0.00   973.57   125   16.6    5.7   -995   -995   -995   -995   -995    -995    -995    -995
 KIN2   133   945     83   16.7    7.3    7.2   172    7.6    1.0   10.1    0.00   973.56   119   16.7    5.9   13.3   14.9   13.6   12.9   11.9    -995    -995    -995
 KIN2   133   950     83   16.7    7.1    7.0   171    7.7    1.1    8.8    0.00   973.56   129   16.7    5.7   -995   -995   -995   -995   -995    -995    -995    -995
 KIN2   133   955     83   16.8    6.7    6.7   178    6.9    1.1    9.1    0.00   973.53   156   16.7    5.5   -995   -995   -995   -995   -995    -995    -995    -995
 KIN2   133   960     83   16.9    6.6    6.6   177    6.6    0.8    8.7    0.00   973.47   173   16.8    5.3   13.3   14.9   13.7   12.9   11.9    1.74    1.57    1.96
 KIN2   133   965     83   17.0    6.7    6.6   178    6.5    0.8    8.5    0.00   973.40   182   16.8    5.6   -995   -995   -995   -995   -995    -995    -995    -995
 KIN2   133   970     82   17.0    7.0    6.9   176    6.4    1.0    9.6    0.00   973.33   181   16.9    5.7   -995   -995   -995   -995   -995    -995    -995    -995
 KIN2   133   975     83   17.1    5.8    5.7   174    7.5    0.9    7.8    0.00   973.23   192   17.0    4.8   13.3   14.9   13.7   12.9   11.9    -995    -995    -995
 KIN2   133   980     82   17.3    7.4    7.3   176    5.6    0.8    8.9    0.00   973.12   224   17.1    5.9   -995   -995   -995   -995   -995    -995    -995    -995
 KIN2   133   985     82   17.4    7.6    7.6   180    5.3    1.0    9.7    0.00   973.02   251   17.2    6.0   -995   -995   -995   -995   -995    -995    -995    -995
 KIN2   133   990     81   17.6    7.6    7.6   180    6.5    1.1    9.8    0.00   972.95   264   17.4    6.1   13.3   15.0   13.8   12.9   11.9    1.75    1.58    1.96
 KIN2   133   995     81   17.7    8.0    7.9   182    6.6    1.1   11.0    0.00   972.87   260   17.5    6.1   -995   -995   -995   -995   -995    -995    -995    -995
 KIN2   133  1000     81   17.8    8.1    8.1   183    6.1    1.0   10.0    0.00   972.81   246   17.6    6.4   -995   -995   -995   -995   -995    -995    -995    -995
 KIN2   133  1005     81   17.8    7.4    7.4   188    6.8    0.9    9.3    0.00   972.74   253   17.6    6.2   13.3   15.1   13.8   12.9   11.9    -995    -995    -995
 KIN2   133  1010     81   17.9    7.8    7.7   188    7.6    1.3   10.6    0.00   972.68   257   17.7    6.1   -995   -995   -995   -995   -995    -995    -995    -995
 KIN2   133  1015     81   17.9    8.2    8.2   185    5.2    0.9   10.4    0.00   972.65   224   17.7    6.7   -995   -995   -995   -995   -995    -995    -995    -995
 KIN2   133  1020     81   17.8    7.6    7.6   190    5.9    1.0    9.8    0.00   972.65   160   17.7    6.1   13.4   15.2   13.9   12.9   11.9    1.75    1.58    1.96
 KIN2   133  1025     82   17.7    7.4    7.4   189    6.8    0.8    9.2    0.00   972.65   129   17.7    5.8   -995   -995   -995   -995   -995    -995    -995    -995
 KIN2   133  1030     81   17.7    7.2    7.2   189    5.5    0.7    9.1    0.00   972.63   142   17.7    5.6   -995   -995   -995   -995   -995    -995    -995    -995
 KIN2   133  1035     81   17.9    7.1    7.1   192    5.6    0.9    8.7    0.00   972.62   165   17.9    5.4   13.4   15.3   14.0   12.9   11.9    -995    -995    -995
 KIN2   133  1040     81   18.1    7.1    7.0   195    7.4    1.2    9.5    0.00   972.58   213   18.0    5.8   -995   -995   -995   -995   -995    -995    -995    -995
 KIN2   133  1045     81   18.2    7.4    7.4   191    6.5    1.1   10.2    0.00   972.55   193   18.1    5.8   -995   -995   -995   -995   -995    -995    -995    -995
 KIN2   133  1050     81   18.1    6.6    6.6   192    5.5    1.0    8.3    0.00   972.60   135   18.0    5.1   13.4   15.4   14.1   12.9   11.9    1.76    1.58    1.96
 KIN2   133  1055     81   18.0    6.5    6.4   189    7.2    0.8    8.9    0.00   972.62   118   18.0    5.1   -995   -995   -995   -995   -995    -995    -995    -995
 KIN2   133  1060     82   18.0    6.1    6.1   192    6.3    0.5    7.1    0.00   972.57   121   18.0    4.8   -995   -995   -995   -995   -995    -995    -995    -995
 KIN2   133  1065     81   18.1    6.8    6.8   194    8.4    1.0    9.0    0.00   972.48   135   18.1    5.5   13.5   15.5   14.2   12.9   11.9    -995    -995    -995
 KIN2   133  1070     81   18.1    7.1    7.0   192    7.2    1.1    9.2    0.00   972.43   136   18.1    5.5   -995   -995   -995   -995   -995    -995    -995    -995
 KIN2   133  1075     81   18.2    6.5    6.5   188    6.5    1.0    8.5    0.00   972.36   158   18.2    5.1   -995   -995   -995   -995   -995    -995    -995    -995
 KIN2   133  1080     81   18.2    6.6    6.5   188    6.7    1.0    8.7    0.00   972.30   164   18.2    5.1   13.5   15.6   14.2   12.9   11.9    1.75    1.58    1.96
 KIN2   133  1085     81   18.3    6.2    6.2   189    7.0    1.2    8.4    0.00   972.28   154   18.2    4.8   -995   -995   -995   -995   -995    -995    -995    -995
 KIN2   133  1090     81   18.2    6.4    6.3   185    5.8    0.9    7.9    0.00   972.26   136   18.2    5.0   -995   -995   -995   -995   -995    -995    -995    -995
 KIN2   133  1095     81   18.2    6.7    6.6   186    7.9    1.0    9.2    0.00   972.22   124   18.2    5.1   13.6   15.7   14.3   12.9   11.9    -995    -995    -995
 KIN2   133  1100     81   18.1    6.7    6.6   181    5.4    0.8    8.4    0.00   972.27    88   18.1    5.4   -995   -995   -995   -995   -995    -995    -995    -995
 KIN2   133  1105     81   18.0    5.8    5.8   180    5.6    0.9    8.2    0.00   972.26    82   18.1    4.5   -995   -995   -995   -995   -995    -995    -995    -995
 KIN2   133  1110     82   18.0    5.2    5.1   181    5.2    0.8    7.1    0.00   972.27    75   18.0    3.9   13.6   15.8   14.3   12.9   11.9    1.75    1.57    1.96
 KIN2   133  1115     82   17.9    5.2    5.2   182    5.7    0.7    7.1    0.00   972.25    63   18.0    4.0   -995   -995   -995   -995   -995    -995    -995    -995
 KIN2   133  1120     83   17.9    4.5    4.5   182    6.1    0.5    5.4    0.00   972.21    55   18.0    3.4   -995   -995   -995   -995   -995    -995    -995    -995
 KIN2   133  1125     83   17.9    4.6    4.6   179    4.9    0.5    6.0    0.00   972.14    52   18.0    3.6   13.6   15.8   14.4   12.9   12.0    -995    -995    -995
 KIN2   133  1130     83   17.9    4.5    4.4   181    5.9    0.4    5.4    0.00   972.05    54   18.0    3.4   -995   -995   -995   -995   -995    -995    -995    -995
 KIN2   133  1135     84   17.8    3.9    3.9   182    5.5    0.5    5.1    0.00   971.98    56   18.0    2.8   -995   -995   -995   -995   -995    -995    -995    -995
 KIN2   133  1140     84   17.8    3.8    3.8   184    5.1    0.6    5.8    0.00   971.91    59   18.0    3.0   13.7   15.9   14.4   13.0   12.0    1.76    1.58    1.96
 KIN2   133  1145     85   17.9    4.1    4.0   194    7.9    0.6    5.3    0.00   971.86    73   18.0    3.1   -995   -995   -995   -995   -995    -995    -995    -995
 KIN2   133  1150     85   17.9    4.3    4.3   208    6.5    0.5    5.3    0.00   971.90    75   18.0    3.3   -995   -995   -995   -995   -995    -995    -995    -995
 KIN2   133  1155     86   17.8    4.1    4.1   214    7.3    0.5    5.2    0.00   972.02    74   18.0    3.0   13.7   15.9   14.4   13.0   12.0    -995    -995    -995
 KIN2   133  1160     88   17.6    4.7    4.7   222    6.1    0.6    6.2    0.00   972.05    79   17.7    3.5   -995   -995   -995   -995   -995    -995    -995    -995
 KIN2   133  1165     89   17.4    3.8    3.8   225    7.5    0.6    5.5    0.00   972.11    88   17.5    2.8   -995   -995   -995   -995   -995    -995    -995    -995
 KIN2   133  1170     92   17.2    3.4    3.4   226    8.1    0.5    4.6    0.00   972.15    91   17.2    2.5   13.7   15.9   14.4   13.0   12.0    1.75    1.58    1.96
 KIN2   133  1175     93   17.2    3.1    3.1   223    6.4    0.3    4.0    0.00   972.11   112   17.1    2.4   -995   -995   -995   -995   -995    -995    -995    -995
 KIN2   133  1180     94   17.2    2.7    2.7   217    7.2    0.4    3.9    0.00   972.03   127   17.1    2.1   -995   -995   -995   -995   -995    -995    -995    -995
 KIN2   133  1185     95   17.2    2.8    2.7   210    8.9    0.3    3.6    0.25   971.97   117   17.1    2.2   13.8   15.9   14.4   13.0   12.0    -995    -995    -995
 KIN2   133  1190     95   17.1    3.2    3.2   207    8.3    0.3    3.9    0.25   971.92    93   17.0    2.5   -995   -995   -995   -995   -995    -995    -995    -995
 KIN2   133  1195     95   17.0    3.6    3.6   206    6.4    0.4    4.5    0.25   971.85    88   17.0    2.8   -995   -995   -995   -995   -995    -995    -995    -995
 KIN2   133  1200     96   17.0    3.8    3.8   206    4.6    0.5    4.9    0.25   971.80    79   16.9    3.0   13.8   15.9   14.4   13.0   12.0    1.76    1.58    1.96
 KIN2   133  1205     96   17.0    3.6    3.6   201    6.0    0.4    4.5    0.51   971.68    78   16.9    2.8   -995   -995   -995   -995   -995    -995    -995    -995
 KIN2   133  1210     97   17.0    3.3    3.3   203    5.9    0.4    4.1    0.51   971.59    85   17.0    2.6   -995   -995   -995   -995   -995    -995    -995    -995
 KIN2   133  1215     97   17.0    3.7    3.7   203    9.1    0.8    5.0    0.51   971.54    91   17.0    2.9   13.8   15.9   14.5   13.0   12.0    -995    -995    -995
 KIN2   133  1220     96   17.1    4.0    4.0   201    5.7    0.5    5.0    0.51   971.46   122   17.1    3.2   -995   -995   -995   -995   -995    -995    -995    -995
 KIN2   133  1225     96   17.2    3.8    3.7   204    5.6    0.4    4.9    0.51   971.38   134   17.2    3.1   -995   -995   -995   -995   -995    -995    -995    -995
 KIN2   133  1230     96   17.3    3.3    3.3   202    6.3    0.4    4.1    0.51   971.30   167   17.3    2.7   13.8   15.9   14.5   13.0   12.0    1.76    1.57    1.96
 KIN2   133  1235     96   17.5    3.1    3.1   206    8.0    0.4    4.2    0.51   971.22   157   17.5    2.5   -995   -995   -995   -995   -995    -995    -995    -995
 KIN2   133  1240     95   17.6    3.3    3.2   205    6.7    0.4    4.3    0.51   971.12   144   17.5    2.6   -995   -995   -995   -995   -995    -995    -995    -995
 KIN2   133  1245     95   17.6    3.0    3.0   208    7.3    0.4    3.9    0.51   971.06   160   17.6    2.4   13.8   15.9   14.5   13.0   12.0    -995    -995    -995
 KIN2   133  1250     94   17.8    2.7    2.7   212    7.5    0.3    3.5    0.51   970.96   170   17.8    2.1   -995   -995   -995   -995   -995    -995    -995    -995
 KIN2   133  1255     94   18.0    2.3    2.3   215   11.9    0.4    3.1    0.51   970.88   204   17.9    1.7   -995   -995   -995   -995   -995    -995    -995    -995
 KIN2   133  1260     93   18.1    2.6    2.6   224    6.6    0.3    3.2    0.51   970.79   222   18.0    1.9   13.8   16.0   14.5   12.9   11.9    1.76    1.59    1.95
 KIN2   133  1265     92   18.2    2.1    2.1   231   11.3    0.4    2.8    0.51   970.73   171   18.1    1.6   -995   -995   -995   -995   -995    -995    -995    -995
 KIN2   133  1270     92   18.1    2.2    2.2   246   11.6    0.4    3.3    0.51   970.67   126   18.1    1.6   -995   -995   -995   -995   -995    -995    -995    -995
 KIN2   133  1275     92   18.1    2.9    2.9   256   12.2    0.8    5.1    0.51   970.62   101   18.1    2.0   13.8   16.0   14.5   12.9   11.9    -995    -995    -995
 KIN2   133  1280     91   18.0    3.3    3.3   259   10.8    0.7    4.7    0.51   970.55   133   18.0    2.0   -995   -995   -995   -995   -995    -995    -995    -995
 KIN2   133  1285     89   16.8    4.3    4.0   298   18.9    1.1    7.1    0.51   970.66    52   16.6    3.3   -995   -995   -995   -995   -995    -995    -995    -995
 KIN2   133  1290     92   14.7    4.0    3.9   317   12.6    1.0    6.0    0.51   970.64    88   14.6    3.2   13.8   16.1   14.6   13.0   11.9    1.76    1.58    1.96
 KIN2   133  1295     93   14.4    4.1    4.0   320   11.6    0.8    6.3    0.51   970.62    74   14.3    3.1   -995   -995   -995   -995   -995    -995    -995    -995
 KIN2   133  1300     94   14.3    3.8    3.7   320   14.5    1.1    6.1    0.51   970.55    98   14.3    3.1   -995   -995   -995   -995   -995    -995    -995    -995
 KIN2   133  1305     94   14.3    4.0    3.8   320   14.1    0.9    6.5    0.51   970.56   105   14.2    3.1   13.9   16.2   14.8   13.1   12.1    -995    -995    -995
 KIN2   133  1310     94   14.3    3.7    3.6   321   11.4    1.1    6.5    0.51   970.54   117   14.3    3.0   -995   -995   -995   -995   -995    -995    -995    -995
 KIN2   133  1315     94   14.4    3.3    3.2   325   15.1    0.9    5.7    0.51   970.48   156   14.3    2.7   -995   -995   -995   -995   -995    -995    -995    -995
 KIN2   133  1320     94   14.4    3.7    3.6   318   12.2    0.8    5.4    0.51   970.42   166   14.3    2.8   14.0   16.3   14.8   13.1   12.1    1.76    1.58    1.96
 KIN2   133  1325     93   14.4    4.0    3.9   324   13.1    0.8    5.9    0.51   970.40   186   14.2    3.2   -995   -995   -995   -995   -995    -995    -995    -995
 KIN2   133  1330     93   14.5    3.7    3.6   326   15.2    0.9    5.6    0.51   970.40   240   14.3    3.0   -995   -995   -995   -995   -995    -995    -995    -995
 KIN2   133  1335     93   14.8    2.8    2.7   327   15.9    0.7    4.8    0.51   970.37   235   14.6    2.4   14.0   16.2   14.8   13.1   12.1    -995    -995    -995
 KIN2   133  1340     92   14.6    3.9    3.8   319   11.2    1.0    6.1    0.51   970.41   192   14.4    3.0   -995   -995   -995   -995   -995    -995    -995    -995
 KIN2   133  1345     92   14.6    3.8    3.7   326   13.0    0.7    5.6    0.51   970.33   201   14.4    3.2   -995   -995   -995   -995   -995    -995    -995    -995
 KIN2   133  1350     91   14.5    3.6    3.6   322   11.2    0.9    5.9    0.51   970.30   158   14.4    3.1   14.0   16.2   14.8   13.1   12.0    1.76    1.59    1.96
 KIN2   133  1355     92   14.6    3.3    3.2   328   15.2    0.6    4.6    0.51   970.26   120   14.4    2.4   -995   -995   -995   -995   -995    -995    -995    -995
 KIN2   133  1360     92   14.6    2.9    2.8   334   18.1    0.6    4.3    0.51   970.28   120   14.5    2.4   -995   -995   -995   -995   -995    -995    -995    -995
 KIN2   133  1365     92   14.5    3.5    3.4   333   13.9    0.9    5.8    0.51   970.32   109   14.4    2.8   14.0   16.2   14.8   13.1   12.0    -995    -995    -995
 KIN2   133  1370     92   14.5    3.6    3.5   318   12.4    0.7    5.1    0.51   970.34   104   14.4    2.7   -995   -995   -995   -995   -995    -995    -995    -995
 KIN2   133  1375     92   14.5    3.6    3.5   329   13.9    0.7    5.4    0.51   970.41    92   14.4    2.9   -995   -995   -995   -995   -995    -995    -995    -995
 KIN2   133  1380     91   14.3    4.1    4.0   321    9.5    1.0    6.6    0.51   970.48    52   14.3    3.3   14.0   16.2   14.8   13.1   12.0    1.76    1.58    1.95
 KIN2   133  1385     91   14.2    3.5    3.4   326   12.1    0.8    5.2    0.51   970.43    48   14.2    2.7   -995   -995   -995   -995   -995    -995    -995    -995
 KIN2   133  1390     92   14.1    3.2    3.1   325   13.8    0.8    5.1    0.51   970.46    50   14.1    2.6   -995   -995   -995   -995   -995    -995    -995    -995
 KIN2   133  1395     92   14.1    3.1    3.0   322   13.7    0.8    4.9    0.51   970.43    81   14.1    2.3   14.1   16.2   14.8   13.1   12.0    -995    -995    -995
 KIN2   133  1400     91   14.1    3.3    3.2   321   14.1    0.8    5.4    0.51   970.49    59   14.1    2.7   -995   -995   -995   -995   -995    -995    -995    -995
 KIN2   133  1405     91   14.0    3.3    3.2   328   13.4    0.8    5.2    0.51   970.52    74   14.0    2.7   -995   -995   -995   -995   -995    -995    -995    -995
 KIN2   133  1410     91   14.0    4.0    3.9   320   11.1    0.9    6.0    0.51   970.56    70   14.0    2.9   14.1   16.1   14.8   13.1   12.1    1.76    1.58    1.95
 KIN2   133  1415     91   14.0    3.6    3.5   330   11.5    1.1    5.8    0.51   970.60    58   14.0    2.7   -995   -995   -995   -995   -995    -995    -995    -995
 KIN2   133  1420     90   13.9    3.4    3.3   328   13.3    0.9    5.8    0.51   970.61    48   13.9    2.7   -995   -995   -995   -995   -995    -995    -995    -995
 KIN2   133  1425     90   13.9    3.5    3.4   329   12.4    0.6    4.9    0.51   970.56    71   13.9    2.5   14.1   16.1   14.8   13.1   12.0    -995    -995    -995
 KIN2   133  1430     90   13.9    2.8    2.7   325   11.9    0.7    4.4    0.51   970.58    69   13.9    2.1   -995   -995   -995   -995   -995    -995    -995    -995
 KIN2   133  1435     90   14.0    2.9    2.9   321   12.3    0.6    4.5    0.51   970.49    76   13.9    2.4   -995   -995   -995   -995   -995    -995    -995    -995
</pre>