<pre>  101 ! (c) 2019 Oklahoma Climatological Survey and the Oklahoma Mesonet - all rights reserved
  21 2019 01 06 00 00 00
 STID  STNM  TIME   RELH   TAIR   WSPD   WVEC  WDIR   WDSD   WSSD   WMAX    RAIN     PRES  SRAD   TA9M   WS2M   TS10   TB10   TS05   TS25   TS60    TR05    TR25    TR60
 KIN2   133     0     71    8.9    2.0    2.0   176    4.5    0.2    2.4    3.05   978.16     0   12.6    0.8    6.9    8.3    7.4    6.4    7.9    1.44    1.55    1.44
 KIN2   133     5     77    7.8    1.9    1.9   159    4.6    0.2    2.2    0.00   978.21     0   11.8    0.5   -995   -995   -995   -995   -995    -995    -995    -995
 KIN2   133    10     78    7.9    1.6    1.6   142    3.6    0.3    2.0    0.00   978.18     0   11.6    0.3   -995   -995   -995   -995   -995    -995    -995    -995
 KIN2   133    15     79    7.3    2.1    2.1   132    3.0    0.1    2.5    0.00   978.10     0   11.5    0.0    6.9    8.1    7.2    6.4    7.8    -995    -995    -995
 KIN2   133    20     81    7.4    2.7    2.7   135    1.9    0.1    2.9    0.00   978.12     0   11.7    0.1   -995   -995   -995   -995   -995    -995    -995    -995
 KIN2   133    25     82    8.3    2.2    2.2   143    4.9    0.3    2.7    0.00   978.09     0   11.8    0.2   -995   -995   -995   -995   -995    -995    -995    -995
 KIN2   133    30     77    9.2    1.8    1.8   152    3.8    0.1    2.0    0.00   978.12     0   11.6    0.3    6.8    7.9    7.1    6.4    7.8    1.44    1.54    1.44
 KIN2   133    35     73    9.5    1.8    1.8   167    4.3    0.1    2.0    0.00   978.23     0   11.6    0.9   -995   -995   -995   -995   -995    -995    -995    -995
 KIN2   133    40     72    9.6    1.9    1.9   166    2.9    0.1    2.4    0.00   978.25     0   11.6    1.3   -995   -995   -995   -995   -995    -995    -995    -995
 KIN2   133    45     73    9.0    1.9    1.9   173    1.6    0.1    2.0    0.00   978.28     0   11.4    1.6    6.7    7.7    6.9    6.4    7.7    -995    -995    -995
 KIN2   133    50     73    9.6    1.9    1.9   169    1.3    0.1    2.0    0.00   978.27     0   11.5    1.5   -995   -995   -995   -995   -995    -995    -995    -995
 KIN2   133    55     72    8.6    1.7    1.7   160    6.3    0.1    1.8    0.00   978.25     0   11.1    1.0   -995   -995   -995   -995   -995    -995    -995    -995
 KIN2   133    60     78    5.8    1.5    1.5   147    3.1    0.1    1.6    0.00   978.21     0   10.5    0.0    6.7    7.5    6.7    6.4    7.7    1.44    1.55    1.44
 KIN2   133    65     85    5.7    1.6    1.6   144    2.5    0.0    1.7    0.00   978.23     0   10.2    0.0   -995   -995   -995   -995   -995    -995    -995    -995
 KIN2   133    70     87    5.8    1.6    1.6   139    0.9    0.1    1.7    0.00   978.26     0   10.0    0.0   -995   -995   -995   -995   -995    -995    -995    -995
 KIN2   133    75     87    6.2    1.7    1.7   147    2.3    0.1    1.8    0.00   978.28     0    9.9    0.0    6.6    7.3    6.6    6.4    7.7    -995    -995    -995
 KIN2   133    80     86    5.9    1.9    1.9   146    3.5    0.1    2.2    0.00   978.29     0    9.9    0.6   -995   -995   -995   -995   -995    -995    -995    -995
 KIN2   133    85     88    6.1    2.2    2.1   151    2.1    0.1    2.4    0.00   978.27     0    9.9    1.0   -995   -995   -995   -995   -995    -995    -995    -995
 KIN2   133    90     87    6.2    2.0    2.0   149    2.1    0.1    2.3    0.00   978.30     0    9.7    0.8    6.6    7.2    6.5    6.4    7.7    1.44    1.55    1.44
 KIN2   133    95     86    7.0    2.0    2.0   156    2.7    0.2    2.3    0.00   978.37     0    9.6    0.9   -995   -995   -995   -995   -995    -995    -995    -995
 KIN2   133   100     83    7.2    2.3    2.3   167    3.6    0.1    2.7    0.00   978.38     0    9.5    1.3   -995   -995   -995   -995   -995    -995    -995    -995
 KIN2   133   105     81    6.8    2.6    2.6   169    3.0    0.1    2.8    0.00   978.45     0    9.2    1.4    6.5    7.0    6.4    6.4    7.7    -995    -995    -995
 KIN2   133   110     83    6.3    2.2    2.2   174    1.0    0.2    2.5    0.00   978.47     0    9.0    1.0   -995   -995   -995   -995   -995    -995    -995    -995
 KIN2   133   115     84    6.3    1.9    1.9   172    1.8    0.1    2.1    0.00   978.44     0    8.5    1.2   -995   -995   -995   -995   -995    -995    -995    -995
 KIN2   133   120     83    5.7    2.1    2.1   164    2.5    0.1    2.3    0.00   978.43     0    8.4    1.2    6.4    6.9    6.3    6.4    7.6    1.44    1.55    1.43
 KIN2   133   125     86    5.2    2.0    2.0   160    1.0    0.1    2.2    0.00   978.43     0    8.0    1.1   -995   -995   -995   -995   -995    -995    -995    -995
 KIN2   133   130     87    5.8    1.7    1.7   160    3.1    0.1    2.2    0.00   978.42     0    8.2    1.0   -995   -995   -995   -995   -995    -995    -995    -995
 KIN2   133   135     86    6.3    2.0    2.0   155    4.5    0.2    2.4    0.00   978.37     0    8.2    0.7    6.4    6.7    6.2    6.4    7.6    -995    -995    -995
 KIN2   133   140     84    6.2    1.7    1.7   147    2.7    0.1    2.2    0.00   978.27     0    8.2    0.7   -995   -995   -995   -995   -995    -995    -995    -995
 KIN2   133   145     84    5.8    1.7    1.6   155    4.9    0.2    2.0    0.00   978.25     0    8.2    1.0   -995   -995   -995   -995   -995    -995    -995    -995
 KIN2   133   150     85    5.4    2.1    2.1   160    3.1    0.1    2.3    0.00   978.19     0    8.1    1.1    6.3    6.6    6.1    6.4    7.6    1.44    1.54    1.44
 KIN2   133   155     86    5.5    2.1    2.1   161    3.4    0.1    2.4    0.00   978.18     0    7.9    1.1   -995   -995   -995   -995   -995    -995    -995    -995
 KIN2   133   160     86    5.4    2.2    2.2   162    3.5    0.1    2.5    0.00   978.18     0    7.8    1.1   -995   -995   -995   -995   -995    -995    -995    -995
 KIN2   133   165     86    5.6    2.0    2.0   167    3.0    0.1    2.3    0.00   978.25     0    7.5    1.1    6.3    6.4    6.0    6.4    7.6    -995    -995    -995
 KIN2   133   170     86    5.7    1.8    1.8   184    9.9    0.2    2.3    0.00   978.33     0    7.2    1.1   -995   -995   -995   -995   -995    -995    -995    -995
 KIN2   133   175     85    5.9    1.3    1.3   197    4.8    0.2    1.7    0.00   978.33     0    7.0    0.8   -995   -995   -995   -995   -995    -995    -995    -995
 KIN2   133   180     84    5.7    1.3    1.3   190    5.9    0.1    1.7    0.00   978.30     0    6.7    1.0    6.2    6.3    5.9    6.4    7.6    1.45    1.54    1.44
 KIN2   133   185     84    5.7    1.5    1.5   181    5.3    0.2    2.0    0.00   978.29     0    6.8    0.9   -995   -995   -995   -995   -995    -995    -995    -995
 KIN2   133   190     83    5.9    1.9    1.9   184    4.2    0.1    2.0    0.00   978.23     0    6.9    1.1   -995   -995   -995   -995   -995    -995    -995    -995
 KIN2   133   195     82    6.0    2.0    2.0   184    3.7    0.1    2.2    0.00   978.18     0    7.1    1.3    6.2    6.1    5.8    6.4    7.6    -995    -995    -995
 KIN2   133   200     83    5.8    2.1    2.1   180    2.2    0.1    2.3    0.00   978.20     0    7.2    1.3   -995   -995   -995   -995   -995    -995    -995    -995
 KIN2   133   205     83    6.1    1.8    1.8   182    2.9    0.1    2.2    0.00   978.21     0    7.1    1.1   -995   -995   -995   -995   -995    -995    -995    -995
 KIN2   133   210     82    5.9    1.6    1.6   188    3.7    0.1    2.0    0.00   978.21     0    7.2    1.2    6.1    6.0    5.7    6.4    7.5    1.45    1.55    1.44
 KIN2   133   215     82    6.0    1.9    1.8   188    4.8    0.1    2.2    0.00   978.15     0    7.0    1.0   -995   -995   -995   -995   -995    -995    -995    -995
 KIN2   133   220     82    6.0    1.7    1.6   194    8.1    0.2    2.1    0.00   978.11     0    6.8    0.9   -995   -995   -995   -995   -995    -995    -995    -995
 KIN2   133   225     82    5.8    1.6    1.6   202    4.2    0.1    1.9    0.00   978.11     0    6.7    0.9    6.1    5.9    5.6    6.4    7.5    -995    -995    -995
 KIN2   133   230     82    6.0    1.9    1.9   193    5.7    0.1    2.2    0.00   978.09     0    6.9    1.3   -995   -995   -995   -995   -995    -995    -995    -995
 KIN2   133   235     81    5.9    1.6    1.5   191    4.7    0.2    1.9    0.00   978.00     0    6.6    1.0   -995   -995   -995   -995   -995    -995    -995    -995
 KIN2   133   240     82    5.9    1.5    1.4   192    8.0    0.2    1.8    0.00   977.93     0    6.5    1.0    6.0    5.8    5.6    6.4    7.5    1.44    1.55    1.43
 KIN2   133   245     82    5.8    1.4    1.4   186    7.5    0.2    1.8    0.00   977.95     0    6.4    1.0   -995   -995   -995   -995   -995    -995    -995    -995
 KIN2   133   250     82    5.5    1.2    1.2   190   12.1    0.2    1.6    0.00   977.98     0    6.1    1.0   -995   -995   -995   -995   -995    -995    -995    -995
 KIN2   133   255     83    5.3    1.3    1.3   199   10.6    0.1    1.6    0.00   977.98     0    5.9    0.9    6.0    5.7    5.5    6.4    7.5    -995    -995    -995
 KIN2   133   260     84    4.7    2.0    2.0   193    7.9    0.3    2.5    0.00   977.95     0    5.6    1.1   -995   -995   -995   -995   -995    -995    -995    -995
 KIN2   133   265     85    4.7    2.4    2.3   205   11.4    0.4    3.1    0.00   977.96     0    5.5    1.5   -995   -995   -995   -995   -995    -995    -995    -995
 KIN2   133   270     85    4.5    2.7    2.6   193    5.8    0.2    3.3    0.00   977.90     0    5.4    1.6    5.9    5.6    5.5    6.4    7.6    1.44    1.54    1.44
 KIN2   133   275     86    4.0    3.1    3.1   192    2.3    0.2    3.8    0.00   977.92     0    5.6    1.8   -995   -995   -995   -995   -995    -995    -995    -995
 KIN2   133   280     87    3.8    3.8    3.8   187    2.4    0.2    4.2    0.00   977.85     0    5.9    1.9   -995   -995   -995   -995   -995    -995    -995    -995
 KIN2   133   285     88    3.5    3.5    3.5   183    1.2    0.1    3.7    0.00   977.77     0    6.1    1.6    5.9    5.5    5.4    6.4    7.6    -995    -995    -995
 KIN2   133   290     89    3.3    3.4    3.4   181    1.8    0.1    3.7    0.00   977.73     0    6.1    1.5   -995   -995   -995   -995   -995    -995    -995    -995
 KIN2   133   295     89    3.9    2.8    2.8   179    2.1    0.2    3.4    0.00   977.68     0    6.2    1.5   -995   -995   -995   -995   -995    -995    -995    -995
 KIN2   133   300     87    4.7    2.2    2.1   181    8.5    0.3    3.1    0.00   977.68     0    6.5    1.5    5.9    5.4    5.4    6.4    7.6    1.45    1.55    1.44
 KIN2   133   305     83    5.5    2.0    2.0   189    7.6    0.2    2.5    0.00   977.67     0    6.7    1.3   -995   -995   -995   -995   -995    -995    -995    -995
 KIN2   133   310     81    5.5    2.5    2.5   192    7.1    0.2    3.0    0.00   977.68     0    6.8    1.7   -995   -995   -995   -995   -995    -995    -995    -995
 KIN2   133   315     81    5.5    2.5    2.5   192    8.5    0.2    3.1    0.00   977.59     0    6.6    1.5    5.8    5.3    5.3    6.4    7.6    -995    -995    -995
 KIN2   133   320     82    5.3    2.6    2.6   190    6.7    0.2    3.1    0.00   977.50     0    6.7    1.7   -995   -995   -995   -995   -995    -995    -995    -995
 KIN2   133   325     82    5.4    2.7    2.7   189    6.3    0.2    3.2    0.00   977.49     0    6.8    1.7   -995   -995   -995   -995   -995    -995    -995    -995
 KIN2   133   330     83    5.5    2.5    2.5   183    4.9    0.3    3.1    0.00   977.38     0    6.8    1.4    5.8    5.1    5.3    6.4    7.5    1.45    1.55    1.44
 KIN2   133   335     83    5.5    1.8    1.8   182    7.0    0.2    2.3    0.00   977.32     0    6.9    1.0   -995   -995   -995   -995   -995    -995    -995    -995
 KIN2   133   340     82    6.0    1.7    1.7   191   10.2    0.2    2.6    0.00   977.28     0    7.0    0.7   -995   -995   -995   -995   -995    -995    -995    -995
 KIN2   133   345     81    6.2    1.8    1.7   190   10.4    0.3    2.7    0.00   977.21     0    7.0    0.9    5.7    5.0    5.2    6.3    7.5    -995    -995    -995
 KIN2   133   350     80    6.2    1.6    1.6   198   13.2    0.3    2.5    0.00   977.14     0    6.9    0.4   -995   -995   -995   -995   -995    -995    -995    -995
 KIN2   133   355     80    6.0    2.2    2.2   185    8.4    0.5    3.1    0.00   977.03     0    6.9    1.1   -995   -995   -995   -995   -995    -995    -995    -995
 KIN2   133   360     82    5.8    3.1    3.1   183    5.2    0.2    3.7    0.00   976.98     0    7.5    1.7    5.7    5.0    5.2    6.3    7.5    1.45    1.55    1.44
 KIN2   133   365     83    5.8    2.8    2.8   185    6.7    0.2    3.3    0.00   976.89     0    7.6    1.6   -995   -995   -995   -995   -995    -995    -995    -995
 KIN2   133   370     82    6.0    3.0    3.0   188    5.8    0.3    3.6    0.00   976.81     0    7.6    1.8   -995   -995   -995   -995   -995    -995    -995    -995
 KIN2   133   375     81    6.1    3.4    3.4   188    5.5    0.3    4.3    0.00   976.70     0    7.7    2.0    5.7    4.9    5.2    6.3    7.5    -995    -995    -995
 KIN2   133   380     81    6.3    3.9    3.9   182    5.5    0.3    4.8    0.00   976.55     0    8.1    2.4   -995   -995   -995   -995   -995    -995    -995    -995
 KIN2   133   385     78    7.0    4.5    4.5   179    4.3    0.4    5.8    0.00   976.40     0    8.4    3.0   -995   -995   -995   -995   -995    -995    -995    -995
 KIN2   133   390     77    7.1    4.8    4.8   180    4.7    0.4    5.9    0.00   976.35     0    8.4    3.2    5.6    4.9    5.2    6.3    7.5    1.45    1.55    1.43
 KIN2   133   395     77    7.1    4.6    4.6   181    4.9    0.4    5.7    0.00   976.37     0    8.2    3.0   -995   -995   -995   -995   -995    -995    -995    -995
 KIN2   133   400     78    6.8    4.3    4.3   189    6.6    0.3    5.1    0.00   976.47     0    8.1    2.9   -995   -995   -995   -995   -995    -995    -995    -995
 KIN2   133   405     80    6.6    4.2    4.1   203    6.0    0.3    4.9    0.00   976.64     0    7.8    2.7    5.6    4.8    5.2    6.3    7.5    -995    -995    -995
 KIN2   133   410     80    6.5    4.8    4.8   200    3.5    0.2    5.6    0.00   976.68     0    7.8    3.1   -995   -995   -995   -995   -995    -995    -995    -995
 KIN2   133   415     80    6.3    4.7    4.7   188    4.7    0.3    5.4    0.00   976.60     0    7.8    2.9   -995   -995   -995   -995   -995    -995    -995    -995
 KIN2   133   420     81    6.2    4.7    4.7   182    2.9    0.2    5.4    0.00   976.55     0    7.5    2.8    5.6    4.8    5.2    6.3    7.5    1.45    1.55    1.44
 KIN2   133   425     82    6.0    4.3    4.3   187    4.3    0.3    5.0    0.00   976.62     0    7.4    2.5   -995   -995   -995   -995   -995    -995    -995    -995
 KIN2   133   430     82    5.9    4.1    4.1   190    5.4    0.2    4.5    0.00   976.78     0    7.4    2.4   -995   -995   -995   -995   -995    -995    -995    -995
 KIN2   133   435     83    5.4    3.9    3.9   179    3.6    0.2    4.3    0.00   976.68     0    7.1    1.9    5.6    4.8    5.2    6.4    7.5    -995    -995    -995
 KIN2   133   440     84    5.5    4.4    4.4   168    3.2    0.3    5.2    0.00   976.49     0    7.2    2.3   -995   -995   -995   -995   -995    -995    -995    -995
 KIN2   133   445     82    6.0    4.7    4.7   169    3.2    0.2    5.5    0.00   976.49     0    7.5    2.8   -995   -995   -995   -995   -995    -995    -995    -995
 KIN2   133   450     81    6.2    4.6    4.6   168    3.0    0.2    5.0    0.00   976.54     0    7.5    2.7    5.6    4.8    5.3    6.4    7.6    1.45    1.55    1.44
 KIN2   133   455     80    6.2    4.7    4.6   164    3.2    0.2    5.2    0.00   976.49     0    7.6    2.8   -995   -995   -995   -995   -995    -995    -995    -995
 KIN2   133   460     79    6.4    4.3    4.3   166    3.9    0.4    5.5    0.00   976.58     0    7.7    2.6   -995   -995   -995   -995   -995    -995    -995    -995
 KIN2   133   465     79    6.3    4.3    4.3   167    4.4    0.3    5.1    0.00   976.61     0    7.6    2.5    5.6    4.8    5.3    6.4    7.6    -995    -995    -995
 KIN2   133   470     78    6.3    3.9    3.8   171    4.4    0.3    4.7    0.00   976.63     0    7.6    2.4   -995   -995   -995   -995   -995    -995    -995    -995
 KIN2   133   475     80    5.8    3.8    3.8   174    3.8    0.3    4.9    0.00   976.60     0    7.2    2.1   -995   -995   -995   -995   -995    -995    -995    -995
 KIN2   133   480     81    5.8    4.3    4.3   173    4.3    0.3    5.0    0.00   976.52     0    7.3    2.5    5.6    4.8    5.3    6.4    7.6    1.45    1.55    1.44
 KIN2   133   485     80    6.0    4.7    4.7   177    3.8    0.3    5.4    0.00   976.50     0    7.4    2.9   -995   -995   -995   -995   -995    -995    -995    -995
 KIN2   133   490     79    6.0    4.8    4.8   179    2.8    0.3    5.8    0.00   976.44     0    7.4    3.0   -995   -995   -995   -995   -995    -995    -995    -995
 KIN2   133   495     80    6.1    5.2    5.2   181    3.8    0.3    5.9    0.00   976.34     0    7.4    3.4    5.6    4.8    5.3    6.4    7.6    -995    -995    -995
 KIN2   133   500     79    6.3    5.0    5.0   182    3.7    0.3    6.0    0.00   976.31     0    7.5    3.3   -995   -995   -995   -995   -995    -995    -995    -995
 KIN2   133   505     78    6.6    5.4    5.4   181    3.7    0.4    6.4    0.00   976.24     0    7.7    3.7   -995   -995   -995   -995   -995    -995    -995    -995
 KIN2   133   510     77    6.6    5.4    5.4   186    4.5    0.4    6.3    0.00   976.29     0    7.7    3.6    5.6    4.8    5.3    6.4    7.6    1.45    1.55    1.44
 KIN2   133   515     78    6.5    4.9    4.9   180    4.5    0.3    5.8    0.00   976.20     0    7.8    3.2   -995   -995   -995   -995   -995    -995    -995    -995
 KIN2   133   520     76    6.9    5.0    5.0   185    4.6    0.4    6.1    0.00   976.22     0    8.2    3.3   -995   -995   -995   -995   -995    -995    -995    -995
 KIN2   133   525     76    7.0    5.1    5.1   184    4.5    0.3    5.9    0.00   976.28     0    8.3    3.4    5.6    4.7    5.2    6.3    7.6    -995    -995    -995
 KIN2   133   530     75    7.1    5.5    5.5   182    3.5    0.4    6.4    0.00   976.28     0    8.3    3.8   -995   -995   -995   -995   -995    -995    -995    -995
 KIN2   133   535     75    7.1    5.4    5.3   177    5.4    0.4    6.4    0.00   976.24     0    8.4    3.4   -995   -995   -995   -995   -995    -995    -995    -995
 KIN2   133   540     73    7.5    5.0    5.0   177    5.1    0.4    6.0    0.00   976.22     0    8.8    3.3    5.6    4.7    5.2    6.3    7.6    1.45    1.55    1.44
 KIN2   133   545     73    7.4    5.0    5.0   180    3.4    0.3    6.4    0.00   976.29     0    8.6    3.2   -995   -995   -995   -995   -995    -995    -995    -995
 KIN2   133   550     74    7.2    4.9    4.9   182    4.1    0.3    5.8    0.00   976.16     0    8.4    3.1   -995   -995   -995   -995   -995    -995    -995    -995
 KIN2   133   555     75    7.1    4.6    4.6   184    5.7    0.3    5.6    0.00   976.09     0    8.2    3.1    5.6    4.7    5.2    6.3    7.6    -995    -995    -995
 KIN2   133   560     75    7.1    4.5    4.5   192    5.4    0.4    5.5    0.00   976.31     0    8.1    3.0   -995   -995   -995   -995   -995    -995    -995    -995
 KIN2   133   565     77    6.9    4.3    4.3   196    4.5    0.3    5.4    0.00   976.42     0    7.9    2.8   -995   -995   -995   -995   -995    -995    -995    -995
 KIN2   133   570     77    6.8    4.4    4.4   196    5.2    0.4    5.5    0.00   976.39     0    7.7    3.0    5.6    4.7    5.3    6.3    7.6    1.45    1.55    1.44
 KIN2   133   575     78    6.7    4.5    4.5   190    4.8    0.3    5.2    0.00   976.19     0    7.5    2.9   -995   -995   -995   -995   -995    -995    -995    -995
 KIN2   133   580     79    6.5    4.0    4.0   192    5.0    0.4    4.8    0.00   976.20     0    7.3    2.6   -995   -995   -995   -995   -995    -995    -995    -995
 KIN2   133   585     79    6.5    4.2    4.2   191    4.9    0.3    4.9    0.00   976.32     0    7.3    2.9    5.6    4.7    5.3    6.3    7.6    -995    -995    -995
 KIN2   133   590     79    6.4    4.4    4.4   181    3.1    0.2    4.9    0.00   976.17     0    7.3    2.9   -995   -995   -995   -995   -995    -995    -995    -995
 KIN2   133   595     80    6.2    4.5    4.5   178    3.8    0.2    5.1    0.00   976.10     0    7.2    2.9   -995   -995   -995   -995   -995    -995    -995    -995
 KIN2   133   600     80    6.3    4.9    4.8   170    4.1    0.3    5.5    0.00   975.82     0    7.3    3.1    5.6    4.7    5.3    6.3    7.6    1.45    1.55    1.44
 KIN2   133   605     79    6.5    4.9    4.8   168    4.1    0.4    5.9    0.00   975.60     0    7.5    3.3   -995   -995   -995   -995   -995    -995    -995    -995
 KIN2   133   610     77    6.8    4.7    4.7   172    5.7    0.3    5.6    0.00   975.60     0    7.6    3.2   -995   -995   -995   -995   -995    -995    -995    -995
 KIN2   133   615     77    6.7    4.7    4.7   177    4.4    0.3    5.8    0.00   975.61     0    7.5    3.2    5.6    4.7    5.4    6.4    7.6    -995    -995    -995
 KIN2   133   620     77    6.6    4.6    4.6   177    3.9    0.3    5.4    0.00   975.48     0    7.5    3.3   -995   -995   -995   -995   -995    -995    -995    -995
 KIN2   133   625     77    6.7    4.8    4.8   179    5.3    0.3    5.6    0.00   975.47     0    7.7    3.2   -995   -995   -995   -995   -995    -995    -995    -995
 KIN2   133   630     77    6.5    4.4    4.4   183    4.4    0.3    5.2    0.00   975.47     0    7.5    2.9    5.6    4.7    5.4    6.3    7.6    1.45    1.56    1.43
 KIN2   133   635     78    6.4    4.3    4.3   177    3.7    0.2    4.8    0.00   975.31     0    7.4    2.8   -995   -995   -995   -995   -995    -995    -995    -995
 KIN2   133   640     77    6.6    4.6    4.6   179    5.1    0.4    5.8    0.00   975.31     0    7.6    3.1   -995   -995   -995   -995   -995    -995    -995    -995
 KIN2   133   645     77    6.7    5.0    5.0   181    4.2    0.4    6.0    0.00   975.26     0    7.7    3.4    5.6    4.8    5.4    6.3    7.6    -995    -995    -995
 KIN2   133   650     76    6.8    5.2    5.2   181    3.4    0.4    6.0    0.00   975.08     0    7.7    3.6   -995   -995   -995   -995   -995    -995    -995    -995
 KIN2   133   655     77    6.7    5.0    5.0   186    3.8    0.4    5.9    0.00   975.08     0    7.7    3.4   -995   -995   -995   -995   -995    -995    -995    -995
 KIN2   133   660     77    6.6    5.3    5.3   186    4.6    0.4    6.3    0.00   974.98     0    7.7    3.6    5.6    4.7    5.4    6.3    7.6    1.45    1.54    1.42
 KIN2   133   665     76    6.8    5.4    5.3   191    4.7    0.4    6.4    0.00   974.95     0    7.9    3.7   -995   -995   -995   -995   -995    -995    -995    -995
 KIN2   133   670     76    6.8    5.0    5.0   195    5.0    0.4    6.1    0.00   975.02     0    7.9    3.5   -995   -995   -995   -995   -995    -995    -995    -995
 KIN2   133   675     75    6.9    4.7    4.7   196    5.8    0.5    5.9    0.00   975.07     0    7.9    3.3    5.6    4.7    5.4    6.3    7.6    -995    -995    -995
 KIN2   133   680     75    6.8    4.4    4.4   200    6.2    0.5    5.4    0.00   975.11     0    7.8    3.0   -995   -995   -995   -995   -995    -995    -995    -995
 KIN2   133   685     76    6.7    4.1    4.0   200    5.7    0.4    5.2    0.00   975.04     0    7.8    2.6   -995   -995   -995   -995   -995    -995    -995    -995
 KIN2   133   690     76    6.9    4.2    4.2   197    6.2    0.6    5.5    0.00   975.02     0    7.8    2.9    5.6    4.7    5.4    6.3    7.6    1.45    1.55    1.43
 KIN2   133   695     75    7.0    4.8    4.8   194    5.8    0.5    6.1    0.00   974.86     0    7.8    3.5   -995   -995   -995   -995   -995    -995    -995    -995
 KIN2   133   700     75    6.9    4.9    4.8   194    6.1    0.5    6.6    0.00   974.72     0    7.7    3.5   -995   -995   -995   -995   -995    -995    -995    -995
 KIN2   133   705     75    7.0    5.7    5.7   189    5.9    0.6    7.2    0.00   974.59     0    7.7    4.3    5.6    4.7    5.4    6.3    7.6    -995    -995    -995
 KIN2   133   710     74    7.1    6.7    6.6   183    4.2    0.8    8.9    0.00   974.43     0    7.8    5.1   -995   -995   -995   -995   -995    -995    -995    -995
 KIN2   133   715     73    7.3    7.5    7.4   181    4.5    0.7    9.5    0.00   974.32     0    8.0    5.8   -995   -995   -995   -995   -995    -995    -995    -995
 KIN2   133   720     73    7.3    6.8    6.8   181    5.4    0.7    8.4    0.00   974.45     0    8.0    5.1    5.6    4.7    5.4    6.3    7.6    1.45    1.55    1.43
 KIN2   133   725     73    7.2    6.1    6.1   189    5.5    0.5    7.4    0.00   974.69     0    7.9    4.6   -995   -995   -995   -995   -995    -995    -995    -995
 KIN2   133   730     75    6.9    6.0    6.0   193    4.4    0.6    7.8    0.00   974.83     0    7.6    4.5   -995   -995   -995   -995   -995    -995    -995    -995
 KIN2   133   735     76    6.8    6.1    6.1   191    4.9    0.5    7.5    0.00   974.86     0    7.5    4.6    5.6    4.7    5.4    6.3    7.6    -995    -995    -995
 KIN2   133   740     76    6.8    6.4    6.4   188    5.3    0.5    7.5    0.00   974.73     0    7.5    4.6   -995   -995   -995   -995   -995    -995    -995    -995
 KIN2   133   745     76    6.8    6.4    6.3   184    4.4    0.6    7.9    0.00   974.66     0    7.5    4.6   -995   -995   -995   -995   -995    -995    -995    -995
 KIN2   133   750     75    7.0    6.6    6.5   180    4.5    0.7    8.2    0.00   974.56     0    7.6    4.9    5.6    4.7    5.4    6.3    7.6    1.45    1.55    1.44
 KIN2   133   755     74    7.1    6.9    6.8   177    5.0    0.6    8.3    0.00   974.48     0    7.7    5.3   -995   -995   -995   -995   -995    -995    -995    -995
 KIN2   133   760     74    7.1    7.1    7.1   175    4.2    0.6    8.6    0.00   974.43     0    7.7    5.4   -995   -995   -995   -995   -995    -995    -995    -995
 KIN2   133   765     75    7.0    7.2    7.2   174    3.7    0.6    8.4    0.00   974.34     0    7.7    5.5    5.6    4.7    5.4    6.3    7.6    -995    -995    -995
 KIN2   133   770     75    7.0    6.8    6.8   171    4.3    0.6    8.0    0.00   974.25     0    7.6    5.3   -995   -995   -995   -995   -995    -995    -995    -995
 KIN2   133   775     74    7.1    6.6    6.6   173    3.9    0.7    8.7    0.00   974.24     0    7.7    5.1   -995   -995   -995   -995   -995    -995    -995    -995
 KIN2   133   780     74    7.1    6.9    6.9   173    4.5    0.6    8.7    0.00   974.24     0    7.8    5.3    5.6    4.7    5.4    6.3    7.6    1.45    1.55    1.44
 KIN2   133   785     74    7.2    6.7    6.7   174    4.9    0.6    8.4    0.00   974.26     0    7.8    5.3   -995   -995   -995   -995   -995    -995    -995    -995
 KIN2   133   790     74    7.1    6.2    6.2   176    5.0    0.6    7.4    0.00   974.23     0    7.7    4.8   -995   -995   -995   -995   -995    -995    -995    -995
 KIN2   133   795     74    7.3    6.7    6.7   175    4.9    0.7    8.2    0.00   974.22     0    7.9    5.2    5.6    4.7    5.4    6.3    7.6    -995    -995    -995
 KIN2   133   800     73    7.3    6.8    6.8   175    5.4    0.7    8.2    0.00   974.24     0    7.9    5.4   -995   -995   -995   -995   -995    -995    -995    -995
 KIN2   133   805     73    7.3    6.9    6.8   175    5.0    0.7    8.8    0.00   974.18     0    8.0    5.3   -995   -995   -995   -995   -995    -995    -995    -995
 KIN2   133   810     73    7.4    7.0    7.0   174    4.7    0.6    8.7    0.00   974.07     1    8.1    5.5    5.6    4.7    5.4    6.3    7.6    1.45    1.55    1.45
 KIN2   133   815     72    7.5    7.0    6.9   176    4.9    0.8    9.0    0.00   974.10     1    8.2    5.4   -995   -995   -995   -995   -995    -995    -995    -995
 KIN2   133   820     72    7.5    6.6    6.6   175    5.3    0.6    8.2    0.00   974.09     3    8.1    5.3   -995   -995   -995   -995   -995    -995    -995    -995
 KIN2   133   825     72    7.5    6.7    6.7   171    6.0    0.8    8.4    0.00   974.00     6    8.2    5.2    5.6    4.7    5.4    6.3    7.6    -995    -995    -995
 KIN2   133   830     72    7.6    6.6    6.6   173    6.6    0.7    8.3    0.00   974.04    12    8.2    5.1   -995   -995   -995   -995   -995    -995    -995    -995
 KIN2   133   835     71    7.6    7.3    7.2   172    5.9    0.8    9.3    0.00   974.02    20    8.3    5.6   -995   -995   -995   -995   -995    -995    -995    -995
 KIN2   133   840     71    7.8    7.3    7.3   170    6.4    0.9   10.2    0.00   974.00    29    8.3    5.8    5.6    4.7    5.5    6.3    7.6    1.45    1.55    1.43
 KIN2   133   845     71    7.7    6.8    6.8   173    5.9    0.9    8.9    0.00   974.13    36    8.3    5.4   -995   -995   -995   -995   -995    -995    -995    -995
 KIN2   133   850     71    7.7    6.3    6.3   178    7.1    0.8    8.7    0.00   974.20    32    8.2    4.9   -995   -995   -995   -995   -995    -995    -995    -995
 KIN2   133   855     73    7.5    6.1    6.1   179    5.8    0.9    7.9    0.00   974.16    37    8.1    4.9    5.6    4.7    5.4    6.3    7.6    -995    -995    -995
 KIN2   133   860     73    7.6    6.7    6.7   176    6.1    0.8    8.7    0.00   974.15    39    8.2    5.3   -995   -995   -995   -995   -995    -995    -995    -995
 KIN2   133   865     72    7.8    7.1    7.0   175    6.0    0.7    9.1    0.00   974.12    82    8.3    5.5   -995   -995   -995   -995   -995    -995    -995    -995
 KIN2   133   870     72    8.0    7.0    7.0   176    5.7    0.8    8.7    0.00   974.06   138    8.4    5.4    5.6    4.7    5.5    6.3    7.6    1.45    1.55    1.44
 KIN2   133   875     72    8.1    6.4    6.4   180    5.7    0.7    8.2    0.00   974.12   107    8.4    5.1   -995   -995   -995   -995   -995    -995    -995    -995
 KIN2   133   880     72    8.1    6.6    6.5   179    5.5    0.7    8.5    0.00   974.11   113    8.4    5.2   -995   -995   -995   -995   -995    -995    -995    -995
 KIN2   133   885     72    8.3    7.0    7.0   177    6.1    0.6    8.6    0.00   974.03   172    8.5    5.6    5.6    4.7    5.5    6.3    7.6    -995    -995    -995
 KIN2   133   890     71    8.4    8.0    7.9   178    5.7    0.8   10.8    0.00   973.93   143    8.7    6.6   -995   -995   -995   -995   -995    -995    -995    -995
 KIN2   133   895     72    8.5    8.1    8.1   177    5.7    0.9   10.0    0.00   973.83   167    8.8    6.6   -995   -995   -995   -995   -995    -995    -995    -995
 KIN2   133   900     71    8.7    8.7    8.7   181    4.9    1.1   11.2    0.00   973.79   181    8.9    7.2    5.6    4.8    5.5    6.3    7.6    1.45    1.55    1.44
 KIN2   133   905     71    8.9    9.5    9.5   182    5.1    1.1   12.5    0.00   973.74   182    9.0    7.8   -995   -995   -995   -995   -995    -995    -995    -995
 KIN2   133   910     72    8.8   10.1   10.0   183    4.8    1.0   12.3    0.00   973.67   133    9.0    8.2   -995   -995   -995   -995   -995    -995    -995    -995
 KIN2   133   915     72    8.9   10.4   10.4   184    5.3    1.2   13.6    0.00   973.63   121    9.1    8.4    5.6    4.8    5.6    6.3    7.6    -995    -995    -995
 KIN2   133   920     72    9.0   10.5   10.5   185    4.5    1.0   13.3    0.00   973.67   120    9.2    8.4   -995   -995   -995   -995   -995    -995    -995    -995
 KIN2   133   925     72    9.0    9.9    9.8   188    5.2    1.3   13.0    0.00   973.81   127    9.3    8.1   -995   -995   -995   -995   -995    -995    -995    -995
 KIN2   133   930     71    9.1    9.9    9.8   188    5.3    0.9   11.7    0.00   973.76   153    9.4    8.0    5.7    5.0    5.7    6.3    7.6    1.45    1.55    1.44
 KIN2   133   935     71    9.3   10.6   10.5   189    5.3    1.1   12.7    0.00   973.73   148    9.5    8.6   -995   -995   -995   -995   -995    -995    -995    -995
 KIN2   133   940     71    9.4   10.3   10.3   192    5.2    1.2   13.0    0.00   973.98   140    9.6    8.2   -995   -995   -995   -995   -995    -995    -995    -995
 KIN2   133   945     70    9.5   10.5   10.4   195    5.0    1.1   13.8    0.00   974.19   136    9.8    8.4    5.7    5.1    5.7    6.3    7.6    -995    -995    -995
 KIN2   133   950     70    9.7    9.8    9.8   194    5.1    1.0   11.7    0.00   974.23   132    9.9    7.8   -995   -995   -995   -995   -995    -995    -995    -995
 KIN2   133   955     71    9.8    9.2    9.2   194    5.3    1.1   12.0    0.00   974.20   161   10.0    7.3   -995   -995   -995   -995   -995    -995    -995    -995
 KIN2   133   960     70    9.9   10.3   10.2   196    5.3    1.3   14.3    0.00   974.20   170   10.2    8.1    5.7    5.2    5.8    6.3    7.6    1.45    1.55    1.44
 KIN2   133   965     69   10.1    9.9    9.9   194    5.4    0.9   11.6    0.00   974.30   163   10.2    7.7   -995   -995   -995   -995   -995    -995    -995    -995
 KIN2   133   970     69   10.1    9.9    9.9   191    5.2    1.4   13.6    0.00   974.31   169   10.3    7.9   -995   -995   -995   -995   -995    -995    -995    -995
 KIN2   133   975     70   10.2    8.8    8.8   191    5.8    1.0   10.9    0.00   974.33   180   10.4    7.2    5.8    5.3    5.9    6.3    7.6    -995    -995    -995
 KIN2   133   980     70   10.3    8.8    8.7   189    6.1    1.1   11.9    0.00   974.35   140   10.4    7.0   -995   -995   -995   -995   -995    -995    -995    -995
 KIN2   133   985     70   10.2    8.4    8.4   190    5.6    1.2   11.3    0.00   974.34   133   10.4    6.7   -995   -995   -995   -995   -995    -995    -995    -995
 KIN2   133   990     70   10.4    8.4    8.4   190    6.1    1.0   11.1    0.00   974.29   154   10.5    6.7    5.8    5.4    6.0    6.3    7.6    1.45    1.55    1.44
 KIN2   133   995     70   10.5    8.8    8.7   188    5.3    1.0   11.6    0.00   974.21   177   10.6    7.1   -995   -995   -995   -995   -995    -995    -995    -995
 KIN2   133  1000     70   10.6    9.3    9.3   188    5.0    1.1   11.9    0.00   974.06   187   10.7    7.4   -995   -995   -995   -995   -995    -995    -995    -995
 KIN2   133  1005     70   10.6   10.1   10.0   189    5.6    1.0   12.3    0.00   973.89   164   10.8    8.2    5.8    5.6    6.0    6.3    7.7    -995    -995    -995
 KIN2   133  1010     70   10.6    9.8    9.7   190    5.0    1.0   12.4    0.00   973.82   160   10.8    8.1   -995   -995   -995   -995   -995    -995    -995    -995
 KIN2   133  1015     69   10.7   10.6   10.6   190    5.1    1.1   13.6    0.00   973.71   181   10.9    8.7   -995   -995   -995   -995   -995    -995    -995    -995
 KIN2   133  1020     69   10.9   10.7   10.6   188    5.6    1.1   13.3    0.00   973.69   170   11.0    8.7    5.9    5.7    6.1    6.4    7.7    1.45    1.55    1.44
 KIN2   133  1025     69   10.9   11.1   11.1   188    4.5    1.3   13.6    0.00   973.58   148   11.1    9.0   -995   -995   -995   -995   -995    -995    -995    -995
 KIN2   133  1030     69   10.9   11.5   11.4   186    3.9    1.0   13.7    0.00   973.43   125   11.2    9.2   -995   -995   -995   -995   -995    -995    -995    -995
 KIN2   133  1035     69   11.0   10.2   10.2   187    4.7    0.9   11.9    0.00   973.48   137   11.2    8.2    5.9    5.8    6.2    6.4    7.7    -995    -995    -995
 KIN2   133  1040     70   11.1   10.3   10.3   186    3.9    0.8   12.3    0.00   973.38   154   11.3    8.4   -995   -995   -995   -995   -995    -995    -995    -995
 KIN2   133  1045     70   11.2    9.8    9.7   185    4.3    0.8   11.5    0.00   973.31   186   11.4    7.8   -995   -995   -995   -995   -995    -995    -995    -995
 KIN2   133  1050     70   11.5    9.6    9.6   185    4.0    0.8   11.4    0.00   973.18   259   11.6    7.6    6.0    6.0    6.3    6.4    7.7    1.45    1.55    1.44
 KIN2   133  1055     69   11.9    9.1    9.1   186    4.7    0.8   11.2    0.00   973.10   226   12.0    7.3   -995   -995   -995   -995   -995    -995    -995    -995
 KIN2   133  1060     69   11.9    9.3    9.3   188    4.2    0.8   11.5    0.00   973.05   169   12.0    7.6   -995   -995   -995   -995   -995    -995    -995    -995
 KIN2   133  1065     69   11.9    9.3    9.3   187    3.9    0.7   10.8    0.00   972.91   197   12.0    7.4    6.0    6.1    6.4    6.4    7.7    -995    -995    -995
 KIN2   133  1070     69   11.9    9.4    9.4   187    3.9    0.7   10.9    0.00   972.76   221   12.0    7.5   -995   -995   -995   -995   -995    -995    -995    -995
 KIN2   133  1075     69   12.0    8.6    8.6   187    4.0    0.7   10.3    0.00   972.69   235   12.1    6.9   -995   -995   -995   -995   -995    -995    -995    -995
 KIN2   133  1080     69   12.1    8.0    7.9   189    4.9    0.6    9.8    0.00   972.69   200   12.2    6.5    6.1    6.2    6.4    6.4    7.7    1.45    1.54    1.44
 KIN2   133  1085     69   12.3    7.9    7.9   186    3.9    0.7    9.5    0.00   972.55   249   12.3    6.5   -995   -995   -995   -995   -995    -995    -995    -995
 KIN2   133  1090     69   12.5    8.3    8.3   185    3.9    0.7   10.0    0.00   972.41   297   12.5    6.8   -995   -995   -995   -995   -995    -995    -995    -995
 KIN2   133  1095     68   12.7    8.2    8.1   186    4.5    0.6    9.7    0.00   972.36   255   12.7    6.7    6.1    6.3    6.5    6.4    7.7    -995    -995    -995
 KIN2   133  1100     68   12.8    8.5    8.5   188    4.6    0.8   10.4    0.00   972.27   217   12.8    6.8   -995   -995   -995   -995   -995    -995    -995    -995
 KIN2   133  1105     66   13.0    9.3    9.3   188    4.8    0.9   11.1    0.00   972.06   311   13.1    7.5   -995   -995   -995   -995   -995    -995    -995    -995
 KIN2   133  1110     67   13.2    9.4    9.4   184    5.1    0.9   11.4    0.00   971.88   231   13.2    7.4    6.1    6.5    6.6    6.4    7.7    1.45    1.55    1.43
 KIN2   133  1115     67   13.0    9.3    9.3   183    3.8    0.8   11.2    0.00   971.69   174   13.1    7.6   -995   -995   -995   -995   -995    -995    -995    -995
 KIN2   133  1120     66   13.0    9.5    9.4   186    3.8    0.8   11.1    0.00   971.82   192   13.2    7.6   -995   -995   -995   -995   -995    -995    -995    -995
 KIN2   133  1125     66   13.0    8.9    8.9   187    4.5    0.7   10.4    0.00   971.73   207   13.2    7.1    6.2    6.7    6.8    6.4    7.7    -995    -995    -995
 KIN2   133  1130     66   13.1    8.9    8.9   186    4.3    0.7   10.4    0.00   971.62   240   13.2    7.0   -995   -995   -995   -995   -995    -995    -995    -995
 KIN2   133  1135     66   13.1    8.5    8.4   187    4.6    0.7   10.0    0.00   971.67   246   13.2    6.8   -995   -995   -995   -995   -995    -995    -995    -995
 KIN2   133  1140     66   13.2    8.3    8.3   185    4.5    0.7   10.1    0.00   971.52   261   13.3    6.8    6.3    6.9    6.9    6.4    7.7    1.45    1.56    1.45
 KIN2   133  1145     67   13.2    8.3    8.3   184    4.3    0.8    9.9    0.00   971.52   245   13.3    6.8   -995   -995   -995   -995   -995    -995    -995    -995
 KIN2   133  1150     66   13.4    8.6    8.5   183    5.1    1.0   10.9    0.00   971.43   309   13.4    7.0   -995   -995   -995   -995   -995    -995    -995    -995
 KIN2   133  1155     67   13.6    8.0    8.0   183    4.2    0.8   10.5    0.00   971.45   313   13.5    6.5    6.3    7.0    7.0    6.4    7.7    -995    -995    -995
 KIN2   133  1160     66   13.5    8.5    8.4   180    5.4    0.9   10.7    0.00   971.34   230   13.5    6.8   -995   -995   -995   -995   -995    -995    -995    -995
 KIN2   133  1165     67   13.5    7.7    7.7   181    5.1    0.8    9.5    0.00   971.39   195   13.6    6.3   -995   -995   -995   -995   -995    -995    -995    -995
 KIN2   133  1170     67   13.5    8.6    8.5   182    5.3    0.8   10.8    0.00   971.36   200   13.6    6.8    6.4    7.2    7.1    6.5    7.7    1.45    1.56    1.44
 KIN2   133  1175     68   13.7    7.2    7.2   178    4.9    1.0    9.9    0.00   971.21   421   13.7    5.8   -995   -995   -995   -995   -995    -995    -995    -995
 KIN2   133  1180     66   14.3    7.4    7.4   175    5.0    0.7    9.1    0.00   970.95   466   14.0    6.2   -995   -995   -995   -995   -995    -995    -995    -995
 KIN2   133  1185     66   13.9    7.8    7.8   172    3.8    0.5    9.3    0.00   970.76   189   13.9    6.3    6.4    7.3    7.2    6.5    7.7    -995    -995    -995
 KIN2   133  1190     67   13.7    8.1    8.1   175    5.0    0.7    9.6    0.00   970.74   192   13.8    6.4   -995   -995   -995   -995   -995    -995    -995    -995
 KIN2   133  1195     67   14.0    7.8    7.7   177    6.1    0.8    9.4    0.00   970.82   301   14.0    6.6   -995   -995   -995   -995   -995    -995    -995    -995
 KIN2   133  1200     67   14.0    7.1    7.1   180    6.1    0.7    8.9    0.00   970.90   225   14.1    5.8    6.5    7.5    7.3    6.5    7.7    1.45    1.55    1.44
 KIN2   133  1205     67   14.0    6.6    6.6   174    5.0    0.7    8.4    0.00   970.72   277   14.2    5.4   -995   -995   -995   -995   -995    -995    -995    -995
 KIN2   133  1210     66   14.9    5.9    5.8   174    8.5    0.8    8.5    0.00   970.77   556   14.6    4.8   -995   -995   -995   -995   -995    -995    -995    -995
 KIN2   133  1215     64   14.8    6.4    6.3   169    7.1    0.7    7.7    0.00   970.74   224   14.6    5.3    6.6    7.6    7.4    6.5    7.7    -995    -995    -995
 KIN2   133  1220     66   14.4    6.1    6.1   171    7.7    0.6    7.9    0.00   970.77   238   14.5    5.0   -995   -995   -995   -995   -995    -995    -995    -995
 KIN2   133  1225     67   14.7    6.1    6.1   178    5.6    0.7    7.5    0.00   970.71   260   14.7    4.9   -995   -995   -995   -995   -995    -995    -995    -995
 KIN2   133  1230     67   14.8    5.1    5.1   174    7.4    0.9    7.9    0.00   970.74   260   14.8    4.2    6.6    7.8    7.4    6.5    7.7    1.45    1.55    1.43
 KIN2   133  1235     66   15.0    5.9    5.8   177    8.4    0.9    8.3    0.00   970.76   301   14.9    4.8   -995   -995   -995   -995   -995    -995    -995    -995
 KIN2   133  1240     66   15.2    6.9    6.9   179    7.4    1.0    8.9    0.00   970.71   252   15.2    5.7   -995   -995   -995   -995   -995    -995    -995    -995
 KIN2   133  1245     65   15.1    8.4    8.3   180    6.2    1.0   10.5    0.00   970.62   217   15.3    6.8    6.7    8.0    7.6    6.5    7.7    -995    -995    -995
 KIN2   133  1250     64   15.6    8.7    8.7   188    6.7    2.0   13.5    0.00   970.55   445   15.6    7.1   -995   -995   -995   -995   -995    -995    -995    -995
 KIN2   133  1255     63   16.0    8.7    8.6   186    7.5    0.9   11.4    0.00   970.50   381   15.9    7.1   -995   -995   -995   -995   -995    -995    -995    -995
 KIN2   133  1260     64   15.8    9.6    9.5   183    5.3    1.0   11.6    0.00   970.38   246   15.9    7.6    6.8    8.1    7.6    6.5    7.7    1.44    1.55    1.44
 KIN2   133  1265     65   15.7    8.2    8.2   182    5.5    0.9   10.2    0.00   970.33   303   15.8    6.5   -995   -995   -995   -995   -995    -995    -995    -995
 KIN2   133  1270     66   15.4    6.9    6.9   181    5.9    0.8    8.3    0.00   970.34   134   15.6    5.6   -995   -995   -995   -995   -995    -995    -995    -995
 KIN2   133  1275     67   15.2    8.5    8.4   175    6.9    0.9   11.1    0.00   970.17   178   15.5    6.7    6.9    8.3    7.7    6.6    7.7    -995    -995    -995
 KIN2   133  1280     67   15.3    8.3    8.3   179    6.8    1.2   11.5    0.00   970.23   187   15.6    6.8   -995   -995   -995   -995   -995    -995    -995    -995
 KIN2   133  1285     66   15.5    9.1    9.0   179    5.3    1.3   11.4    0.00   970.27   124   15.8    7.5   -995   -995   -995   -995   -995    -995    -995    -995
 KIN2   133  1290     67   15.4    8.1    8.1   182    5.2    1.0   10.1    0.00   970.29   112   15.8    6.4    7.0    8.5    7.9    6.6    7.7    1.44    1.55    1.44
 KIN2   133  1295     65   15.5   10.1   10.1   189    7.0    1.6   13.5    0.00   970.21   167   16.0    8.2   -995   -995   -995   -995   -995    -995    -995    -995
 KIN2   133  1300     65   15.7    8.7    8.7   182    7.1    1.4   12.1    0.00   970.18   179   16.0    7.2   -995   -995   -995   -995   -995    -995    -995    -995
 KIN2   133  1305     67   15.7    7.4    7.4   177    5.9    1.2   10.0    0.00   970.16   160   16.0    5.9    7.0    8.6    8.0    6.7    7.8    -995    -995    -995
 KIN2   133  1310     67   15.6    8.1    8.1   178    5.8    0.9   10.1    0.00   970.13    80   16.0    6.7   -995   -995   -995   -995   -995    -995    -995    -995
 KIN2   133  1315     68   15.1    7.0    7.0   181    6.4    1.1   10.0    0.00   970.39    70   15.6    5.5   -995   -995   -995   -995   -995    -995    -995    -995
 KIN2   133  1320     69   14.9    6.7    6.7   180    6.6    0.9    9.1    0.00   970.48    81   15.4    5.2    7.1    8.7    8.0    6.7    7.8    1.44    1.54    1.43
 KIN2   133  1325     70   14.8    5.9    5.9   174    6.3    0.7    7.5    0.00   970.48   104   15.3    4.8   -995   -995   -995   -995   -995    -995    -995    -995
 KIN2   133  1330     71   14.8    5.1    5.0   169    6.2    0.5    6.5    0.00   970.40   101   15.3    3.9   -995   -995   -995   -995   -995    -995    -995    -995
 KIN2   133  1335     70   15.0    5.6    5.6   166    5.8    0.8    7.7    0.00   970.41    92   15.5    4.3    7.2    8.8    8.1    6.8    7.8    -995    -995    -995
 KIN2   133  1340     70   15.0    5.0    5.0   168    7.8    0.7    6.7    0.00   970.40    81   15.5    3.9   -995   -995   -995   -995   -995    -995    -995    -995
 KIN2   133  1345     71   15.0    5.3    5.3   175    6.7    0.8    7.6    0.00   970.36    74   15.4    4.0   -995   -995   -995   -995   -995    -995    -995    -995
 KIN2   133  1350     71   15.1    5.4    5.4   181    6.3    0.8    6.9    0.00   970.38    64   15.5    4.4    7.2    8.8    8.1    6.8    7.8    1.44    1.56    1.44
 KIN2   133  1355     71   15.1    6.2    6.1   183    6.7    1.0    8.7    0.00   970.32    51   15.6    4.9   -995   -995   -995   -995   -995    -995    -995    -995
 KIN2   133  1360     71   15.1    6.1    6.1   182    5.8    1.0    8.5    0.00   970.25    41   15.5    4.9   -995   -995   -995   -995   -995    -995    -995    -995
 KIN2   133  1365     70   15.1    6.6    6.6   189    6.1    0.9    8.9    0.00   970.31    31   15.6    5.2    7.3    8.9    8.1    6.8    7.8    -995    -995    -995
 KIN2   133  1370     71   15.1    6.5    6.5   189    6.7    1.0    9.1    0.00   970.18    26   15.6    5.3   -995   -995   -995   -995   -995    -995    -995    -995
 KIN2   133  1375     70   15.1    7.6    7.5   192    6.6    1.0    9.8    0.00   970.11    16   15.7    6.0   -995   -995   -995   -995   -995    -995    -995    -995
 KIN2   133  1380     70   15.2    8.6    8.5   190    6.6    1.0   10.6    0.00   969.83    18   15.8    6.9    7.3    8.9    8.1    6.8    7.8    1.44    1.55    1.43
 KIN2   133  1385     70   15.3   10.1   10.1   188    4.8    1.0   12.2    0.00   969.52    13   15.8    8.2   -995   -995   -995   -995   -995    -995    -995    -995
 KIN2   133  1390     70   15.2    9.6    9.6   192    6.1    0.9   11.6    0.00   969.46    11   15.7    7.6   -995   -995   -995   -995   -995    -995    -995    -995
 KIN2   133  1395     71   15.1    9.5    9.4   189    6.3    1.0   12.0    0.00   969.22    11   15.7    7.5    7.3    8.9    8.1    6.8    7.8    -995    -995    -995
 KIN2   133  1400     70   15.2   10.0    9.9   194    4.7    1.2   13.1    0.00   969.38     6   15.8    8.0   -995   -995   -995   -995   -995    -995    -995    -995
 KIN2   133  1405     70   15.2   10.1   10.1   192    5.6    1.2   12.7    0.00   969.19     4   15.8    8.2   -995   -995   -995   -995   -995    -995    -995    -995
 KIN2   133  1410     70   15.2    9.8    9.8   193    5.6    0.9   12.4    0.00   969.21     3   15.7    7.9    7.4    8.9    8.1    6.8    7.8    1.44    1.55    1.43
 KIN2   133  1415     71   15.0    8.7    8.6   195    6.0    0.9   10.8    0.00   969.33     1   15.6    6.8   -995   -995   -995   -995   -995    -995    -995    -995
 KIN2   133  1420     71   15.1    9.0    8.9   192    6.2    0.9   11.2    0.00   969.18     1   15.6    7.1   -995   -995   -995   -995   -995    -995    -995    -995
 KIN2   133  1425     71   15.0    9.0    9.0   195    6.2    0.9   11.4    0.00   969.21     0   15.6    7.0    7.4    8.9    8.1    6.9    7.8    -995    -995    -995
 KIN2   133  1430     71   15.1    9.3    9.2   195    6.3    0.9   11.6    0.00   969.27     0   15.7    7.4   -995   -995   -995   -995   -995    -995    -995    -995
 KIN2   133  1435     71   15.1    9.6    9.5   196    7.6    1.0   12.4    0.00   969.37     0   15.7    7.6   -995   -995   -995   -995   -995    -995    -995    -995
</pre>