<pre>  101 ! (c) 2019 Oklahoma Climatological Survey and the Oklahoma Mesonet - all rights reserved
  21 2019 09 06 00 00 00
 STID  STNM  TIME   RELH   TAIR   WSPD   WVEC  WDIR   WDSD   WSSD   WMAX    RAIN     PRES  SRAD   TA9M   WS2M   TS10   TB10   TS05   TS25   TS60    TR05    TR25    TR60
 KIN2   133     0     38   32.8    4.4    4.4   177    5.6    0.5    5.6    0.00   977.93   128   33.5    3.3   27.4   34.7   27.6   26.7   25.6    2.57    1.76    3.56
 KIN2   133     5     38   32.7    4.4    4.3   179    3.9    0.3    5.0    0.00   977.99   112   33.3    3.3   -995   -995   -995   -995   -995    -995    -995    -995
 KIN2   133    10     38   32.5    4.3    4.3   176    4.2    0.4    5.2    0.00   978.00    99   33.2    3.1   -995   -995   -995   -995   -995    -995    -995    -995
 KIN2   133    15     39   32.3    3.5    3.5   169    5.8    0.4    4.7    0.00   977.99    85   33.1    2.5   27.4   34.5   27.6   26.7   25.7    -995    -995    -995
 KIN2   133    20     39   32.2    3.8    3.8   170    4.3    0.4    4.7    0.00   978.01    70   33.0    2.9   -995   -995   -995   -995   -995    -995    -995    -995
 KIN2   133    25     40   31.8    3.6    3.6   170    6.0    0.5    4.6    0.00   978.02    46   32.8    2.6   -995   -995   -995   -995   -995    -995    -995    -995
 KIN2   133    30     40   31.5    3.8    3.7   166    6.0    0.5    4.9    0.00   977.99    32   32.6    2.6   27.4   34.3   27.5   26.8   25.7    2.57    1.76    3.56
 KIN2   133    35     42   31.1    3.5    3.5   163    4.8    0.3    4.3    0.00   977.98    29   32.3    2.2   -995   -995   -995   -995   -995    -995    -995    -995
 KIN2   133    40     42   30.8    3.6    3.6   161    4.1    0.3    4.1    0.00   977.96    25   32.1    2.2   -995   -995   -995   -995   -995    -995    -995    -995
 KIN2   133    45     43   30.5    3.3    3.2   161    5.0    0.3    3.9    0.00   977.97    18   31.9    2.0   27.4   34.1   27.5   26.8   25.7    -995    -995    -995
 KIN2   133    50     43   30.3    3.6    3.6   163    3.8    0.2    4.1    0.00   977.97    12   31.6    2.2   -995   -995   -995   -995   -995    -995    -995    -995
 KIN2   133    55     44   29.9    3.4    3.4   162    4.4    0.2    4.1    0.00   977.97     8   31.4    2.0   -995   -995   -995   -995   -995    -995    -995    -995
 KIN2   133    60     45   29.6    3.3    3.3   159    4.3    0.3    3.8    0.00   978.00     4   31.1    1.9   27.4   33.8   27.4   26.9   25.7    2.57    1.77    3.56
 KIN2   133    65     46   29.4    3.1    3.1   159    3.8    0.2    3.7    0.00   978.03     2   30.9    1.8   -995   -995   -995   -995   -995    -995    -995    -995
 KIN2   133    70     48   29.0    2.8    2.8   155    4.0    0.2    3.3    0.00   978.08     1   30.6    1.6   -995   -995   -995   -995   -995    -995    -995    -995
 KIN2   133    75     49   28.7    2.7    2.7   156    4.7    0.2    3.1    0.00   978.15     0   30.4    1.5   27.3   33.6   27.4   26.9   25.7    -995    -995    -995
 KIN2   133    80     51   28.5    2.7    2.7   156    3.6    0.2    3.1    0.00   978.21     0   30.1    1.4   -995   -995   -995   -995   -995    -995    -995    -995
 KIN2   133    85     52   28.2    2.5    2.5   157    4.5    0.2    3.1    0.00   978.24     0   29.9    1.3   -995   -995   -995   -995   -995    -995    -995    -995
 KIN2   133    90     53   27.9    2.4    2.4   156    4.3    0.2    2.8    0.00   978.24     0   29.6    1.1   27.3   33.3   27.2   26.9   25.7    2.58    1.77    3.56
 KIN2   133    95     54   27.6    2.6    2.6   156    3.6    0.2    3.0    0.00   978.22     0   29.4    1.3   -995   -995   -995   -995   -995    -995    -995    -995
 KIN2   133   100     55   27.5    2.7    2.7   158    4.6    0.2    3.2    0.00   978.24     0   29.3    1.3   -995   -995   -995   -995   -995    -995    -995    -995
 KIN2   133   105     55   27.2    2.9    2.9   162    3.6    0.2    3.4    0.00   978.27     0   29.1    1.4   27.2   33.1   27.1   26.9   25.7    -995    -995    -995
 KIN2   133   110     56   27.1    3.0    3.0   160    4.4    0.2    3.4    0.00   978.32     0   29.0    1.4   -995   -995   -995   -995   -995    -995    -995    -995
 KIN2   133   115     56   27.3    2.9    2.9   156    5.5    0.2    3.5    0.00   978.37     0   29.1    1.6   -995   -995   -995   -995   -995    -995    -995    -995
 KIN2   133   120     56   27.2    3.0    3.0   150    3.9    0.2    3.7    0.00   978.43     0   28.9    1.6   27.2   32.8   27.0   26.9   25.7    2.59    1.77    3.56
 KIN2   133   125     57   27.2    3.1    3.0   154    5.8    0.3    4.0    0.00   978.47     0   28.8    1.8   -995   -995   -995   -995   -995    -995    -995    -995
 KIN2   133   130     57   27.1    3.1    3.0   160    4.7    0.3    3.7    0.00   978.50     0   28.6    1.8   -995   -995   -995   -995   -995    -995    -995    -995
 KIN2   133   135     58   27.0    3.0    2.9   155    5.1    0.3    3.7    0.00   978.54     0   28.4    1.7   27.1   32.5   26.9   26.8   25.6    -995    -995    -995
 KIN2   133   140     58   26.8    2.9    2.9   153    5.2    0.3    3.7    0.00   978.60     0   28.2    1.7   -995   -995   -995   -995   -995    -995    -995    -995
 KIN2   133   145     59   26.5    2.6    2.6   152    5.6    0.2    3.2    0.00   978.63     0   28.1    1.3   -995   -995   -995   -995   -995    -995    -995    -995
 KIN2   133   150     60   26.4    2.7    2.7   156    6.2    0.3    3.4    0.00   978.71     0   28.1    1.3   27.0   32.3   26.8   26.8   25.6    2.59    1.78    3.57
 KIN2   133   155     61   26.1    2.8    2.8   163    4.0    0.3    3.5    0.00   978.73     0   27.7    1.4   -995   -995   -995   -995   -995    -995    -995    -995
 KIN2   133   160     63   25.3    2.3    2.3   167    5.0    0.3    3.1    0.00   978.77     0   27.3    1.2   -995   -995   -995   -995   -995    -995    -995    -995
 KIN2   133   165     64   25.3    2.4    2.4   166    5.2    0.2    2.9    0.00   978.80     0   27.2    0.9   27.0   32.0   26.7   26.8   25.6    -995    -995    -995
 KIN2   133   170     64   25.4    2.1    2.0   169    7.0    0.3    2.7    0.00   978.83     0   27.1    1.0   -995   -995   -995   -995   -995    -995    -995    -995
 KIN2   133   175     64   25.2    2.2    2.2   167    9.3    0.5    3.2    0.00   978.85     0   26.8    1.1   -995   -995   -995   -995   -995    -995    -995    -995
 KIN2   133   180     65   25.5    2.8    2.8   157    5.0    0.3    3.5    0.00   978.81     0   27.2    1.6   27.0   31.8   26.7   26.8   25.6    2.59    1.78    3.55
 KIN2   133   185     64   25.7    3.1    3.0   162    5.3    0.3    3.8    0.00   978.81     0   27.1    1.7   -995   -995   -995   -995   -995    -995    -995    -995
 KIN2   133   190     64   25.4    3.2    3.2   167    3.9    0.2    3.8    0.00   978.84     0   27.0    1.6   -995   -995   -995   -995   -995    -995    -995    -995
 KIN2   133   195     64   25.6    3.0    2.9   156    6.6    0.3    3.7    0.00   978.82     0   27.1    1.6   26.9   31.6   26.6   26.8   25.6    -995    -995    -995
 KIN2   133   200     63   25.5    3.2    3.2   173    6.0    0.3    3.8    0.00   978.86     0   27.0    1.8   -995   -995   -995   -995   -995    -995    -995    -995
 KIN2   133   205     64   24.9    2.6    2.6   176    9.6    0.3    4.0    0.00   978.80     0   26.6    1.2   -995   -995   -995   -995   -995    -995    -995    -995
 KIN2   133   210     64   25.2    3.3    3.2   172    6.4    0.3    4.3    0.00   978.80     0   26.9    1.7   26.8   31.3   26.5   26.7   25.6    2.61    1.78    3.56
 KIN2   133   215     64   25.2    3.7    3.6   178    3.9    0.2    4.2    0.00   978.80     0   26.8    2.0   -995   -995   -995   -995   -995    -995    -995    -995
 KIN2   133   220     65   25.1    3.5    3.5   175    5.0    0.3    4.1    0.00   978.78     0   26.6    1.9   -995   -995   -995   -995   -995    -995    -995    -995
 KIN2   133   225     65   24.9    3.7    3.7   178    4.1    0.3    4.2    0.00   978.78     0   26.5    2.0   26.8   31.1   26.4   26.7   25.6    -995    -995    -995
 KIN2   133   230     66   24.7    3.1    3.1   182    5.0    0.4    3.9    0.00   978.76     0   26.1    1.7   -995   -995   -995   -995   -995    -995    -995    -995
 KIN2   133   235     68   24.1    2.7    2.7   186    4.1    0.2    3.1    0.00   978.78     0   25.6    1.4   -995   -995   -995   -995   -995    -995    -995    -995
 KIN2   133   240     70   23.9    3.1    3.1   190    3.9    0.2    3.6    0.00   978.82     0   25.3    1.8   26.7   30.9   26.3   26.7   25.6    2.61    1.79    3.56
 KIN2   133   245     71   23.8    3.5    3.5   186    3.5    0.2    4.0    0.00   978.82     0   25.2    1.9   -995   -995   -995   -995   -995    -995    -995    -995
 KIN2   133   250     71   23.6    2.8    2.8   192    5.0    0.3    3.5    0.00   978.80     0   24.9    1.4   -995   -995   -995   -995   -995    -995    -995    -995
 KIN2   133   255     73   23.2    2.3    2.3   195    5.4    0.2    2.9    0.00   978.75     0   24.7    1.0   26.7   30.7   26.3   26.7   25.6    -995    -995    -995
 KIN2   133   260     73   23.3    2.7    2.6   204    4.6    0.3    3.3    0.00   978.74     0   24.8    1.3   -995   -995   -995   -995   -995    -995    -995    -995
 KIN2   133   265     72   23.6    3.1    3.1   194    4.5    0.3    3.9    0.00   978.71     0   25.2    1.5   -995   -995   -995   -995   -995    -995    -995    -995
 KIN2   133   270     71   23.8    3.7    3.7   191    4.7    0.3    4.3    0.00   978.67     0   25.5    1.9   26.7   30.5   26.2   26.7   25.6    2.62    1.79    3.56
 KIN2   133   275     70   23.8    3.2    3.2   195    3.8    0.3    3.9    0.00   978.62     0   25.3    1.6   -995   -995   -995   -995   -995    -995    -995    -995
 KIN2   133   280     72   23.6    2.6    2.5   199    7.4    0.3    3.4    0.00   978.63     0   24.9    1.2   -995   -995   -995   -995   -995    -995    -995    -995
 KIN2   133   285     73   23.3    2.7    2.7   200    6.3    0.3    3.5    0.00   978.65     0   24.6    1.3   26.6   30.3   26.2   26.7   25.6    -995    -995    -995
 KIN2   133   290     73   23.2    3.0    3.0   197    6.0    0.3    3.7    0.00   978.65     0   24.6    1.6   -995   -995   -995   -995   -995    -995    -995    -995
 KIN2   133   295     74   23.2    2.8    2.8   197    4.5    0.4    3.6    0.00   978.69     0   24.6    1.4   -995   -995   -995   -995   -995    -995    -995    -995
 KIN2   133   300     74   23.2    2.1    2.1   195    3.5    0.2    2.5    0.00   978.71     0   24.5    1.3   26.6   30.1   26.1   26.7   25.6    2.62    1.81    3.57
 KIN2   133   305     74   23.1    2.1    2.1   199    4.9    0.2    2.5    0.00   978.78     0   24.5    1.3   -995   -995   -995   -995   -995    -995    -995    -995
 KIN2   133   310     75   23.0    2.0    2.0   198    5.6    0.2    2.5    0.00   978.85     0   24.5    1.1   -995   -995   -995   -995   -995    -995    -995    -995
 KIN2   133   315     74   23.2    1.9    1.9   203    7.5    0.2    2.4    0.00   978.88     0   24.4    1.1   26.5   30.0   26.0   26.6   25.6    -995    -995    -995
 KIN2   133   320     73   23.5    2.3    2.2   206    8.1    0.2    2.8    0.00   978.88     0   24.4    1.3   -995   -995   -995   -995   -995    -995    -995    -995
 KIN2   133   325     74   23.1    2.0    2.0   194    6.2    0.2    2.4    0.00   978.83     0   24.3    1.4   -995   -995   -995   -995   -995    -995    -995    -995
 KIN2   133   330     76   22.7    1.9    1.9   188    3.0    0.1    2.3    0.00   978.76     0   24.4    1.4   26.5   29.8   26.0   26.6   25.6    2.62    1.79    3.56
 KIN2   133   335     77   22.7    1.8    1.8   199    8.3    0.1    2.1    0.00   978.69     0   23.8    1.1   -995   -995   -995   -995   -995    -995    -995    -995
 KIN2   133   340     77   22.7    2.1    2.1   189    4.5    0.1    2.3    0.00   978.62     0   24.1    1.4   -995   -995   -995   -995   -995    -995    -995    -995
 KIN2   133   345     78   22.2    1.7    1.7   186    2.0    0.1    2.0    0.00   978.65     0   24.0    1.4   26.4   29.6   25.9   26.6   25.6    -995    -995    -995
 KIN2   133   350     79   22.2    2.0    2.0   195    2.3    0.1    2.3    0.00   978.65     0   24.2    1.4   -995   -995   -995   -995   -995    -995    -995    -995
 KIN2   133   355     78   22.5    2.1    2.1   192    3.3    0.1    2.2    0.00   978.65     0   24.1    1.4   -995   -995   -995   -995   -995    -995    -995    -995
 KIN2   133   360     78   22.5    1.8    1.8   184    3.1    0.1    2.1    0.00   978.67     0   24.1    1.2   26.4   29.4   25.9   26.6   25.6    2.62    1.81    3.56
 KIN2   133   365     77   22.8    1.9    1.9   205    5.1    0.2    2.2    0.00   978.73     0   24.0    1.2   -995   -995   -995   -995   -995    -995    -995    -995
 KIN2   133   370     76   22.9    2.0    2.0   204    1.8    0.1    2.2    0.00   978.73     0   24.0    0.6   -995   -995   -995   -995   -995    -995    -995    -995
 KIN2   133   375     76   22.7    2.4    2.4   204    3.0    0.2    2.7    0.00   978.72     0   24.0    1.2   26.3   29.3   25.8   26.6   25.6    -995    -995    -995
 KIN2   133   380     78   22.1    2.5    2.5   193    1.5    0.1    2.7    0.00   978.70     0   23.8    1.2   -995   -995   -995   -995   -995    -995    -995    -995
 KIN2   133   385     80   21.8    2.7    2.7   193    3.6    0.1    3.0    0.00   978.71     0   23.8    1.4   -995   -995   -995   -995   -995    -995    -995    -995
 KIN2   133   390     81   21.5    3.0    3.0   185    2.3    0.2    3.3    0.00   978.65     0   23.7    1.4   26.3   29.1   25.8   26.6   25.6    2.63    1.81    3.56
 KIN2   133   395     81   21.1    3.1    3.1   182    1.5    0.1    3.4    0.00   978.69     0   23.7    1.3   -995   -995   -995   -995   -995    -995    -995    -995
 KIN2   133   400     81   21.1    3.0    3.0   180    0.7    0.1    3.1    0.00   978.71     0   23.5    1.2   -995   -995   -995   -995   -995    -995    -995    -995
 KIN2   133   405     82   21.0    3.1    3.1   179    1.0    0.1    3.3    0.00   978.68     0   23.5    1.3   26.3   29.0   25.8   26.5   25.6    -995    -995    -995
 KIN2   133   410     82   20.9    3.3    3.3   181    1.2    0.1    3.5    0.00   978.69     0   23.4    1.4   -995   -995   -995   -995   -995    -995    -995    -995
 KIN2   133   415     83   21.1    3.2    3.2   184    1.4    0.1    3.5    0.00   978.74     0   23.2    1.4   -995   -995   -995   -995   -995    -995    -995    -995
 KIN2   133   420     82   21.2    3.3    3.3   186    1.6    0.1    3.5    0.00   978.79     0   23.2    1.5   26.2   28.8   25.7   26.5   25.6    2.64    1.79    3.56
 KIN2   133   425     82   21.3    3.4    3.4   185    2.5    0.2    3.9    0.00   978.78     0   23.2    1.5   -995   -995   -995   -995   -995    -995    -995    -995
 KIN2   133   430     81   21.5    3.3    3.3   185    2.7    0.2    3.6    0.00   978.74     0   23.2    1.6   -995   -995   -995   -995   -995    -995    -995    -995
 KIN2   133   435     81   21.5    3.2    3.2   187    2.6    0.1    3.5    0.00   978.69     0   23.2    1.5   26.2   28.6   25.6   26.5   25.6    -995    -995    -995
 KIN2   133   440     81   21.4    3.2    3.2   187    2.3    0.1    3.5    0.00   978.64     0   23.1    1.5   -995   -995   -995   -995   -995    -995    -995    -995
 KIN2   133   445     81   21.3    3.2    3.2   186    2.1    0.1    3.5    0.00   978.63     0   22.9    1.6   -995   -995   -995   -995   -995    -995    -995    -995
 KIN2   133   450     82   21.2    2.9    2.9   192    3.0    0.1    3.2    0.00   978.62     0   22.7    1.4   26.1   28.5   25.6   26.5   25.6    2.64    1.81    3.56
 KIN2   133   455     83   21.1    2.8    2.8   195    1.9    0.1    3.0    0.00   978.60     0   22.7    1.5   -995   -995   -995   -995   -995    -995    -995    -995
 KIN2   133   460     83   20.9    3.1    3.1   193    1.7    0.1    3.3    0.00   978.59     0   22.8    1.5   -995   -995   -995   -995   -995    -995    -995    -995
 KIN2   133   465     84   20.6    3.1    3.1   190    1.9    0.1    3.3    0.00   978.56     0   22.6    1.4   26.1   28.3   25.5   26.5   25.6    -995    -995    -995
 KIN2   133   470     85   20.6    2.9    2.9   190    2.5    0.1    3.1    0.00   978.55     0   22.5    1.3   -995   -995   -995   -995   -995    -995    -995    -995
 KIN2   133   475     85   20.5    2.5    2.5   187    4.0    0.1    2.7    0.00   978.50     0   22.4    1.1   -995   -995   -995   -995   -995    -995    -995    -995
 KIN2   133   480     85   20.4    2.4    2.4   184    1.4    0.1    2.5    0.00   978.46     0   22.2    1.0   26.0   28.2   25.5   26.4   25.6    2.64    1.81    3.55
 KIN2   133   485     86   20.4    2.0    2.0   193    3.2    0.2    2.5    0.00   978.47     0   22.1    1.0   -995   -995   -995   -995   -995    -995    -995    -995
 KIN2   133   490     86   20.4    1.9    1.9   192    2.0    0.1    2.0    0.00   978.48     0   22.0    0.9   -995   -995   -995   -995   -995    -995    -995    -995
 KIN2   133   495     87   20.4    1.8    1.8   190    1.0    0.1    1.9    0.00   978.48     0   21.9    0.8   26.0   28.0   25.5   26.4   25.6    -995    -995    -995
 KIN2   133   500     87   20.7    1.5    1.5   199    2.8    0.2    1.9    0.00   978.49     0   21.7    0.5   -995   -995   -995   -995   -995    -995    -995    -995
 KIN2   133   505     86   20.8    1.3    1.3   190    3.6    0.1    1.5    0.00   978.48     0   21.6    0.0   -995   -995   -995   -995   -995    -995    -995    -995
 KIN2   133   510     86   20.5    1.7    1.7   182    3.0    0.1    1.9    0.00   978.46     0   21.8    0.1   26.0   27.9   25.4   26.4   25.6    2.64    1.81    3.56
 KIN2   133   515     87   20.2    1.7    1.7   182    1.3    0.1    1.9    0.00   978.44     0   21.9    0.3   -995   -995   -995   -995   -995    -995    -995    -995
 KIN2   133   520     87   20.3    1.8    1.8   178    1.5    0.2    2.2    0.00   978.40     0   22.0    0.4   -995   -995   -995   -995   -995    -995    -995    -995
 KIN2   133   525     87   20.3    1.9    1.9   176    0.9    0.2    2.4    0.00   978.38     0   22.2    0.2   25.9   27.8   25.4   26.4   25.6    -995    -995    -995
 KIN2   133   530     85   20.6    1.2    1.2   174    2.6    0.2    1.5    0.00   978.41     0   22.1    0.0   -995   -995   -995   -995   -995    -995    -995    -995
 KIN2   133   535     84   20.7    1.1    1.1   180    2.7    0.1    1.4    0.00   978.46     0   22.1    0.4   -995   -995   -995   -995   -995    -995    -995    -995
 KIN2   133   540     84   20.7    1.8    1.8   178    1.8    0.3    2.2    0.00   978.46     0   22.3    1.1   25.9   27.6   25.3   26.4   25.6    2.65    1.82    3.56
 KIN2   133   545     84   20.5    2.3    2.3   180    2.5    0.1    2.5    0.00   978.43     0   22.4    1.3   -995   -995   -995   -995   -995    -995    -995    -995
 KIN2   133   550     85   20.5    2.7    2.7   185    1.9    0.2    3.2    0.00   978.41     0   22.0    1.3   -995   -995   -995   -995   -995    -995    -995    -995
 KIN2   133   555     85   20.3    2.8    2.8   185    1.3    0.1    3.0    0.00   978.39     0   21.9    1.2   25.8   27.5   25.2   26.3   25.6    -995    -995    -995
 KIN2   133   560     86   20.1    2.7    2.7   186    1.3    0.1    2.9    0.00   978.38     0   22.0    1.3   -995   -995   -995   -995   -995    -995    -995    -995
 KIN2   133   565     86   19.9    2.9    2.9   183    1.1    0.1    3.1    0.00   978.38     0   22.1    1.3   -995   -995   -995   -995   -995    -995    -995    -995
 KIN2   133   570     86   19.9    2.7    2.7   182    1.3    0.2    3.0    0.00   978.40     0   22.2    1.2   25.8   27.4   25.2   26.3   25.6    2.66    1.82    3.56
 KIN2   133   575     86   20.0    2.6    2.6   180    1.5    0.1    2.7    0.00   978.43     0   22.2    1.1   -995   -995   -995   -995   -995    -995    -995    -995
 KIN2   133   580     86   20.0    2.5    2.5   180    2.0    0.1    2.7    0.00   978.46     0   22.1    1.2   -995   -995   -995   -995   -995    -995    -995    -995
 KIN2   133   585     85   20.1    2.6    2.6   183    1.8    0.1    2.9    0.00   978.48     0   22.0    1.3   25.8   27.2   25.2   26.3   25.6    -995    -995    -995
 KIN2   133   590     85   19.9    3.0    3.0   178    2.2    0.1    3.2    0.00   978.47     0   22.0    1.4   -995   -995   -995   -995   -995    -995    -995    -995
 KIN2   133   595     85   19.7    3.0    3.0   174    1.2    0.1    3.2    0.00   978.48     0   22.2    1.4   -995   -995   -995   -995   -995    -995    -995    -995
 KIN2   133   600     86   19.6    3.2    3.2   175    1.8    0.1    3.4    0.00   978.50     0   22.3    1.4   25.7   27.1   25.1   26.3   25.6    2.66    1.82    3.57
 KIN2   133   605     86   19.6    3.1    3.1   176    1.3    0.1    3.4    0.00   978.52     0   22.3    1.3   -995   -995   -995   -995   -995    -995    -995    -995
 KIN2   133   610     86   19.7    3.0    3.0   177    1.3    0.1    3.4    0.00   978.54     0   22.2    1.3   -995   -995   -995   -995   -995    -995    -995    -995
 KIN2   133   615     86   19.7    2.6    2.6   177    0.8    0.2    2.9    0.00   978.53     0   22.1    1.2   25.7   27.0   25.1   26.2   25.6    -995    -995    -995
 KIN2   133   620     86   20.0    2.2    2.2   176    1.2    0.1    2.4    0.00   978.56     0   22.0    1.2   -995   -995   -995   -995   -995    -995    -995    -995
 KIN2   133   625     85   20.2    1.8    1.8   174    1.3    0.1    2.1    0.00   978.55     0   21.9    1.1   -995   -995   -995   -995   -995    -995    -995    -995
 KIN2   133   630     84   20.3    1.7    1.7   170    2.8    0.1    1.9    0.00   978.51     0   22.0    0.9   25.6   26.9   25.0   26.2   25.6    2.65    1.82    3.56
 KIN2   133   635     84   20.4    1.5    1.5   174    1.9    0.1    1.9    0.00   978.54     0   21.9    0.7   -995   -995   -995   -995   -995    -995    -995    -995
 KIN2   133   640     83   20.5    1.5    1.5   171    1.0    0.1    1.7    0.00   978.52     0   21.9    0.6   -995   -995   -995   -995   -995    -995    -995    -995
 KIN2   133   645     82   20.6    1.3    1.3   169    3.4    0.1    1.4    0.00   978.51     0   21.8    0.5   25.6   26.7   25.0   26.2   25.6    -995    -995    -995
 KIN2   133   650     82   20.7    1.0    1.0   160    3.6    0.1    1.2    0.00   978.54     0   21.8    0.0   -995   -995   -995   -995   -995    -995    -995    -995
 KIN2   133   655     82   20.4    0.7    0.7   151    5.8    0.1    0.9    0.00   978.59     0   21.6    0.0   -995   -995   -995   -995   -995    -995    -995    -995
 KIN2   133   660     83   20.2    0.4    0.4   148    3.7    0.1    0.7    0.00   978.64     0   21.4    0.0   25.5   26.6   25.0   26.2   25.6    2.66    1.82    3.56
 KIN2   133   665     85   19.9    0.6    0.6   154    4.1    0.2    1.0    0.00   978.68     0   21.3    0.0   -995   -995   -995   -995   -995    -995    -995    -995
 KIN2   133   670     85   20.0    0.6    0.6   164    4.0    0.1    0.9    0.00   978.79     0   21.3    0.0   -995   -995   -995   -995   -995    -995    -995    -995
 KIN2   133   675     86   20.0    0.5    0.5   150    7.6    0.1    0.8    0.00   978.85     0   21.1    0.0   25.5   26.5   24.9   26.2   25.6    -995    -995    -995
 KIN2   133   680     86   20.1    0.8    0.8   149    3.7    0.1    1.0    0.00   978.87     0   21.1    0.0   -995   -995   -995   -995   -995    -995    -995    -995
 KIN2   133   685     86   19.9    1.0    1.0   156    3.4    0.1    1.2    0.00   978.86     0   21.2    0.0   -995   -995   -995   -995   -995    -995    -995    -995
 KIN2   133   690     85   20.0    1.1    1.1   159    2.9    0.1    1.3    0.00   978.87     0   21.2    0.0   25.5   26.4   24.9   26.2   25.6    2.66    1.82    3.56
 KIN2   133   695     84   20.1    1.3    1.3   157    3.1    0.1    1.6    0.00   978.89     0   21.4    0.0   -995   -995   -995   -995   -995    -995    -995    -995
 KIN2   133   700     84   20.2    1.3    1.3   159    3.7    0.1    1.7    0.00   978.94     0   21.5    0.0   -995   -995   -995   -995   -995    -995    -995    -995
 KIN2   133   705     83   20.3    1.2    1.2   164    7.8    0.1    1.4    0.00   978.93     0   21.5    0.0   25.5   26.3   24.9   26.1   25.6    -995    -995    -995
 KIN2   133   710     83   20.1    1.5    1.5   169    3.8    0.2    1.8    0.00   978.93     0   21.6    0.1   -995   -995   -995   -995   -995    -995    -995    -995
 KIN2   133   715     83   20.3    1.5    1.5   164    4.4    0.1    1.9    0.00   978.99     1   21.6    0.3   -995   -995   -995   -995   -995    -995    -995    -995
 KIN2   133   720     83   20.3    1.3    1.3   158    3.1    0.1    1.6    0.00   979.08     2   21.6    0.3   25.4   26.2   24.8   26.1   25.6    2.66    1.83    3.57
 KIN2   133   725     83   20.2    1.3    1.3   154    2.8    0.1    1.7    0.00   979.16     3   21.5    0.0   -995   -995   -995   -995   -995    -995    -995    -995
 KIN2   133   730     83   20.4    1.3    1.3   160    6.5    0.1    1.6    0.00   979.20     5   21.5    0.0   -995   -995   -995   -995   -995    -995    -995    -995
 KIN2   133   735     82   20.5    1.4    1.4   168    2.3    0.1    1.8    0.00   979.20     8   21.4    0.2   25.4   26.0   24.8   26.1   25.6    -995    -995    -995
 KIN2   133   740     82   20.4    1.8    1.8   167    3.1    0.1    2.0    0.00   979.16    13   21.5    0.5   -995   -995   -995   -995   -995    -995    -995    -995
 KIN2   133   745     82   20.4    1.7    1.7   165    2.3    0.1    2.0    0.00   979.16    21   21.5    0.5   -995   -995   -995   -995   -995    -995    -995    -995
 KIN2   133   750     82   20.5    1.7    1.7   166    2.9    0.1    1.9    0.00   979.19    30   21.5    0.4   25.3   25.9   24.7   26.0   25.5    2.67    1.82    3.56
 KIN2   133   755     81   20.5    1.9    1.9   168    3.3    0.2    2.4    0.00   979.26    42   21.7    0.8   -995   -995   -995   -995   -995    -995    -995    -995
 KIN2   133   760     82   20.4    1.9    1.9   172    6.0    0.2    2.6    0.00   979.33    56   21.8    0.9   -995   -995   -995   -995   -995    -995    -995    -995
 KIN2   133   765     82   20.6    1.6    1.6   178    2.2    0.1    1.8    0.00   979.38    71   21.8    0.3   25.2   25.8   24.6   26.0   25.5    -995    -995    -995
 KIN2   133   770     83   20.7    1.6    1.6   177    3.8    0.2    2.2    0.00   979.45    88   22.0    0.3   -995   -995   -995   -995   -995    -995    -995    -995
 KIN2   133   775     82   21.2    1.6    1.6   173    4.7    0.1    2.0    0.00   979.51   103   22.2    0.7   -995   -995   -995   -995   -995    -995    -995    -995
 KIN2   133   780     81   21.6    1.5    1.5   173    5.8    0.2    1.9    0.00   979.55   118   22.5    0.4   25.1   25.6   24.6   25.9   25.5    2.66    1.83    3.55
 KIN2   133   785     80   22.1    1.7    1.7   171    4.9    0.3    2.2    0.00   979.58   134   22.8    0.4   -995   -995   -995   -995   -995    -995    -995    -995
 KIN2   133   790     78   22.5    1.7    1.7   173    5.6    0.2    2.2    0.00   979.62   150   23.0    1.0   -995   -995   -995   -995   -995    -995    -995    -995
 KIN2   133   795     75   22.9    2.1    2.1   170    6.1    0.3    2.6    0.00   979.65   166   23.3    1.5   25.1   25.5   24.5   25.8   25.4    -995    -995    -995
 KIN2   133   800     75   23.2    1.8    1.8   174    8.7    0.3    2.5    0.00   979.69   182   23.5    1.2   -995   -995   -995   -995   -995    -995    -995    -995
 KIN2   133   805     74   23.6    1.7    1.7   173    7.7    0.3    2.2    0.00   979.72   199   23.9    1.1   -995   -995   -995   -995   -995    -995    -995    -995
 KIN2   133   810     72   24.0    2.1    2.1   171    6.5    0.4    2.9    0.00   979.74   216   24.2    1.4   25.0   25.4   24.5   25.8   25.3    2.66    1.83    3.55
 KIN2   133   815     70   24.2    2.1    2.1   171    8.9    0.4    3.1    0.00   979.79   233   24.5    1.5   -995   -995   -995   -995   -995    -995    -995    -995
 KIN2   133   820     68   24.5    2.2    2.1   176   10.2    0.4    2.9    0.00   979.83   250   24.7    1.7   -995   -995   -995   -995   -995    -995    -995    -995
 KIN2   133   825     67   24.8    2.9    2.9   181    7.0    0.4    3.5    0.00   979.84   267   24.9    2.1   25.0   25.3   24.6   25.7   25.3    -995    -995    -995
 KIN2   133   830     66   25.0    3.0    3.0   180    9.1    0.3    3.7    0.00   979.85   279   25.1    2.4   -995   -995   -995   -995   -995    -995    -995    -995
 KIN2   133   835     65   25.1    3.0    3.0   181    5.8    0.4    3.7    0.00   979.88   286   25.1    2.4   -995   -995   -995   -995   -995    -995    -995    -995
 KIN2   133   840     65   25.4    2.7    2.7   186    5.3    0.3    3.4    0.00   979.96   319   25.3    2.1   24.9   25.3   24.7   25.7   25.3    2.67    1.83    3.56
 KIN2   133   845     64   25.6    2.8    2.8   181    5.5    0.3    3.6    0.00   980.00   336   25.5    2.2   -995   -995   -995   -995   -995    -995    -995    -995
 KIN2   133   850     63   26.0    2.7    2.6   194    8.5    0.4    3.7    0.00   980.04   353   25.9    2.2   -995   -995   -995   -995   -995    -995    -995    -995
 KIN2   133   855     62   26.2    2.7    2.6   187    8.1    0.4    3.5    0.00   980.12   369   26.1    2.2   24.9   25.3   24.8   25.7   25.3    -995    -995    -995
 KIN2   133   860     62   26.6    2.4    2.4   194    8.9    0.3    3.1    0.00   980.16   386   26.4    2.0   -995   -995   -995   -995   -995    -995    -995    -995
 KIN2   133   865     61   27.0    2.6    2.5   192   10.1    0.4    3.4    0.00   980.18   402   26.8    2.0   -995   -995   -995   -995   -995    -995    -995    -995
 KIN2   133   870     58   27.4    3.2    3.2   201   10.7    0.5    4.2    0.00   980.18   420   27.2    2.5   24.9   25.3   24.9   25.7   25.3    2.67    1.84    3.56
 KIN2   133   875     56   27.7    3.2    3.2   210    7.0    0.3    4.2    0.00   980.15   437   27.4    2.6   -995   -995   -995   -995   -995    -995    -995    -995
 KIN2   133   880     56   27.9    2.7    2.7   212    9.6    0.6    4.1    0.00   980.14   453   27.6    2.0   -995   -995   -995   -995   -995    -995    -995    -995
 KIN2   133   885     56   28.2    2.9    2.9   218    9.4    0.6    4.0    0.00   980.08   469   27.9    2.3   24.9   25.4   25.0   25.7   25.3    -995    -995    -995
 KIN2   133   890     54   28.5    3.3    3.3   227    8.7    0.4    4.6    0.00   980.03   488   28.2    2.5   -995   -995   -995   -995   -995    -995    -995    -995
 KIN2   133   895     54   28.9    2.9    2.9   226   11.6    0.6    4.1    0.00   980.01   504   28.5    1.9   -995   -995   -995   -995   -995    -995    -995    -995
 KIN2   133   900     53   29.5    3.1    3.1   227    8.1    0.6    4.5    0.00   980.05   520   29.0    2.1   25.0   25.6   25.1   25.6   25.3    2.66    1.84    3.56
 KIN2   133   905     51   29.8    2.8    2.7   239   17.7    0.6    4.7    0.00   980.06   535   29.4    1.9   -995   -995   -995   -995   -995    -995    -995    -995
 KIN2   133   910     49   30.2    3.4    3.4   230   10.5    0.6    4.8    0.00   980.08   552   29.9    2.2   -995   -995   -995   -995   -995    -995    -995    -995
 KIN2   133   915     48   30.3    3.5    3.4   235   11.2    0.8    5.0    0.00   980.11   566   29.9    2.3   25.0   25.8   25.3   25.6   25.3    -995    -995    -995
 KIN2   133   920     47   30.7    4.2    4.1   228    9.8    0.8    5.7    0.00   980.14   581   30.2    2.8   -995   -995   -995   -995   -995    -995    -995    -995
 KIN2   133   925     46   30.5    3.9    3.8   239   11.4    0.7    5.5    0.00   980.18   594   30.2    2.4   -995   -995   -995   -995   -995    -995    -995    -995
 KIN2   133   930     45   30.9    3.8    3.8   230   11.6    0.8    5.6    0.00   980.16   609   30.5    2.6   25.0   26.1   25.4   25.6   25.4    2.65    1.84    3.55
 KIN2   133   935     44   31.4    5.1    5.0   226    9.4    0.7    6.4    0.00   980.12   623   30.9    3.6   -995   -995   -995   -995   -995    -995    -995    -995
 KIN2   133   940     44   31.6    3.8    3.7   234   13.3    0.9    6.0    0.00   980.11   637   31.1    2.5   -995   -995   -995   -995   -995    -995    -995    -995
 KIN2   133   945     43   31.9    4.6    4.5   225   11.5    0.7    6.8    0.00   980.10   652   31.4    3.2   25.1   26.4   25.5   25.7   25.4    -995    -995    -995
 KIN2   133   950     42   32.2    4.5    4.4   226   11.8    1.0    6.5    0.00   980.10   665   31.5    3.3   -995   -995   -995   -995   -995    -995    -995    -995
 KIN2   133   955     42   32.3    5.1    5.0   222   10.1    0.9    6.9    0.00   980.07   678   31.6    3.6   -995   -995   -995   -995   -995    -995    -995    -995
 KIN2   133   960     41   32.3    4.4    4.2   253   14.3    1.0    6.6    0.00   980.04   689   31.7    2.7   25.2   26.8   25.7   25.7   25.4    2.65    1.85    3.55
 KIN2   133   965     41   32.5    4.1    3.8   236   18.3    1.0    6.5    0.00   979.98   703   32.0    2.5   -995   -995   -995   -995   -995    -995    -995    -995
 KIN2   133   970     40   32.8    4.2    4.1   230   12.7    0.6    5.7    0.00   979.93   717   32.2    2.9   -995   -995   -995   -995   -995    -995    -995    -995
 KIN2   133   975     39   32.8    4.2    4.0   240   13.9    1.0    6.6    0.00   979.90   728   32.3    2.7   25.3   27.2   25.9   25.7   25.4    -995    -995    -995
 KIN2   133   980     39   32.8    4.4    4.3   240   14.6    0.8    6.0    0.00   979.86   737   32.3    3.0   -995   -995   -995   -995   -995    -995    -995    -995
 KIN2   133   985     39   33.2    4.2    4.0   238   19.6    1.3    7.0    0.00   979.82   748   32.7    2.9   -995   -995   -995   -995   -995    -995    -995    -995
 KIN2   133   990     38   33.2    4.5    4.3   239   15.4    0.8    6.2    0.00   979.75   759   32.7    2.9   25.4   27.6   26.1   25.7   25.4    2.66    1.84    3.55
 KIN2   133   995     38   33.2    4.1    3.9   243   17.2    1.0    6.2    0.00   979.70   771   32.8    2.7   -995   -995   -995   -995   -995    -995    -995    -995
 KIN2   133  1000     38   33.5    3.4    3.3   258   17.5    0.7    5.6    0.00   979.65   778   33.0    2.2   -995   -995   -995   -995   -995    -995    -995    -995
 KIN2   133  1005     38   33.6    3.4    3.3   244   15.4    1.3    6.0    0.00   979.64   788   33.2    2.4   25.5   28.1   26.3   25.7   25.5    -995    -995    -995
 KIN2   133  1010     37   33.7    3.2    3.1   251   14.8    0.9    5.3    0.00   979.64   597   33.2    2.1   -995   -995   -995   -995   -995    -995    -995    -995
 KIN2   133  1015     36   34.2    4.3    4.2   235   13.5    1.0    6.7    0.00   979.61   753   33.5    3.1   -995   -995   -995   -995   -995    -995    -995    -995
 KIN2   133  1020     37   34.0    3.6    3.4   255   20.0    0.7    5.7    0.00   979.61   811   33.5    2.3   25.5   28.5   26.4   25.7   25.5    2.66    1.85    3.55
 KIN2   133  1025     37   34.1    3.3    3.2   252   16.7    0.9    5.4    0.00   979.60   821   33.7    2.3   -995   -995   -995   -995   -995    -995    -995    -995
 KIN2   133  1030     36   34.2    3.6    3.5   243   15.3    1.1    6.1    0.00   979.57   825   33.9    2.6   -995   -995   -995   -995   -995    -995    -995    -995
 KIN2   133  1035     36   34.3    2.6    2.5   244   18.3    1.0    5.5    0.00   979.56   833   34.0    1.8   25.6   29.0   26.6   25.8   25.5    -995    -995    -995
 KIN2   133  1040     37   34.9    2.1    2.0   262   19.7    0.5    3.9    0.00   979.52   838   34.5    1.4   -995   -995   -995   -995   -995    -995    -995    -995
 KIN2   133  1045     36   34.6    2.9    2.7   250   19.9    1.0    4.9    0.00   979.42   841   34.2    1.9   -995   -995   -995   -995   -995    -995    -995    -995
 KIN2   133  1050     34   34.9    3.6    3.4   245   15.6    1.0    5.8    0.00   979.35   852   34.5    2.4   25.7   29.4   26.8   25.8   25.5    2.67    1.86    3.56
 KIN2   133  1055     35   35.0    3.6    3.5   248   16.8    0.8    5.6    0.00   979.29   858   34.4    2.2   -995   -995   -995   -995   -995    -995    -995    -995
 KIN2   133  1060     35   35.0    2.3    2.2   249   20.6    0.9    4.5    0.00   979.24   861   34.5    1.5   -995   -995   -995   -995   -995    -995    -995    -995
 KIN2   133  1065     35   35.1    2.9    2.8   264   15.7    0.6    5.0    0.00   979.18   864   34.5    1.9   25.8   29.9   26.9   25.8   25.5    -995    -995    -995
 KIN2   133  1070     34   35.1    3.2    2.9   239   21.8    0.6    5.0    0.00   979.15   872   34.6    2.2   -995   -995   -995   -995   -995    -995    -995    -995
 KIN2   133  1075     34   35.5    1.9    1.7   244   20.9    0.6    3.4    0.00   979.11   869   35.1    1.4   -995   -995   -995   -995   -995    -995    -995    -995
 KIN2   133  1080     34   35.5    2.5    2.2   239   29.7    1.0    5.7    0.00   979.06   871   35.2    1.7   25.9   30.4   27.1   25.8   25.5    2.66    1.86    3.55
 KIN2   133  1085     32   36.1    3.5    3.4   218   10.6    1.0    5.7    0.00   979.01   880   35.5    2.6   -995   -995   -995   -995   -995    -995    -995    -995
 KIN2   133  1090     32   35.8    3.2    3.1   213   11.1    1.2    5.5    0.00   978.96   882   35.1    2.5   -995   -995   -995   -995   -995    -995    -995    -995
 KIN2   133  1095     32   36.0    3.0    2.9   221   15.4    0.7    4.6    0.00   978.91   876   35.4    2.2   26.0   30.9   27.2   25.8   25.5    -995    -995    -995
 KIN2   133  1100     33   35.6    2.0    1.9   264   19.3    0.7    4.1    0.00   978.87   878   35.2    1.4   -995   -995   -995   -995   -995    -995    -995    -995
 KIN2   133  1105     32   35.6    2.9    2.6   222   24.9    0.5    4.2    0.00   978.81   888   35.2    2.2   -995   -995   -995   -995   -995    -995    -995    -995
 KIN2   133  1110     31   36.2    3.2    3.1   229   15.5    0.8    5.1    0.00   978.75   887   35.6    2.4   26.2   31.4   27.4   25.9   25.5    2.68    1.88    3.56
 KIN2   133  1115     31   35.9    2.4    2.2   208   18.6    1.1    5.1    0.00   978.73   883   35.6    1.8   -995   -995   -995   -995   -995    -995    -995    -995
 KIN2   133  1120     31   36.4    3.0    2.6   236   29.0    0.9    5.2    0.00   978.70   883   36.0    2.2   -995   -995   -995   -995   -995    -995    -995    -995
 KIN2   133  1125     32   35.9    2.2    2.2   268   12.8    0.6    3.5    0.00   978.70   883   35.5    1.4   26.3   31.9   27.5   25.9   25.5    -995    -995    -995
 KIN2   133  1130     30   36.3    3.0    2.9   202   18.7    0.9    4.8    0.00   978.66   884   35.9    2.3   -995   -995   -995   -995   -995    -995    -995    -995
 KIN2   133  1135     30   36.6    3.4    3.0   230   25.6    1.0    5.5    0.00   978.57   885   36.1    2.4   -995   -995   -995   -995   -995    -995    -995    -995
 KIN2   133  1140     29   36.3    1.5    1.5   236   16.3    0.8    3.7    0.00   978.52   887   36.1    1.0   26.4   32.3   27.7   25.9   25.5    2.69    1.89    3.56
 KIN2   133  1145     28   36.5    1.8    1.6   221   23.6    0.6    3.2    0.00   978.45   881   36.2    1.3   -995   -995   -995   -995   -995    -995    -995    -995
 KIN2   133  1150     27   36.3    1.3    0.9   241   42.7    0.7    2.9    0.00   978.43   871   36.0    0.9   -995   -995   -995   -995   -995    -995    -995    -995
 KIN2   133  1155     29   36.8    1.2    1.1    92   21.8    0.7    2.8    0.00   978.39   863   36.1    0.9   26.5   32.8   27.8   25.9   25.5    -995    -995    -995
 KIN2   133  1160     28   36.6    1.4    1.1   253   35.7    0.8    3.7    0.00   978.33   865   36.5    1.1   -995   -995   -995   -995   -995    -995    -995    -995
 KIN2   133  1165     28   36.8    2.9    2.5   211   32.0    0.8    5.0    0.00   978.23   866   36.5    2.3   -995   -995   -995   -995   -995    -995    -995    -995
 KIN2   133  1170     28   37.0    2.7    2.6   229   11.6    1.1    4.4    0.00   978.19   866   36.5    1.9   26.6   33.2   27.9   25.9   25.4    2.69    1.89    3.55
 KIN2   133  1175     28   36.8    1.7    1.5   254   25.2    0.5    2.7    0.00   978.14   857   36.4    1.1   -995   -995   -995   -995   -995    -995    -995    -995
 KIN2   133  1180     27   36.8    1.6    1.3   247   30.5    0.8    3.2    0.00   978.05   851   36.5    1.0   -995   -995   -995   -995   -995    -995    -995    -995
 KIN2   133  1185     26   36.7    1.5    1.2   224   32.2    1.0    3.3    0.00   977.95   835   36.6    1.0   26.7   33.6   27.9   26.0   25.4    -995    -995    -995
 KIN2   133  1190     26   36.9    1.6    1.0   106   48.9    0.5    2.5    0.00   977.87   824   36.5    1.1   -995   -995   -995   -995   -995    -995    -995    -995
 KIN2   133  1195     27   36.9    2.2    1.7   149   40.0    0.6    3.7    0.00   977.80   810   36.4    1.9   -995   -995   -995   -995   -995    -995    -995    -995
 KIN2   133  1200     29   36.9    2.0    1.8   257   24.9    0.9    4.8    0.00   977.74   805   36.7    1.5   26.8   34.0   28.0   26.0   25.4    2.71    1.90    3.55
 KIN2   133  1205     27   37.0    2.9    2.8   199   17.1    0.9    4.6    0.00   977.64   799   36.5    2.5   -995   -995   -995   -995   -995    -995    -995    -995
 KIN2   133  1210     29   37.0    1.5    1.2   267   33.5    0.9    3.6    0.00   977.59   793   36.8    0.8   -995   -995   -995   -995   -995    -995    -995    -995
 KIN2   133  1215     27   37.1    3.5    3.5   228   11.4    0.8    5.2    0.00   977.56   785   36.9    2.8   26.9   34.4   28.1   26.1   25.5    -995    -995    -995
 KIN2   133  1220     27   37.0    2.6    2.5   205   16.9    1.0    5.5    0.00   977.55   774   36.8    2.0   -995   -995   -995   -995   -995    -995    -995    -995
 KIN2   133  1225     27   37.0    2.0    1.6   226   36.1    0.7    3.2    0.00   977.48   762   36.8    1.6   -995   -995   -995   -995   -995    -995    -995    -995
 KIN2   133  1230     27   37.2    4.1    4.0   217    9.4    1.1    6.7    0.00   977.43   754   36.7    3.2   27.0   34.8   28.2   26.1   25.5    2.72    1.92    3.55
 KIN2   133  1235     28   37.1    1.8    1.6   234   26.3    0.6    3.1    0.00   977.45   744   36.8    1.3   -995   -995   -995   -995   -995    -995    -995    -995
 KIN2   133  1240     27   37.1    2.6    2.2   187   31.0    1.0    4.2    0.00   977.41   730   36.8    2.2   -995   -995   -995   -995   -995    -995    -995    -995
 KIN2   133  1245     28   37.0    1.3    0.3   156   70.2    0.5    2.2    0.00   977.36   719   36.7    1.1   27.1   35.1   28.2   26.2   25.5    -995    -995    -995
 KIN2   133  1250     27   36.9    2.6    2.2    68   29.8    0.7    4.2    0.00   977.26   705   36.5    1.9   -995   -995   -995   -995   -995    -995    -995    -995
 KIN2   133  1255     28   37.2    2.9    2.7   137   21.9    1.0    4.9    0.00   977.24   694   36.9    2.1   -995   -995   -995   -995   -995    -995    -995    -995
 KIN2   133  1260     27   37.4    3.1    3.0   182   13.5    0.7    5.1    0.00   977.24   684   37.1    2.4   27.2   35.3   28.2   26.2   25.5    2.73    1.92    3.55
 KIN2   133  1265     26   37.1    1.0    0.9   220   19.6    0.6    2.6    0.00   977.17   669   37.1    0.6   -995   -995   -995   -995   -995    -995    -995    -995
 KIN2   133  1270     26   37.3    3.0    2.9   229   17.6    0.9    4.8    0.00   977.10   660   37.1    2.4   -995   -995   -995   -995   -995    -995    -995    -995
 KIN2   133  1275     27   37.1    2.7    2.3   207   31.5    1.7    6.1    0.00   977.04   645   37.1    2.2   27.2   35.5   28.3   26.2   25.5    -995    -995    -995
 KIN2   133  1280     25   37.4    4.2    4.2   189    8.0    0.8    6.2    0.00   977.01   632   36.9    3.5   -995   -995   -995   -995   -995    -995    -995    -995
 KIN2   133  1285     26   37.0    3.5    3.4   172    7.3    0.7    5.7    0.00   976.98   618   36.8    2.9   -995   -995   -995   -995   -995    -995    -995    -995
 KIN2   133  1290     26   37.0    1.7    1.5   209   28.9    0.8    3.2    0.00   976.97   604   37.0    1.3   27.3   35.7   28.3   26.3   25.5    2.76    1.93    3.56
 KIN2   133  1295     26   37.2    1.4    0.8   141   47.7    1.3    3.9    0.00   976.95   590   37.2    0.9   -995   -995   -995   -995   -995    -995    -995    -995
 KIN2   133  1300     27   37.2    2.7    2.5   136   22.0    0.5    4.1    0.00   976.92   574   36.8    2.0   -995   -995   -995   -995   -995    -995    -995    -995
 KIN2   133  1305     26   37.2    3.7    3.2   165   27.6    0.7    5.1    0.00   976.89   559   37.0    3.0   27.4   35.8   28.3   26.3   25.5    -995    -995    -995
 KIN2   133  1310     26   37.0    1.9    1.7   165   27.7    0.6    4.1    0.00   976.90   540   36.9    1.5   -995   -995   -995   -995   -995    -995    -995    -995
 KIN2   133  1315     27   37.1    1.5    1.4   147   22.9    0.8    3.5    0.00   976.87   523   37.0    1.1   -995   -995   -995   -995   -995    -995    -995    -995
 KIN2   133  1320     26   37.5    3.3    3.2   187   16.7    0.7    4.6    0.00   976.85   513   37.4    2.5   27.4   35.9   28.2   26.4   25.5    2.77    1.94    3.55
 KIN2   133  1325     26   37.3    2.0    1.8   185   23.0    0.7    3.9    0.00   976.85   497   37.3    1.5   -995   -995   -995   -995   -995    -995    -995    -995
 KIN2   133  1330     26   37.3    3.5    3.3   164   18.9    0.7    5.3    0.00   976.86   483   37.2    2.6   -995   -995   -995   -995   -995    -995    -995    -995
 KIN2   133  1335     26   37.0    4.1    4.0   173   12.4    0.6    5.5    0.00   976.85   465   37.0    3.2   27.5   36.0   28.2   26.4   25.5    -995    -995    -995
 KIN2   133  1340     26   36.9    3.0    2.9   174   14.0    0.7    4.5    0.00   976.84   448   36.9    2.3   -995   -995   -995   -995   -995    -995    -995    -995
 KIN2   133  1345     26   36.8    3.4    3.3   134    9.6    0.5    4.6    0.00   976.81   433   36.8    2.5   -995   -995   -995   -995   -995    -995    -995    -995
 KIN2   133  1350     27   36.8    3.5    3.4   134   13.9    0.6    4.6    0.00   976.79   415   36.8    2.6   27.5   36.1   28.2   26.5   25.5    2.77    1.95    3.55
 KIN2   133  1355     26   36.8    2.7    2.6   201   12.7    0.4    3.8    0.00   976.81   398   37.0    2.1   -995   -995   -995   -995   -995    -995    -995    -995
 KIN2   133  1360     26   36.9    3.6    3.5   209   13.2    1.0    5.3    0.00   976.78   382   37.1    2.8   -995   -995   -995   -995   -995    -995    -995    -995
 KIN2   133  1365     25   36.8    3.0    2.9   204   17.2    0.5    4.1    0.00   976.79   366   37.0    2.4   27.5   36.2   28.1   26.5   25.5    -995    -995    -995
 KIN2   133  1370     25   36.8    3.0    3.0   198    9.7    1.0    4.8    0.00   976.77   348   37.0    2.3   -995   -995   -995   -995   -995    -995    -995    -995
 KIN2   133  1375     25   36.8    3.4    3.3   191   10.1    0.7    5.1    0.00   976.75   311   37.0    2.7   -995   -995   -995   -995   -995    -995    -995    -995
 KIN2   133  1380     27   36.5    3.1    3.1   170    9.6    0.8    5.1    0.00   976.73   314   36.8    2.3   27.6   36.1   28.1   26.5   25.5    2.78    1.95    3.55
 KIN2   133  1385     29   36.3    4.6    4.6   161    6.9    0.7    6.4    0.00   976.72   297   36.5    3.4   -995   -995   -995   -995   -995    -995    -995    -995
 KIN2   133  1390     30   36.1    4.4    4.4   157    5.8    0.6    5.9    0.00   976.73   279   36.4    3.3   -995   -995   -995   -995   -995    -995    -995    -995
 KIN2   133  1395     30   36.0    4.3    4.3   156    7.7    0.6    5.6    0.00   976.73   260   36.3    3.4   27.6   36.1   28.0   26.6   25.6    -995    -995    -995
 KIN2   133  1400     31   35.8    4.2    4.1   152    8.8    0.5    5.3    0.00   976.74   244   36.2    3.0   -995   -995   -995   -995   -995    -995    -995    -995
 KIN2   133  1405     31   35.7    4.4    4.4   148   11.6    0.6    5.6    0.00   976.72   226   36.1    3.3   -995   -995   -995   -995   -995    -995    -995    -995
 KIN2   133  1410     32   35.5    3.9    3.8   136    8.9    0.7    5.7    0.00   976.73   208   35.9    2.8   27.6   36.0   28.0   26.6   25.6    2.80    1.96    3.55
 KIN2   133  1415     33   35.3    4.0    4.0   134    7.7    0.5    5.7    0.00   976.74   191   35.7    3.2   -995   -995   -995   -995   -995    -995    -995    -995
 KIN2   133  1420     33   35.1    5.1    5.1   144    7.2    0.7    6.8    0.00   976.74   176   35.6    3.9   -995   -995   -995   -995   -995    -995    -995    -995
 KIN2   133  1425     32   35.0    5.0    5.0   145    8.1    0.8    6.8    0.00   976.74   161   35.5    3.8   27.6   35.9   27.9   26.7   25.6    -995    -995    -995
 KIN2   133  1430     33   34.9    4.7    4.6   145    7.5    0.6    6.0    0.00   976.76   145   35.5    3.4   -995   -995   -995   -995   -995    -995    -995    -995
 KIN2   133  1435     33   34.7    5.2    5.2   147    6.9    0.5    6.3    0.00   976.79   130   35.3    3.6   -995   -995   -995   -995   -995    -995    -995    -995
</pre>