<pre>  101 ! (c) 2019 Oklahoma Climatological Survey and the Oklahoma Mesonet - all rights reserved
  21 2019 08 16 00 00 00
 STID  STNM  TIME   RELH   TAIR   WSPD   WVEC  WDIR   WDSD   WSSD   WMAX    RAIN     PRES  SRAD   TA9M   WS2M   TS10   TB10   TS05   TS25   TS60    TR05    TR25    TR60
 KIN2   133     0     35   35.5    7.1    7.1   183    6.0    1.1    9.1    0.00   973.43   201   35.4    5.3   29.9   36.7   30.1   28.6   26.7    1.83    1.71    3.71
 KIN2   133     5     36   35.4    7.7    7.6   185    6.1    1.1   10.1    0.00   973.39   184   35.3    5.9   -995   -995   -995   -995   -995    -995    -995    -995
 KIN2   133    10     36   35.3    7.8    7.8   179    5.8    0.7    9.5    0.00   973.34   168   35.3    6.1   -995   -995   -995   -995   -995    -995    -995    -995
 KIN2   133    15     36   35.2    6.9    6.8   183    6.4    0.8    8.7    0.00   973.34   154   35.2    5.4   29.9   36.6   30.0   28.6   26.8    -995    -995    -995
 KIN2   133    20     37   35.0    7.6    7.5   185    4.9    0.7    9.2    0.00   973.33   141   35.1    5.9   -995   -995   -995   -995   -995    -995    -995    -995
 KIN2   133    25     37   34.9    6.9    6.9   186    6.1    0.7    8.8    0.00   973.28   127   35.0    5.3   -995   -995   -995   -995   -995    -995    -995    -995
 KIN2   133    30     37   34.7    7.5    7.4   186    5.4    0.9    9.5    0.00   973.24   113   34.9    5.7   29.9   36.5   29.9   28.7   26.8    1.83    1.70    3.71
 KIN2   133    35     38   34.6    7.8    7.8   184    5.1    0.7    9.8    0.00   973.20    97   34.8    6.0   -995   -995   -995   -995   -995    -995    -995    -995
 KIN2   133    40     39   34.3    7.3    7.2   184    5.3    1.1    9.3    0.00   973.23    39   34.6    5.5   -995   -995   -995   -995   -995    -995    -995    -995
 KIN2   133    45     39   34.1    7.1    7.0   183    6.0    0.8    8.9    0.00   973.24    29   34.5    5.2   29.9   36.3   29.8   28.7   26.8    -995    -995    -995
 KIN2   133    50     39   34.0    6.9    6.8   180    5.5    0.7    8.2    0.00   973.20    29   34.3    5.2   -995   -995   -995   -995   -995    -995    -995    -995
 KIN2   133    55     40   33.6    6.3    6.3   181    4.3    0.6    7.7    0.00   973.19    29   34.1    4.6   -995   -995   -995   -995   -995    -995    -995    -995
 KIN2   133    60     41   33.5    7.0    6.9   180    5.1    0.8    8.9    0.00   973.14    20   34.0    5.3   29.8   36.2   29.7   28.8   26.8    1.84    1.69    3.71
 KIN2   133    65     42   33.2    6.5    6.4   179    5.2    0.6    7.7    0.00   973.10    17   33.7    4.8   -995   -995   -995   -995   -995    -995    -995    -995
 KIN2   133    70     43   33.0    6.5    6.5   178    5.9    0.7    8.5    0.00   973.05    13   33.5    4.8   -995   -995   -995   -995   -995    -995    -995    -995
 KIN2   133    75     44   32.7    6.2    6.2   178    4.9    0.8    8.1    0.00   973.09     7   33.3    4.3   29.8   36.0   29.6   28.8   26.8    -995    -995    -995
 KIN2   133    80     44   32.6    5.8    5.8   177    5.5    0.7    7.5    0.00   973.11     5   33.2    4.5   -995   -995   -995   -995   -995    -995    -995    -995
 KIN2   133    85     45   32.2    4.9    4.9   176    4.0    0.4    5.7    0.00   973.17     3   32.8    3.5   -995   -995   -995   -995   -995    -995    -995    -995
 KIN2   133    90     46   32.0    5.0    5.0   174    5.0    0.6    6.9    0.00   973.17     2   32.7    3.4   29.7   35.8   29.5   28.8   26.8    1.84    1.70    3.72
 KIN2   133    95     46   31.9    5.4    5.3   176    5.5    0.6    6.8    0.00   973.18     1   32.6    3.8   -995   -995   -995   -995   -995    -995    -995    -995
 KIN2   133   100     47   31.7    5.0    5.0   174    5.2    0.5    6.1    0.00   973.20     0   32.3    3.6   -995   -995   -995   -995   -995    -995    -995    -995
 KIN2   133   105     48   31.6    5.4    5.4   171    5.2    0.6    7.2    0.00   973.22     0   32.3    3.9   29.6   35.5   29.4   28.8   26.8    -995    -995    -995
 KIN2   133   110     48   31.6    5.7    5.6   167    7.1    0.6    7.0    0.00   973.24     0   32.2    4.3   -995   -995   -995   -995   -995    -995    -995    -995
 KIN2   133   115     49   31.4    5.9    5.9   166    6.7    0.8    8.0    0.00   973.23     0   32.1    4.4   -995   -995   -995   -995   -995    -995    -995    -995
 KIN2   133   120     49   31.4    6.4    6.4   170    5.9    0.7    8.6    0.00   973.23     0   31.9    5.0   29.6   35.3   29.2   28.8   26.8    1.84    1.71    3.72
 KIN2   133   125     50   31.2    6.4    6.4   173    5.7    0.6    8.1    0.00   973.27     0   31.7    4.8   -995   -995   -995   -995   -995    -995    -995    -995
 KIN2   133   130     51   31.0    6.0    6.0   171    5.1    0.5    7.2    0.00   973.35     0   31.5    4.5   -995   -995   -995   -995   -995    -995    -995    -995
 KIN2   133   135     50   31.0    6.6    6.5   172    6.5    0.8    8.6    0.00   973.37     0   31.5    5.1   29.5   35.1   29.1   28.8   26.8    -995    -995    -995
 KIN2   133   140     51   30.9    6.8    6.7   172    4.9    0.6    8.2    0.00   973.33     0   31.4    5.1   -995   -995   -995   -995   -995    -995    -995    -995
 KIN2   133   145     51   30.8    6.8    6.8   172    5.0    1.0    9.1    0.00   973.34     0   31.4    5.1   -995   -995   -995   -995   -995    -995    -995    -995
 KIN2   133   150     51   30.7    6.9    6.9   174    5.3    0.8    9.6    0.00   973.35     0   31.2    5.2   29.4   34.8   29.0   28.8   26.7    1.85    1.71    3.72
 KIN2   133   155     52   30.5    6.8    6.7   174    6.4    1.0    9.3    0.00   973.38     0   31.1    5.0   -995   -995   -995   -995   -995    -995    -995    -995
 KIN2   133   160     52   30.5    7.3    7.2   174    5.1    0.8    9.2    0.00   973.39     0   31.1    5.3   -995   -995   -995   -995   -995    -995    -995    -995
 KIN2   133   165     52   30.4    6.9    6.9   174    5.3    0.7    8.8    0.00   973.42     0   31.0    5.3   29.4   34.6   28.9   28.7   26.7    -995    -995    -995
 KIN2   133   170     52   30.3    6.7    6.7   175    6.0    0.8    9.1    0.00   973.46     0   30.9    4.8   -995   -995   -995   -995   -995    -995    -995    -995
 KIN2   133   175     52   30.3    7.1    7.1   177    4.9    0.7    8.7    0.00   973.46     0   30.9    5.3   -995   -995   -995   -995   -995    -995    -995    -995
 KIN2   133   180     53   30.1    6.8    6.7   178    5.1    0.9    8.9    0.00   973.53     0   30.7    5.2   29.3   34.4   28.8   28.7   26.7    1.84    1.70    3.71
 KIN2   133   185     53   30.1    6.7    6.7   178    5.3    0.7    8.6    0.00   973.57     0   30.6    5.1   -995   -995   -995   -995   -995    -995    -995    -995
 KIN2   133   190     54   29.9    6.4    6.4   177    6.0    0.7    8.4    0.00   973.63     0   30.5    4.7   -995   -995   -995   -995   -995    -995    -995    -995
 KIN2   133   195     54   29.8    6.6    6.5   176    5.8    0.9    8.1    0.00   973.69     0   30.4    4.8   29.2   34.2   28.7   28.7   26.7    -995    -995    -995
 KIN2   133   200     54   29.9    6.8    6.7   177    6.2    0.9    9.4    0.00   973.72     0   30.4    5.1   -995   -995   -995   -995   -995    -995    -995    -995
 KIN2   133   205     54   29.8    7.0    6.9   179    5.8    0.8    9.0    0.00   973.78     0   30.3    5.2   -995   -995   -995   -995   -995    -995    -995    -995
 KIN2   133   210     54   29.6    6.7    6.6   180    5.9    0.8    9.2    0.00   973.78     0   30.2    5.0   29.2   34.0   28.6   28.7   26.7    1.85    1.70    3.71
 KIN2   133   215     55   29.5    6.6    6.5   179    5.2    0.7    8.5    0.00   973.80     0   30.0    5.0   -995   -995   -995   -995   -995    -995    -995    -995
 KIN2   133   220     55   29.5    6.7    6.6   176    5.0    0.8    8.4    0.00   973.81     0   30.1    5.0   -995   -995   -995   -995   -995    -995    -995    -995
 KIN2   133   225     55   29.4    6.3    6.2   177    6.4    0.8    8.3    0.00   973.84     0   30.0    4.8   29.1   33.8   28.6   28.7   26.7    -995    -995    -995
 KIN2   133   230     55   29.4    6.8    6.8   179    5.9    0.7    8.4    0.00   973.83     0   30.0    5.1   -995   -995   -995   -995   -995    -995    -995    -995
 KIN2   133   235     55   29.4    6.8    6.7   177    5.4    0.7    8.5    0.00   973.79     0   29.9    5.5   -995   -995   -995   -995   -995    -995    -995    -995
 KIN2   133   240     56   29.3    6.7    6.7   178    5.5    0.7    8.1    0.00   973.81     0   29.8    4.9   29.1   33.6   28.5   28.7   26.7    1.85    1.71    3.71
 KIN2   133   245     56   29.2    6.8    6.8   181    5.5    0.7    8.6    0.00   973.85     0   29.7    5.1   -995   -995   -995   -995   -995    -995    -995    -995
 KIN2   133   250     56   29.1    6.8    6.7   181    5.0    0.7    8.6    0.00   973.93     0   29.7    5.2   -995   -995   -995   -995   -995    -995    -995    -995
 KIN2   133   255     57   29.0    6.6    6.6   180    5.4    0.7    8.1    0.00   973.94     0   29.6    4.8   29.0   33.4   28.4   28.6   26.7    -995    -995    -995
 KIN2   133   260     57   29.1    7.2    7.2   180    5.1    0.8    9.2    0.00   974.02     0   29.6    5.3   -995   -995   -995   -995   -995    -995    -995    -995
 KIN2   133   265     57   29.0    7.1    7.1   180    5.8    0.8    8.9    0.00   974.02     0   29.5    5.3   -995   -995   -995   -995   -995    -995    -995    -995
 KIN2   133   270     57   28.9    7.2    7.2   181    5.8    0.7    8.5    0.00   974.02     0   29.5    5.2   29.0   33.2   28.3   28.6   26.7    1.86    1.71    3.72
 KIN2   133   275     58   28.8    6.6    6.6   182    4.9    0.7    8.2    0.00   974.05     0   29.3    4.8   -995   -995   -995   -995   -995    -995    -995    -995
 KIN2   133   280     59   28.6    6.2    6.2   182    5.1    0.7    7.5    0.00   974.02     0   29.2    4.6   -995   -995   -995   -995   -995    -995    -995    -995
 KIN2   133   285     59   28.5    6.5    6.5   183    5.3    0.6    7.7    0.00   974.00     0   29.1    4.8   28.9   33.0   28.3   28.6   26.7    -995    -995    -995
 KIN2   133   290     59   28.6    6.3    6.3   184    4.7    0.7    7.8    0.00   973.96     0   29.1    4.9   -995   -995   -995   -995   -995    -995    -995    -995
 KIN2   133   295     59   28.4    6.1    6.0   185    5.6    0.8    8.0    0.00   973.95     0   29.0    4.3   -995   -995   -995   -995   -995    -995    -995    -995
 KIN2   133   300     59   28.5    6.5    6.4   185    5.5    0.7    8.2    0.00   973.89     0   29.0    4.9   28.8   32.8   28.2   28.6   26.7    1.87    1.71    3.72
 KIN2   133   305     60   28.4    6.0    6.0   183    5.4    0.5    7.7    0.00   973.91     0   28.9    4.4   -995   -995   -995   -995   -995    -995    -995    -995
 KIN2   133   310     60   28.2    5.7    5.7   182    5.0    0.5    7.3    0.00   973.87     0   28.8    4.0   -995   -995   -995   -995   -995    -995    -995    -995
 KIN2   133   315     61   28.1    5.8    5.7   181    5.3    0.7    7.3    0.00   973.79     0   28.7    4.2   28.8   32.7   28.1   28.6   26.7    -995    -995    -995
 KIN2   133   320     61   28.0    5.8    5.8   182    5.1    0.6    7.8    0.00   973.74     0   28.6    4.1   -995   -995   -995   -995   -995    -995    -995    -995
 KIN2   133   325     61   28.1    5.8    5.8   181    5.3    0.6    7.4    0.00   973.77     0   28.6    4.2   -995   -995   -995   -995   -995    -995    -995    -995
 KIN2   133   330     61   27.9    5.4    5.4   181    5.1    0.6    6.7    0.00   973.80     0   28.5    3.9   28.7   32.5   28.1   28.6   26.7    1.87    1.71    3.71
 KIN2   133   335     61   27.9    5.5    5.5   182    4.5    0.5    6.7    0.00   973.88     0   28.5    4.0   -995   -995   -995   -995   -995    -995    -995    -995
 KIN2   133   340     62   27.7    5.2    5.1   184    4.6    0.5    6.3    0.00   973.90     0   28.4    3.6   -995   -995   -995   -995   -995    -995    -995    -995
 KIN2   133   345     63   27.7    5.2    5.2   184    5.4    0.6    7.0    0.00   973.88     0   28.3    3.7   28.7   32.4   28.0   28.6   26.7    -995    -995    -995
 KIN2   133   350     63   27.6    5.2    5.2   185    5.2    0.5    6.4    0.00   973.87     0   28.3    3.8   -995   -995   -995   -995   -995    -995    -995    -995
 KIN2   133   355     63   27.6    5.3    5.3   184    5.9    0.5    6.9    0.00   973.84     0   28.2    3.8   -995   -995   -995   -995   -995    -995    -995    -995
 KIN2   133   360     63   27.6    5.2    5.1   183    5.1    0.5    6.3    0.00   973.85     0   28.2    3.8   28.6   32.2   28.0   28.5   26.7    1.87    1.71    3.72
 KIN2   133   365     64   27.5    5.2    5.2   183    4.8    0.6    7.2    0.00   973.81     0   28.1    3.7   -995   -995   -995   -995   -995    -995    -995    -995
 KIN2   133   370     64   27.5    5.4    5.4   184    5.5    0.5    6.7    0.00   973.75     0   28.1    3.9   -995   -995   -995   -995   -995    -995    -995    -995
 KIN2   133   375     63   27.6    5.9    5.8   185    6.3    0.7    7.7    0.00   973.75     0   28.2    4.3   28.6   32.0   27.9   28.5   26.7    -995    -995    -995
 KIN2   133   380     64   27.5    5.3    5.2   185    6.4    0.6    7.3    0.00   973.75     0   28.1    3.9   -995   -995   -995   -995   -995    -995    -995    -995
 KIN2   133   385     64   27.5    5.6    5.6   183    5.7    0.6    7.4    0.00   973.72     0   28.1    4.0   -995   -995   -995   -995   -995    -995    -995    -995
 KIN2   133   390     64   27.6    6.1    6.1   182    5.3    0.6    7.4    0.00   973.74     0   28.1    4.4   28.5   31.9   27.9   28.5   26.7    1.87    1.71    3.71
 KIN2   133   395     64   27.5    5.9    5.9   184    5.4    0.6    7.6    0.00   973.73     0   28.1    4.3   -995   -995   -995   -995   -995    -995    -995    -995
 KIN2   133   400     64   27.3    5.3    5.3   183    5.6    0.6    7.3    0.00   973.67     0   27.9    4.0   -995   -995   -995   -995   -995    -995    -995    -995
 KIN2   133   405     64   27.4    5.7    5.7   186    4.9    0.6    6.9    0.00   973.71     0   28.0    4.3   28.5   31.8   27.8   28.5   26.7    -995    -995    -995
 KIN2   133   410     65   27.3    5.0    5.0   186    5.8    0.4    5.8    0.00   973.74     0   27.8    3.7   -995   -995   -995   -995   -995    -995    -995    -995
 KIN2   133   415     65   27.2    5.5    5.4   187    4.8    0.6    7.0    0.00   973.70     0   27.8    3.9   -995   -995   -995   -995   -995    -995    -995    -995
 KIN2   133   420     65   27.2    5.2    5.2   188    6.0    0.6    6.7    0.00   973.70     0   27.8    3.7   28.4   31.6   27.8   28.4   26.7    1.88    1.71    3.71
 KIN2   133   425     65   27.1    5.1    5.1   187    5.8    0.4    6.0    0.00   973.71     0   27.7    3.6   -995   -995   -995   -995   -995    -995    -995    -995
 KIN2   133   430     66   27.0    4.8    4.8   186    5.8    0.5    5.8    0.00   973.75     0   27.5    3.6   -995   -995   -995   -995   -995    -995    -995    -995
 KIN2   133   435     66   27.0    5.2    5.2   185    5.6    0.5    6.4    0.00   973.74     0   27.5    4.0   28.4   31.5   27.7   28.4   26.7    -995    -995    -995
 KIN2   133   440     66   26.8    5.1    5.1   184    5.6    0.6    6.6    0.00   973.74     0   27.4    3.7   -995   -995   -995   -995   -995    -995    -995    -995
 KIN2   133   445     67   26.6    4.8    4.8   183    4.9    0.4    5.7    0.00   973.71     0   27.2    3.3   -995   -995   -995   -995   -995    -995    -995    -995
 KIN2   133   450     67   26.6    5.1    5.1   183    5.3    0.6    6.9    0.00   973.68     0   27.2    3.6   28.4   31.4   27.7   28.4   26.7    1.88    1.71    3.72
 KIN2   133   455     68   26.6    5.2    5.2   184    4.8    0.4    6.6    0.00   973.68     0   27.2    3.8   -995   -995   -995   -995   -995    -995    -995    -995
 KIN2   133   460     68   26.6    5.6    5.5   184    5.3    0.6    6.9    0.00   973.62     0   27.2    4.0   -995   -995   -995   -995   -995    -995    -995    -995
 KIN2   133   465     68   26.5    5.5    5.4   183    6.3    0.6    7.0    0.00   973.59     0   27.1    4.0   28.3   31.2   27.6   28.4   26.7    -995    -995    -995
 KIN2   133   470     67   26.6    5.8    5.8   184    5.3    0.5    7.3    0.00   973.53     0   27.2    4.2   -995   -995   -995   -995   -995    -995    -995    -995
 KIN2   133   475     67   26.6    6.1    6.1   184    4.6    0.6    7.3    0.00   973.46     0   27.1    4.6   -995   -995   -995   -995   -995    -995    -995    -995
 KIN2   133   480     67   26.6    6.2    6.2   184    6.1    0.6    8.0    0.00   973.41     0   27.2    4.6   28.3   31.1   27.6   28.4   26.7    1.87    1.71    3.71
 KIN2   133   485     67   26.5    6.3    6.3   182    5.1    0.6    8.3    0.00   973.40     0   27.1    4.5   -995   -995   -995   -995   -995    -995    -995    -995
 KIN2   133   490     67   26.5    6.3    6.3   182    5.2    0.8    8.1    0.00   973.44     0   27.1    4.6   -995   -995   -995   -995   -995    -995    -995    -995
 KIN2   133   495     67   26.6    6.3    6.3   180    5.6    0.7    8.1    0.00   973.42     0   27.1    4.6   28.2   31.0   27.5   28.3   26.7    -995    -995    -995
 KIN2   133   500     66   26.6    6.6    6.5   180    5.8    0.6    7.9    0.00   973.38     0   27.1    5.0   -995   -995   -995   -995   -995    -995    -995    -995
 KIN2   133   505     66   26.6    6.2    6.2   182    5.8    0.6    7.6    0.00   973.43     0   27.0    4.7   -995   -995   -995   -995   -995    -995    -995    -995
 KIN2   133   510     67   26.5    5.5    5.5   182    6.4    0.7    7.4    0.00   973.56     0   27.0    4.3   28.2   30.8   27.5   28.3   26.7    1.88    1.71    3.71
 KIN2   133   515     67   26.4    5.5    5.5   184    6.4    0.7    6.9    0.00   973.61     0   26.9    4.2   -995   -995   -995   -995   -995    -995    -995    -995
 KIN2   133   520     67   26.4    5.4    5.4   188    5.9    0.6    6.9    0.00   973.61     0   26.9    4.1   -995   -995   -995   -995   -995    -995    -995    -995
 KIN2   133   525     67   26.2    5.3    5.2   185    6.3    0.6    6.8    0.00   973.56     0   26.8    3.9   28.1   30.7   27.4   28.3   26.7    -995    -995    -995
 KIN2   133   530     68   26.2    5.4    5.4   188    5.8    0.7    6.6    0.00   973.52     0   26.8    3.9   -995   -995   -995   -995   -995    -995    -995    -995
 KIN2   133   535     68   26.2    5.4    5.4   189    5.5    0.6    7.4    0.00   973.53     0   26.8    4.0   -995   -995   -995   -995   -995    -995    -995    -995
 KIN2   133   540     68   26.1    4.9    4.9   192    5.5    0.7    6.4    0.00   973.57     0   26.7    3.7   28.1   30.6   27.4   28.3   26.7    1.89    1.72    3.71
 KIN2   133   545     68   26.1    5.4    5.4   193    5.5    0.8    7.9    0.00   973.61     0   26.7    4.0   -995   -995   -995   -995   -995    -995    -995    -995
 KIN2   133   550     67   26.2    5.7    5.6   196    6.5    0.8    7.4    0.00   973.61     0   26.8    4.2   -995   -995   -995   -995   -995    -995    -995    -995
 KIN2   133   555     67   26.2    5.5    5.5   198    5.3    0.6    7.0    0.00   973.68     0   26.7    4.1   28.0   30.5   27.4   28.2   26.8    -995    -995    -995
 KIN2   133   560     67   26.1    5.4    5.4   197    5.2    0.5    6.6    0.00   973.70     0   26.6    4.0   -995   -995   -995   -995   -995    -995    -995    -995
 KIN2   133   565     68   26.0    5.1    5.1   195    5.2    0.6    6.4    0.00   973.70     0   26.5    3.6   -995   -995   -995   -995   -995    -995    -995    -995
 KIN2   133   570     68   26.0    5.2    5.2   194    5.9    0.6    6.7    0.00   973.70     0   26.5    3.7   28.0   30.4   27.3   28.2   26.8    1.88    1.71    3.71
 KIN2   133   575     68   25.8    4.8    4.8   197    6.1    0.5    6.7    0.00   973.73     0   26.4    3.2   -995   -995   -995   -995   -995    -995    -995    -995
 KIN2   133   580     68   25.8    5.1    5.1   198    4.9    0.5    6.2    0.00   973.76     0   26.4    3.8   -995   -995   -995   -995   -995    -995    -995    -995
 KIN2   133   585     69   25.7    4.4    4.4   201    5.2    0.5    5.9    0.00   973.83     0   26.2    3.2   28.0   30.2   27.3   28.2   26.8    -995    -995    -995
 KIN2   133   590     69   25.5    4.2    4.1   200    4.8    0.4    5.1    0.00   973.87     0   26.1    2.9   -995   -995   -995   -995   -995    -995    -995    -995
 KIN2   133   595     70   25.2    4.1    4.1   201    5.1    0.3    4.8    0.00   973.90     0   25.9    2.8   -995   -995   -995   -995   -995    -995    -995    -995
 KIN2   133   600     70   25.2    4.4    4.4   203    4.7    0.4    5.3    0.00   973.90     0   25.9    3.1   27.9   30.1   27.2   28.2   26.8    1.90    1.72    3.72
 KIN2   133   605     71   25.1    4.5    4.4   203    4.6    0.3    5.1    0.00   973.87     0   25.8    2.9   -995   -995   -995   -995   -995    -995    -995    -995
 KIN2   133   610     71   25.1    4.4    4.4   195    5.3    0.3    5.1    0.00   973.85     0   25.7    3.0   -995   -995   -995   -995   -995    -995    -995    -995
 KIN2   133   615     71   25.0    4.5    4.4   199    4.9    0.3    5.1    0.00   973.88     0   25.7    3.0   27.9   30.0   27.2   28.2   26.8    -995    -995    -995
 KIN2   133   620     71   25.0    4.4    4.4   200    4.4    0.4    5.4    0.00   973.83     0   25.7    3.0   -995   -995   -995   -995   -995    -995    -995    -995
 KIN2   133   625     71   25.0    4.8    4.8   199    5.0    0.3    5.7    0.00   973.75     0   25.7    3.2   -995   -995   -995   -995   -995    -995    -995    -995
 KIN2   133   630     70   25.2    5.1    5.1   200    6.3    0.5    6.8    0.00   973.73     0   25.8    3.4   27.9   29.9   27.2   28.2   26.8    1.89    1.71    3.71
 KIN2   133   635     69   25.3    5.2    5.2   200    5.5    0.5    6.5    0.00   973.70     0   25.9    3.5   -995   -995   -995   -995   -995    -995    -995    -995
 KIN2   133   640     69   25.4    5.2    5.2   199    5.3    0.5    6.6    0.00   973.68     0   26.0    3.7   -995   -995   -995   -995   -995    -995    -995    -995
 KIN2   133   645     69   25.5    5.1    5.1   202    6.1    0.7    7.2    0.00   973.70     0   26.0    3.7   27.8   29.8   27.1   28.1   26.8    -995    -995    -995
 KIN2   133   650     69   25.5    5.3    5.2   206    6.5    0.6    6.5    0.00   973.77     0   26.1    3.8   -995   -995   -995   -995   -995    -995    -995    -995
 KIN2   133   655     69   25.5    4.7    4.7   206    5.9    0.7    6.7    0.00   973.85     0   26.1    3.3   -995   -995   -995   -995   -995    -995    -995    -995
 KIN2   133   660     69   25.6    4.8    4.8   207    5.9    0.6    5.8    0.00   973.99     0   26.2    3.4   27.8   29.7   27.0   28.1   26.8    1.90    1.72    3.71
 KIN2   133   665     69   25.6    4.8    4.8   201    5.4    0.5    5.8    0.00   974.08     0   26.2    3.4   -995   -995   -995   -995   -995    -995    -995    -995
 KIN2   133   670     69   25.7    4.9    4.9   198    6.1    0.6    6.3    0.00   974.16     0   26.3    3.6   -995   -995   -995   -995   -995    -995    -995    -995
 KIN2   133   675     69   25.6    4.6    4.6   198    6.0    0.5    5.8    0.00   974.18     0   26.2    3.4   27.7   29.6   27.0   28.0   26.7    -995    -995    -995
 KIN2   133   680     69   25.7    5.5    5.5   202    6.4    0.9    7.6    0.00   974.15     0   26.3    4.1   -995   -995   -995   -995   -995    -995    -995    -995
 KIN2   133   685     69   25.9    5.8    5.8   207    7.7    0.8    8.1    0.00   974.16     0   26.5    4.1   -995   -995   -995   -995   -995    -995    -995    -995
 KIN2   133   690     68   26.1    6.5    6.4   208    5.8    0.7    8.0    0.00   974.19     0   26.6    4.8   27.7   29.5   27.0   28.0   26.7    1.89    1.71    3.72
 KIN2   133   695     68   26.1    6.7    6.6   207    6.1    0.7    7.9    0.00   974.14     0   26.6    4.9   -995   -995   -995   -995   -995    -995    -995    -995
 KIN2   133   700     68   26.1    6.6    6.5   209    6.6    0.8    8.7    0.00   974.16     0   26.6    4.8   -995   -995   -995   -995   -995    -995    -995    -995
 KIN2   133   705     68   26.2    7.0    6.9   207    6.1    0.9    9.1    0.00   974.23     1   26.6    5.2   27.6   29.4   26.9   28.0   26.7    -995    -995    -995
 KIN2   133   710     68   26.2    6.9    6.9   208    6.0    0.9    9.5    0.00   974.28     2   26.7    5.0   -995   -995   -995   -995   -995    -995    -995    -995
 KIN2   133   715     68   26.3    7.6    7.6   207    6.0    0.7    9.4    0.00   974.24     4   26.8    5.8   -995   -995   -995   -995   -995    -995    -995    -995
 KIN2   133   720     67   26.3    7.4    7.4   206    6.0    0.9    9.3    0.00   974.24     6   26.7    5.6   27.6   29.3   26.9   28.0   26.7    1.91    1.72    3.72
 KIN2   133   725     68   26.3    7.4    7.4   205    4.6    0.7    9.5    0.00   974.25    11   26.7    5.3   -995   -995   -995   -995   -995    -995    -995    -995
 KIN2   133   730     68   26.3    7.5    7.4   203    5.2    0.8    9.8    0.00   974.22    22   26.7    5.7   -995   -995   -995   -995   -995    -995    -995    -995
 KIN2   133   735     67   26.3    7.0    7.0   201    6.2    0.7    8.6    0.00   974.16    30   26.7    5.2   27.5   29.2   26.8   27.9   26.7    -995    -995    -995
 KIN2   133   740     68   26.3    6.8    6.8   201    5.1    0.9    8.8    0.00   974.10    41   26.6    5.1   -995   -995   -995   -995   -995    -995    -995    -995
 KIN2   133   745     68   26.4    7.1    7.1   203    4.7    0.7    9.0    0.00   974.07    54   26.7    5.1   -995   -995   -995   -995   -995    -995    -995    -995
 KIN2   133   750     67   26.4    6.9    6.9   202    5.2    0.8    8.9    0.00   974.03    68   26.7    5.0   27.5   29.1   26.8   27.9   26.7    1.91    1.73    3.72
 KIN2   133   755     67   26.6    7.2    7.1   202    5.7    0.9    9.1    0.00   973.97    82   26.8    5.4   -995   -995   -995   -995   -995    -995    -995    -995
 KIN2   133   760     66   26.7    7.2    7.2   201    5.0    0.7    9.0    0.00   973.87    97   26.9    5.5   -995   -995   -995   -995   -995    -995    -995    -995
 KIN2   133   765     66   26.9    7.2    7.2   200    5.5    0.8    9.3    0.00   973.87   111   27.1    5.6   27.4   29.0   26.8   27.8   26.7    -995    -995    -995
 KIN2   133   770     65   27.1    7.4    7.4   200    5.5    1.0    9.4    0.00   973.87   125   27.2    5.6   -995   -995   -995   -995   -995    -995    -995    -995
 KIN2   133   775     64   27.2    7.2    7.2   204    6.2    1.1   10.1    0.00   973.94   139   27.3    5.5   -995   -995   -995   -995   -995    -995    -995    -995
 KIN2   133   780     64   27.4    7.1    7.1   202    6.1    1.0    9.4    0.00   973.97   153   27.5    5.5   27.4   28.9   26.7   27.8   26.6    1.90    1.72    3.71
 KIN2   133   785     63   27.6    7.2    7.2   200    7.2    1.0    9.9    0.00   973.98   168   27.5    5.3   -995   -995   -995   -995   -995    -995    -995    -995
 KIN2   133   790     63   27.8    7.9    7.9   201    5.7    1.0   10.3    0.00   973.92   186   27.7    6.2   -995   -995   -995   -995   -995    -995    -995    -995
 KIN2   133   795     62   28.0    7.9    7.9   202    6.0    1.0   10.6    0.00   973.91   202   27.8    6.2   27.3   28.9   26.7   27.8   26.6    -995    -995    -995
 KIN2   133   800     61   28.1    8.0    7.9   204    6.9    1.3   11.5    0.00   973.98   219   28.0    6.1   -995   -995   -995   -995   -995    -995    -995    -995
 KIN2   133   805     61   28.3    8.6    8.5   203    7.5    1.2   11.5    0.00   973.95   235   28.1    6.7   -995   -995   -995   -995   -995    -995    -995    -995
 KIN2   133   810     60   28.5    8.7    8.6   204    5.9    1.0   11.4    0.00   973.93   253   28.2    6.7   27.3   28.8   26.7   27.7   26.6    1.90    1.72    3.71
 KIN2   133   815     59   28.7    9.1    9.1   204    6.7    0.9   11.0    0.00   973.91   271   28.4    7.1   -995   -995   -995   -995   -995    -995    -995    -995
 KIN2   133   820     59   28.9    8.9    8.8   204    6.2    1.0   11.9    0.00   973.89   289   28.5    6.7   -995   -995   -995   -995   -995    -995    -995    -995
 KIN2   133   825     58   29.1    9.1    9.0   203    5.4    1.0   11.7    0.00   973.83   305   28.7    7.0   27.3   28.8   26.7   27.7   26.6    -995    -995    -995
 KIN2   133   830     58   29.3    9.4    9.4   203    6.6    1.5   13.0    0.00   973.77   320   28.8    7.3   -995   -995   -995   -995   -995    -995    -995    -995
 KIN2   133   835     57   29.4    9.4    9.4   204    6.6    1.3   13.0    0.00   973.72   335   29.0    7.2   -995   -995   -995   -995   -995    -995    -995    -995
 KIN2   133   840     57   29.6    9.2    9.1   206    6.5    1.1   11.5    0.00   973.62   352   29.1    7.1   27.3   28.9   26.7   27.7   26.6    1.91    1.72    3.72
 KIN2   133   845     56   29.9    9.4    9.4   206    6.1    1.4   12.2    0.00   973.53   370   29.3    7.2   -995   -995   -995   -995   -995    -995    -995    -995
 KIN2   133   850     55   30.0   10.3   10.2   202    6.7    1.5   13.0    0.00   973.43   388   29.5    8.0   -995   -995   -995   -995   -995    -995    -995    -995
 KIN2   133   855     55   30.2   10.7   10.7   202    5.3    1.0   13.3    0.00   973.34   405   29.6    8.1   27.3   29.0   26.8   27.6   26.6    -995    -995    -995
 KIN2   133   860     54   30.5    9.2    9.1   206    6.7    1.7   13.9    0.00   973.30   421   30.0    7.0   -995   -995   -995   -995   -995    -995    -995    -995
 KIN2   133   865     53   30.6   10.0   10.0   207    6.9    1.3   13.2    0.00   973.24   407   30.0    7.9   -995   -995   -995   -995   -995    -995    -995    -995
 KIN2   133   870     53   30.9    9.6    9.5   206    7.5    1.4   12.7    0.00   973.26   455   30.3    7.4   27.3   29.0   26.8   27.6   26.6    1.90    1.73    3.71
 KIN2   133   875     52   31.1    9.9    9.9   208    5.6    1.2   13.9    0.00   973.33   472   30.4    7.6   -995   -995   -995   -995   -995    -995    -995    -995
 KIN2   133   880     52   31.3   11.2   11.1   205    6.5    1.4   13.9    0.00   973.36   490   30.5    8.7   -995   -995   -995   -995   -995    -995    -995    -995
 KIN2   133   885     51   31.5   10.8   10.7   206    5.7    1.3   13.5    0.00   973.33   504   30.7    8.3   27.3   29.2   26.9   27.6   26.6    -995    -995    -995
 KIN2   133   890     51   31.7   10.4   10.3   206    7.8    1.1   13.0    0.00   973.24   521   30.8    8.0   -995   -995   -995   -995   -995    -995    -995    -995
 KIN2   133   895     51   31.9   10.4   10.3   206    6.8    1.3   13.2    0.00   973.26   543   31.0    8.2   -995   -995   -995   -995   -995    -995    -995    -995
 KIN2   133   900     50   32.2    9.8    9.8   208    6.4    1.2   12.1    0.00   973.32   562   31.2    7.6   27.3   29.4   27.0   27.6   26.6    1.91    1.73    3.71
 KIN2   133   905     50   32.2    9.6    9.5   212    7.5    1.3   11.9    0.00   973.36   581   31.4    7.6   -995   -995   -995   -995   -995    -995    -995    -995
 KIN2   133   910     49   32.7    9.2    9.2   206    6.6    1.1   11.6    0.00   973.37   601   31.7    7.3   -995   -995   -995   -995   -995    -995    -995    -995
 KIN2   133   915     48   32.8   10.0    9.9   204    6.1    0.9   12.1    0.00   973.39   614   31.7    7.8   27.3   29.5   27.0   27.6   26.6    -995    -995    -995
 KIN2   133   920     48   33.0   10.0    9.9   209    6.4    1.2   12.9    0.00   973.45   627   32.0    7.9   -995   -995   -995   -995   -995    -995    -995    -995
 KIN2   133   925     47   33.2    8.6    8.6   209    7.9    1.4   11.5    0.00   973.57   637   32.2    7.0   -995   -995   -995   -995   -995    -995    -995    -995
 KIN2   133   930     47   33.5    8.8    8.7   209    7.4    1.1   11.9    0.00   973.63   647   32.5    6.9   27.4   29.7   27.2   27.6   26.6    1.90    1.72    3.72
 KIN2   133   935     46   33.6    9.1    9.0   207    8.5    1.0   11.1    0.00   973.70   662   32.5    7.1   -995   -995   -995   -995   -995    -995    -995    -995
 KIN2   133   940     46   33.8    9.4    9.4   204    5.9    1.0   12.1    0.00   973.75   681   32.6    7.6   -995   -995   -995   -995   -995    -995    -995    -995
 KIN2   133   945     46   34.0    8.7    8.6   204    5.4    1.3   11.4    0.00   973.78   698   32.9    7.0   27.4   30.0   27.3   27.5   26.6    -995    -995    -995
 KIN2   133   950     45   34.2    8.9    8.9   202    6.0    1.1   10.8    0.00   973.75   710   32.8    6.9   -995   -995   -995   -995   -995    -995    -995    -995
 KIN2   133   955     45   34.3    8.8    8.8   203    4.6    1.1   11.1    0.00   973.80   718   32.9    6.9   -995   -995   -995   -995   -995    -995    -995    -995
 KIN2   133   960     44   34.7    8.0    7.9   205    7.4    0.9    9.8    0.00   973.85   729   33.5    6.4   27.4   30.2   27.4   27.5   26.6    1.90    1.73    3.71
 KIN2   133   965     44   34.9    7.4    7.3   198    8.0    1.0    9.6    0.00   973.90   740   33.6    6.0   -995   -995   -995   -995   -995    -995    -995    -995
 KIN2   133   970     44   34.8    7.6    7.5   203    8.1    1.0    9.6    0.00   973.94   749   33.6    6.2   -995   -995   -995   -995   -995    -995    -995    -995
 KIN2   133   975     43   35.0    7.3    7.2   196    9.1    1.2   10.0    0.00   974.00   771   33.7    5.8   27.5   30.5   27.6   27.5   26.6    -995    -995    -995
 KIN2   133   980     43   35.2    7.4    7.3   190    7.9    0.9    9.4    0.00   974.05   796   33.9    6.0   -995   -995   -995   -995   -995    -995    -995    -995
 KIN2   133   985     43   35.1    7.2    7.1   185    6.2    0.9    9.0    0.00   974.14   833   33.8    6.0   -995   -995   -995   -995   -995    -995    -995    -995
 KIN2   133   990     43   35.3    6.8    6.7   188   10.6    1.2    9.4    0.00   974.20   863   33.9    5.5   27.6   30.9   27.8   27.5   26.6    1.90    1.73    3.71
 KIN2   133   995     43   35.4    4.7    4.6   190   14.7    1.2    7.5    0.00   974.32   854   34.1    3.8   -995   -995   -995   -995   -995    -995    -995    -995
 KIN2   133  1000     43   34.9    4.8    4.7   177    9.1    1.0    7.4    0.00   974.49   755   34.0    4.1   -995   -995   -995   -995   -995    -995    -995    -995
 KIN2   133  1005     44   34.7    3.9    3.7   170   18.6    1.0    5.8    0.00   974.62   573   34.2    3.3   27.6   31.2   28.1   27.5   26.6    -995    -995    -995
 KIN2   133  1010     44   34.5    3.1    3.0   174   11.9    1.3    6.0    0.00   974.68   721   34.0    2.6   -995   -995   -995   -995   -995    -995    -995    -995
 KIN2   133  1015     44   34.8    3.0    2.7   174   23.4    1.0    5.1    0.00   974.63   625   34.3    2.4   -995   -995   -995   -995   -995    -995    -995    -995
 KIN2   133  1020     44   34.9    2.6    2.2   192   32.1    1.1    5.1    0.00   974.61   735   34.5    2.3   27.8   31.6   28.4   27.6   26.6    1.90    1.73    3.71
 KIN2   133  1025     44   35.0    3.2    3.2   148   11.7    1.1    5.2    0.00   974.59   813   34.6    2.7   -995   -995   -995   -995   -995    -995    -995    -995
 KIN2   133  1030     45   35.1    3.2    3.1   125   11.0    0.6    4.8    0.00   974.50   893   34.5    2.6   -995   -995   -995   -995   -995    -995    -995    -995
 KIN2   133  1035     44   35.5    5.0    4.8   142   17.5    1.4    7.8    0.00   974.30   764   34.8    4.2   27.9   32.0   28.7   27.6   26.6    -995    -995    -995
 KIN2   133  1040     44   35.1    3.7    3.7   146   10.1    1.4    6.3    0.00   974.26   870   34.5    3.0   -995   -995   -995   -995   -995    -995    -995    -995
 KIN2   133  1045     44   35.1    4.0    3.9   128   13.6    1.3    6.3    0.00   974.19   868   34.6    3.3   -995   -995   -995   -995   -995    -995    -995    -995
 KIN2   133  1050     44   35.3    4.2    4.1   118   11.1    0.7    5.7    0.00   974.13   865   34.7    3.5   28.0   32.3   29.1   27.6   26.6    1.89    1.73    3.71
 KIN2   133  1055     44   35.8    4.6    4.3   138   18.3    1.0    7.3    0.00   974.04   870   35.0    3.8   -995   -995   -995   -995   -995    -995    -995    -995
 KIN2   133  1060     43   35.5    5.7    5.6   140   11.7    0.8    7.8    0.00   973.99   881   34.7    4.7   -995   -995   -995   -995   -995    -995    -995    -995
 KIN2   133  1065     44   35.4    5.3    5.2   140   11.3    0.9    7.2    0.00   973.90   883   34.8    4.4   28.2   32.8   29.4   27.6   26.7    -995    -995    -995
 KIN2   133  1070     43   36.0    4.9    4.8   147   13.0    1.2    7.4    0.00   973.77   892   35.3    3.9   -995   -995   -995   -995   -995    -995    -995    -995
 KIN2   133  1075     42   36.6    6.4    6.2   156   14.2    0.9    8.5    0.00   973.70   899   35.6    5.1   -995   -995   -995   -995   -995    -995    -995    -995
 KIN2   133  1080     41   36.4    6.0    5.9   151    8.9    1.2    8.1    0.00   973.66   901   35.5    4.9   28.3   33.2   29.8   27.7   26.7    1.89    1.74    3.71
 KIN2   133  1085     42   36.6    5.5    5.3   158   14.1    1.2    8.4    0.00   973.55   904   35.8    4.5   -995   -995   -995   -995   -995    -995    -995    -995
 KIN2   133  1090     41   36.7    5.9    5.7   167   14.8    0.7    8.0    0.00   973.49   901   35.7    5.0   -995   -995   -995   -995   -995    -995    -995    -995
 KIN2   133  1095     41   36.6    6.1    5.9   157   13.8    1.1    8.9    0.00   973.44   903   35.7    5.0   28.5   33.6   30.0   27.7   26.7    -995    -995    -995
 KIN2   133  1100     40   36.7    6.1    6.0   161   10.9    1.1    8.2    0.00   973.36   901   35.8    4.9   -995   -995   -995   -995   -995    -995    -995    -995
 KIN2   133  1105     41   36.8    5.5    5.1   148   23.0    1.1    7.4    0.00   973.25   900   35.9    4.6   -995   -995   -995   -995   -995    -995    -995    -995
 KIN2   133  1110     41   36.9    6.9    6.7   151   11.7    1.0    9.4    0.00   973.18   904   36.0    5.5   28.6   34.0   30.3   27.7   26.7    1.88    1.75    3.71
 KIN2   133  1115     40   37.2    7.0    6.9   150   10.7    0.9    9.4    0.00   973.05   908   36.2    5.7   -995   -995   -995   -995   -995    -995    -995    -995
 KIN2   133  1120     40   37.0    6.7    6.5   153   15.5    1.1   10.3    0.00   972.92   904   36.1    5.4   -995   -995   -995   -995   -995    -995    -995    -995
 KIN2   133  1125     39   37.2    8.2    8.1   158    8.1    0.9   11.2    0.00   972.82   901   36.1    6.7   28.8   34.4   30.5   27.7   26.7    -995    -995    -995
 KIN2   133  1130     40   37.2    7.9    7.7   151   11.6    1.5   11.1    0.00   972.73   901   36.4    6.4   -995   -995   -995   -995   -995    -995    -995    -995
 KIN2   133  1135     38   37.4    7.2    7.0   160   11.7    1.4   10.4    0.00   972.74   900   36.3    5.9   -995   -995   -995   -995   -995    -995    -995    -995
 KIN2   133  1140     39   37.4    6.9    6.6   164   16.0    1.4    9.7    0.00   972.71   901   36.5    5.6   28.9   34.8   30.7   27.8   26.7    1.88    1.75    3.72
 KIN2   133  1145     38   37.7    6.6    6.5   157    8.6    1.5   10.0    0.00   972.68   900   36.6    5.5   -995   -995   -995   -995   -995    -995    -995    -995
 KIN2   133  1150     39   37.3    6.7    6.6   154    8.8    1.3   10.4    0.00   972.65   894   36.4    5.5   -995   -995   -995   -995   -995    -995    -995    -995
 KIN2   133  1155     38   37.5    7.1    7.0   161    9.6    1.1    9.8    0.00   972.59   893   36.6    5.8   29.0   35.1   30.8   27.8   26.7    -995    -995    -995
 KIN2   133  1160     38   38.1    7.2    7.2   160    8.2    1.4   10.2    0.00   972.49   892   37.2    5.8   -995   -995   -995   -995   -995    -995    -995    -995
 KIN2   133  1165     37   37.9    8.0    7.9   165   12.0    1.4   11.2    0.00   972.44   884   36.8    6.8   -995   -995   -995   -995   -995    -995    -995    -995
 KIN2   133  1170     37   37.8    6.9    6.8   169   10.5    1.3   10.9    0.00   972.40   883   36.7    5.7   29.1   35.4   31.0   27.8   26.7    1.86    1.75    3.71
 KIN2   133  1175     37   38.3    7.6    7.3   160   16.9    1.3   10.9    0.00   972.35   880   37.4    6.2   -995   -995   -995   -995   -995    -995    -995    -995
 KIN2   133  1180     36   38.3    7.1    7.0   172   12.2    1.6   12.9    0.00   972.29   875   37.2    5.7   -995   -995   -995   -995   -995    -995    -995    -995
 KIN2   133  1185     36   38.2    7.5    7.4   169    6.8    1.4   10.0    0.00   972.19   872   37.0    6.2   29.2   35.7   31.1   27.8   26.6    -995    -995    -995
 KIN2   133  1190     35   38.3    8.8    8.7   162    8.5    1.4   11.8    0.00   971.99   874   37.0    7.1   -995   -995   -995   -995   -995    -995    -995    -995
 KIN2   133  1195     34   39.1    8.2    8.1   173    8.7    1.3   11.2    0.00   971.82   876   38.0    6.8   -995   -995   -995   -995   -995    -995    -995    -995
 KIN2   133  1200     34   39.1    8.9    8.8   177    8.4    1.5   12.5    0.00   971.65   884   37.7    7.3   29.3   36.0   31.2   27.9   26.6    1.85    1.76    3.70
 KIN2   133  1205     34   38.8    8.8    8.6   165   10.8    1.3   12.4    0.00   971.58   860   37.8    7.1   -995   -995   -995   -995   -995    -995    -995    -995
 KIN2   133  1210     34   39.0    9.7    9.5   177   11.6    1.2   12.5    0.00   971.45   853   37.8    7.9   -995   -995   -995   -995   -995    -995    -995    -995
 KIN2   133  1215     35   39.1    8.2    7.9   167   13.6    1.1   10.6    0.00   971.41   828   37.9    6.6   29.4   36.3   31.2   27.9   26.6    -995    -995    -995
 KIN2   133  1220     33   39.2   10.0    9.9   178    8.6    1.3   13.1    0.00   971.27   819   37.7    8.2   -995   -995   -995   -995   -995    -995    -995    -995
 KIN2   133  1225     34   39.1    7.8    7.7   174    8.8    1.0   11.6    0.00   971.15   811   37.9    6.4   -995   -995   -995   -995   -995    -995    -995    -995
 KIN2   133  1230     33   39.5   10.2   10.0   175    9.3    1.3   13.1    0.00   971.01   801   38.1    8.1   29.5   36.5   31.2   27.9   26.6    1.87    1.76    3.71
 KIN2   133  1235     33   39.4    8.0    7.8   180   14.1    1.3   11.0    0.00   971.01   795   38.0    6.4   -995   -995   -995   -995   -995    -995    -995    -995
 KIN2   133  1240     34   39.0    9.9    9.8   165    8.2    1.4   12.6    0.00   970.96   781   37.9    7.9   -995   -995   -995   -995   -995    -995    -995    -995
 KIN2   133  1245     34   39.1    9.2    9.0   183   11.0    1.4   12.2    0.00   970.92   744   37.9    7.4   29.6   36.7   31.3   28.0   26.6    -995    -995    -995
 KIN2   133  1250     34   39.3    8.4    8.1   178   14.4    1.5   11.9    0.00   970.94   704   38.2    6.6   -995   -995   -995   -995   -995    -995    -995    -995
 KIN2   133  1255     34   39.2    8.2    8.2   171    6.1    1.1   11.2    0.00   970.96   716   38.1    6.7   -995   -995   -995   -995   -995    -995    -995    -995
 KIN2   133  1260     34   39.0    8.7    8.6   158    9.8    1.6   12.1    0.00   970.90   776   38.0    7.0   29.7   36.9   31.3   28.0   26.6    1.87    1.76    3.71
 KIN2   133  1265     33   39.5   10.5   10.4   180    9.7    1.5   13.4    0.00   970.82   745   38.3    8.5   -995   -995   -995   -995   -995    -995    -995    -995
 KIN2   133  1270     34   39.0    8.5    8.4   173    6.3    1.3   11.3    0.00   970.85   731   37.8    7.0   -995   -995   -995   -995   -995    -995    -995    -995
 KIN2   133  1275     34   39.1    8.6    8.5   166    8.6    1.4   12.0    0.00   970.73   720   38.1    7.0   29.8   37.0   31.2   28.1   26.6    -995    -995    -995
 KIN2   133  1280     34   39.2    8.7    8.6   171   10.5    1.1   11.4    0.00   970.61   700   38.1    7.1   -995   -995   -995   -995   -995    -995    -995    -995
 KIN2   133  1285     33   39.5    9.4    9.3   172    8.8    1.3   12.4    0.00   970.48   679   38.4    7.5   -995   -995   -995   -995   -995    -995    -995    -995
 KIN2   133  1290     33   39.4    9.2    9.1   170    7.7    1.8   13.5    0.00   970.42   688   38.4    7.6   29.8   37.2   31.2   28.1   26.7    1.87    1.76    3.70
 KIN2   133  1295     33   39.5    9.0    8.9   169   10.1    1.4   11.9    0.00   970.36   671   38.5    7.1   -995   -995   -995   -995   -995    -995    -995    -995
 KIN2   133  1300     32   39.8   10.0    9.9   182    6.9    1.5   13.8    0.00   970.30   661   38.6    8.1   -995   -995   -995   -995   -995    -995    -995    -995
 KIN2   133  1305     33   39.2    8.9    8.7   170   11.7    1.6   11.8    0.00   970.26   433   38.5    7.1   29.9   37.3   31.1   28.2   26.7    -995    -995    -995
 KIN2   133  1310     34   39.5    9.7    9.6   172    8.1    1.5   13.6    0.00   970.21   633   38.5    7.7   -995   -995   -995   -995   -995    -995    -995    -995
 KIN2   133  1315     34   39.3   10.2   10.1   180    8.4    1.2   13.4    0.00   970.16   608   38.2    8.2   -995   -995   -995   -995   -995    -995    -995    -995
 KIN2   133  1320     34   39.2   10.3   10.2   176    7.8    1.5   13.2    0.00   970.17   584   38.1    8.0   29.9   37.4   31.0   28.3   26.7    1.88    1.78    3.72
 KIN2   133  1325     34   39.0    9.5    9.4   181    9.3    1.7   13.4    0.00   970.04   424   38.1    7.5   -995   -995   -995   -995   -995    -995    -995    -995
 KIN2   133  1330     34   38.6    9.9    9.9   177    7.6    1.2   13.4    0.00   969.93   415   38.1    8.0   -995   -995   -995   -995   -995    -995    -995    -995
 KIN2   133  1335     33   39.0   10.2   10.1   180    7.2    1.6   14.0    0.00   969.87   541   38.2    8.2   30.0   37.5   31.0   28.3   26.7    -995    -995    -995
 KIN2   133  1340     33   39.0   10.4   10.2   172    9.5    1.5   13.6    0.00   969.86   528   38.3    8.2   -995   -995   -995   -995   -995    -995    -995    -995
 KIN2   133  1345     34   38.8    9.5    9.4   167    7.1    1.4   12.1    0.00   969.84   500   38.2    7.3   -995   -995   -995   -995   -995    -995    -995    -995
 KIN2   133  1350     33   39.1   10.9   10.9   182    6.8    1.3   14.0    0.00   969.79   489   38.2    8.5   30.0   37.5   30.9   28.4   26.7    1.89    1.77    3.71
 KIN2   133  1355     34   38.8   11.0   10.9   170    7.1    1.3   14.1    0.00   969.79   440   38.1    8.7   -995   -995   -995   -995   -995    -995    -995    -995
 KIN2   133  1360     34   38.7   10.6   10.6   175    6.9    1.2   13.7    0.00   969.69   419   38.0    8.5   -995   -995   -995   -995   -995    -995    -995    -995
 KIN2   133  1365     34   38.7   11.2   11.1   173    8.2    1.5   14.4    0.00   969.62   435   38.2    9.1   30.0   37.6   30.8   28.4   26.7    -995    -995    -995
 KIN2   133  1370     33   38.7   10.4   10.3   176    6.9    1.3   13.5    0.00   969.65   417   38.2    8.1   -995   -995   -995   -995   -995    -995    -995    -995
 KIN2   133  1375     33   38.7   10.1   10.0   170    7.9    1.5   13.4    0.00   969.65   410   38.2    7.8   -995   -995   -995   -995   -995    -995    -995    -995
 KIN2   133  1380     33   38.6   10.2   10.1   172    8.6    1.4   12.9    0.00   969.64   397   38.1    8.1   30.0   37.5   30.7   28.5   26.7    1.88    1.78    3.71
 KIN2   133  1385     34   38.5   11.1   11.1   172    7.7    1.4   13.9    0.00   969.62   381   38.0    9.0   -995   -995   -995   -995   -995    -995    -995    -995
 KIN2   133  1390     34   38.4   10.2   10.1   170    7.7    1.2   13.1    0.00   969.64   359   38.0    7.9   -995   -995   -995   -995   -995    -995    -995    -995
 KIN2   133  1395     34   38.3   10.4   10.3   167    7.3    1.5   13.2    0.00   969.61   340   37.9    8.1   30.0   37.5   30.6   28.5   26.7    -995    -995    -995
 KIN2   133  1400     34   38.3   10.4   10.3   168    7.0    1.4   13.1    0.00   969.63   325   38.0    8.0   -995   -995   -995   -995   -995    -995    -995    -995
 KIN2   133  1405     34   38.3    9.3    9.2   172    7.7    1.1   11.8    0.00   969.63   309   38.0    7.4   -995   -995   -995   -995   -995    -995    -995    -995
 KIN2   133  1410     34   38.1   11.1   11.0   171    7.6    1.5   13.9    0.00   969.58   293   37.8    8.6   30.0   37.5   30.5   28.5   26.7    1.90    1.79    3.72
 KIN2   133  1415     36   38.0    8.8    8.7   167    8.0    1.7   14.0    0.00   969.64   277   37.7    7.1   -995   -995   -995   -995   -995    -995    -995    -995
 KIN2   133  1420     37   37.5   10.3   10.2   166    7.8    1.2   13.5    0.00   969.62   260   37.3    8.1   -995   -995   -995   -995   -995    -995    -995    -995
 KIN2   133  1425     38   37.5    8.5    8.4   164    8.4    1.2   12.0    0.00   969.59   245   37.4    6.7   30.0   37.4   30.4   28.6   26.7    -995    -995    -995
 KIN2   133  1430     37   37.4   10.6   10.5   169    7.7    1.1   13.3    0.00   969.55   229   37.2    8.1   -995   -995   -995   -995   -995    -995    -995    -995
 KIN2   133  1435     38   37.1   10.2   10.2   168    7.0    1.3   12.9    0.00   969.52   211   36.9    7.9   -995   -995   -995   -995   -995    -995    -995    -995
</pre>