<pre>  101 ! (c) 2019 Oklahoma Climatological Survey and the Oklahoma Mesonet - all rights reserved
  21 2019 11 29 00 00 00
 STID  STNM  TIME   RELH   TAIR   WSPD   WVEC  WDIR   WDSD   WSSD   WMAX    RAIN     PRES  SRAD   TA9M   WS2M   TS10   TB10   TS05   TS25   TS60    TR05    TR25    TR60
 KIN2   133     0     96    4.6    3.4    3.4   120    7.1    0.5    4.3    6.86   984.95     0    4.6    2.8    8.9    6.8    8.7    9.9   11.7    1.47    1.53    1.56
 KIN2   133     5     97    4.6    2.9    2.9   123    7.4    0.4    4.0    0.00   985.03     0    4.6    2.5   -995   -995   -995   -995   -995    -995    -995    -995
 KIN2   133    10     97    4.6    3.7    3.7   121    8.3    0.4    4.6    0.00   985.01     0    4.6    3.1   -995   -995   -995   -995   -995    -995    -995    -995
 KIN2   133    15     97    4.6    2.8    2.8   117    7.7    0.6    4.1    0.00   984.98     0    4.6    2.5    8.9    6.8    8.7    9.9   11.7    -995    -995    -995
 KIN2   133    20     97    4.6    2.4    2.4   122    8.1    0.4    3.5    0.00   985.14     0    4.6    2.0   -995   -995   -995   -995   -995    -995    -995    -995
 KIN2   133    25     97    4.6    2.8    2.8   119    8.6    0.4    3.6    0.00   985.16     0    4.6    2.4   -995   -995   -995   -995   -995    -995    -995    -995
 KIN2   133    30     97    4.6    2.8    2.8   121    6.8    0.4    3.9    0.00   985.21     0    4.6    2.2    8.9    6.8    8.7    9.9   11.7    1.46    1.53    1.56
 KIN2   133    35     97    4.6    3.0    3.0   117    9.2    0.4    4.1    0.00   985.13     0    4.6    2.4   -995   -995   -995   -995   -995    -995    -995    -995
 KIN2   133    40     97    4.6    3.3    3.3   120    7.5    0.6    4.6    0.00   985.07     0    4.6    2.8   -995   -995   -995   -995   -995    -995    -995    -995
 KIN2   133    45     97    4.6    3.7    3.7   129    6.1    0.5    4.7    0.00   985.17     0    4.6    3.0    8.9    6.8    8.7    9.9   11.7    -995    -995    -995
 KIN2   133    50     97    4.6    3.8    3.8   136    6.8    0.4    4.7    0.00   985.15     0    4.6    3.1   -995   -995   -995   -995   -995    -995    -995    -995
 KIN2   133    55     97    4.6    3.9    3.9   136    6.8    0.4    4.9    0.00   985.19     0    4.7    3.3   -995   -995   -995   -995   -995    -995    -995    -995
 KIN2   133    60     97    4.7    4.1    4.1   134    5.3    0.6    5.6    0.00   985.17     0    4.7    3.3    8.9    6.7    8.7    9.9   11.7    1.46    1.53    1.57
 KIN2   133    65     97    4.7    4.4    4.4   135    6.6    0.7    6.0    0.00   985.18     0    4.7    3.5   -995   -995   -995   -995   -995    -995    -995    -995
 KIN2   133    70     97    4.7    3.7    3.7   136    6.6    0.7    5.1    0.00   985.30     0    4.7    3.1   -995   -995   -995   -995   -995    -995    -995    -995
 KIN2   133    75     97    4.7    2.7    2.7   138    8.2    0.4    3.6    0.00   985.41     0    4.8    2.1    8.9    6.7    8.6    9.9   11.7    -995    -995    -995
 KIN2   133    80     97    4.7    3.1    3.0   134    6.5    0.5    4.5    0.00   985.34     0    4.8    2.4   -995   -995   -995   -995   -995    -995    -995    -995
 KIN2   133    85     97    4.7    2.6    2.6   136    7.9    0.4    3.7    0.00   985.32     0    4.8    2.1   -995   -995   -995   -995   -995    -995    -995    -995
 KIN2   133    90     97    4.7    2.0    2.0   134   10.2    0.4    2.7    0.00   985.26     0    4.8    1.6    8.9    6.7    8.6    9.9   11.7    1.47    1.53    1.56
 KIN2   133    95     97    4.8    2.0    2.0   136    8.6    0.3    2.8    0.00   985.30     0    4.8    1.5   -995   -995   -995   -995   -995    -995    -995    -995
 KIN2   133   100     96    4.8    2.3    2.2   134   11.1    0.4    3.2    0.00   985.16     0    4.8    1.7   -995   -995   -995   -995   -995    -995    -995    -995
 KIN2   133   105     96    4.8    2.0    2.0   132    7.5    0.4    2.7    0.00   985.05     0    4.9    1.6    8.9    6.7    8.6    9.9   11.7    -995    -995    -995
 KIN2   133   110     96    4.8    2.6    2.6   136    8.7    0.4    3.6    0.00   984.88     0    4.9    2.1   -995   -995   -995   -995   -995    -995    -995    -995
 KIN2   133   115     96    4.8    3.0    3.0   136    8.5    0.4    4.2    0.00   984.85     0    4.9    2.5   -995   -995   -995   -995   -995    -995    -995    -995
 KIN2   133   120     96    4.8    3.1    3.0   137   10.2    0.4    4.0    0.00   984.86     0    4.9    2.4    8.9    6.7    8.6    9.9   11.7    1.47    1.53    1.57
 KIN2   133   125     96    4.9    2.8    2.7   143    7.1    0.5    3.9    0.00   984.97     0    4.9    2.2   -995   -995   -995   -995   -995    -995    -995    -995
 KIN2   133   130     96    4.9    3.0    3.0   145    7.0    0.4    3.9    0.00   984.97     0    5.0    2.4   -995   -995   -995   -995   -995    -995    -995    -995
 KIN2   133   135     96    4.9    3.5    3.5   144    7.0    0.5    4.5    0.00   984.87     0    5.0    2.8    8.9    6.7    8.6    9.9   11.6    -995    -995    -995
 KIN2   133   140     96    4.9    3.0    3.0   140    8.7    0.5    4.6    0.00   984.70     0    5.0    2.4   -995   -995   -995   -995   -995    -995    -995    -995
 KIN2   133   145     96    4.9    3.8    3.8   147    5.9    0.5    4.9    0.00   984.76     0    5.0    3.0   -995   -995   -995   -995   -995    -995    -995    -995
 KIN2   133   150     96    5.0    3.7    3.7   146    6.8    0.7    5.3    0.00   984.77     0    5.0    2.9    8.9    6.7    8.6    9.9   11.6    1.47    1.52    1.56
 KIN2   133   155     96    5.0    3.7    3.7   149    7.7    0.6    5.0    0.00   984.78     0    5.0    2.9   -995   -995   -995   -995   -995    -995    -995    -995
 KIN2   133   160     96    5.0    3.3    3.3   142    7.7    0.6    4.2    0.00   984.63     0    5.0    2.6   -995   -995   -995   -995   -995    -995    -995    -995
 KIN2   133   165     96    5.0    3.5    3.5   146    6.3    0.4    4.3    0.00   984.67     0    5.1    2.7    8.9    6.7    8.6    9.9   11.6    -995    -995    -995
 KIN2   133   170     95    5.0    3.0    3.0   150    6.4    0.6    4.2    0.00   984.73     0    5.1    2.5   -995   -995   -995   -995   -995    -995    -995    -995
 KIN2   133   175     95    5.0    2.3    2.2   148    9.1    0.3    3.1    0.00   984.76     0    5.1    1.8   -995   -995   -995   -995   -995    -995    -995    -995
 KIN2   133   180     95    5.1    3.4    3.3   150    9.6    0.7    5.4    0.00   984.76     0    5.1    2.7    8.9    6.7    8.6    9.9   11.6    1.47    1.53    1.57
 KIN2   133   185     95    5.1    3.9    3.8   152    8.9    0.4    4.9    0.00   984.82     0    5.2    3.0   -995   -995   -995   -995   -995    -995    -995    -995
 KIN2   133   190     95    5.1    4.5    4.5   151    6.0    0.7    6.0    0.00   984.81     0    5.2    3.4   -995   -995   -995   -995   -995    -995    -995    -995
 KIN2   133   195     95    5.2    4.3    4.3   152    6.7    0.6    5.8    0.00   984.72     0    5.2    3.4    8.9    6.6    8.6    9.9   11.6    -995    -995    -995
 KIN2   133   200     95    5.1    3.5    3.5   155    7.9    0.5    4.4    0.00   984.70     0    5.2    2.7   -995   -995   -995   -995   -995    -995    -995    -995
 KIN2   133   205     95    5.2    3.4    3.4   159    5.7    0.5    4.9    0.00   984.83     0    5.3    2.6   -995   -995   -995   -995   -995    -995    -995    -995
 KIN2   133   210     95    5.2    3.5    3.5   155    7.9    0.3    4.3    0.00   984.80     0    5.3    2.8    8.9    6.6    8.6    9.9   11.6    1.47    1.53    1.56
 KIN2   133   215     95    5.2    3.6    3.6   150    5.7    0.4    4.5    0.00   984.71     0    5.3    2.8   -995   -995   -995   -995   -995    -995    -995    -995
 KIN2   133   220     95    5.2    3.2    3.2   155    4.5    0.3    3.9    0.00   984.65     0    5.3    2.3   -995   -995   -995   -995   -995    -995    -995    -995
 KIN2   133   225     95    5.2    3.1    3.1   158    5.8    0.4    3.9    0.00   984.64     0    5.3    2.5    8.9    6.6    8.6    9.9   11.6    -995    -995    -995
 KIN2   133   230     95    5.2    3.3    3.3   156    5.2    0.4    4.1    0.00   984.60     0    5.3    2.4   -995   -995   -995   -995   -995    -995    -995    -995
 KIN2   133   235     95    5.2    3.2    3.2   168    6.5    0.3    4.1    0.00   984.79     0    5.3    2.5   -995   -995   -995   -995   -995    -995    -995    -995
 KIN2   133   240     95    5.3    3.9    3.9   170    6.3    0.5    5.0    0.00   984.80     0    5.3    3.1    8.9    6.6    8.6    9.9   11.6    1.47    1.52    1.56
 KIN2   133   245     95    5.3    4.0    4.0   168    5.6    0.7    5.5    0.00   984.80     0    5.4    2.9   -995   -995   -995   -995   -995    -995    -995    -995
 KIN2   133   250     95    5.3    4.2    4.2   162    4.5    0.6    5.5    0.00   984.74     0    5.4    3.3   -995   -995   -995   -995   -995    -995    -995    -995
 KIN2   133   255     95    5.3    3.6    3.5   163    4.8    0.4    4.5    0.00   984.72     0    5.4    2.6    8.9    6.6    8.6    9.9   11.6    -995    -995    -995
 KIN2   133   260     95    5.3    4.2    4.2   157    4.7    0.3    5.1    0.00   984.64     0    5.4    3.3   -995   -995   -995   -995   -995    -995    -995    -995
 KIN2   133   265     95    5.3    3.5    3.4   158    5.7    0.7    4.8    0.00   984.64     0    5.4    2.7   -995   -995   -995   -995   -995    -995    -995    -995
 KIN2   133   270     95    5.3    2.8    2.8   160    6.3    0.3    3.6    0.00   984.60     0    5.4    2.1    8.9    6.6    8.6    9.9   11.6    1.46    1.53    1.56
 KIN2   133   275     95    5.3    3.1    3.1   155    5.7    0.5    4.1    0.00   984.54     0    5.4    2.5   -995   -995   -995   -995   -995    -995    -995    -995
 KIN2   133   280     95    5.3    3.3    3.3   157    6.6    0.5    4.5    0.00   984.57     0    5.4    2.6   -995   -995   -995   -995   -995    -995    -995    -995
 KIN2   133   285     95    5.3    3.2    3.2   166    8.9    0.4    4.2    0.00   984.75     0    5.4    2.6    8.9    6.6    8.6    9.9   11.6    -995    -995    -995
 KIN2   133   290     95    5.3    2.8    2.8   171    6.4    0.3    3.5    0.00   984.90     0    5.4    2.0   -995   -995   -995   -995   -995    -995    -995    -995
 KIN2   133   295     95    5.3    3.1    3.1   170    4.4    0.5    4.6    0.00   984.87     0    5.4    2.4   -995   -995   -995   -995   -995    -995    -995    -995
 KIN2   133   300     95    5.4    3.2    3.2   171    5.4    0.3    3.9    0.00   985.04     0    5.4    2.4    8.9    6.6    8.6    9.9   11.6    1.47    1.52    1.57
 KIN2   133   305     95    5.3    2.9    2.9   171    5.4    0.4    4.1    0.00   984.86     0    5.4    2.2   -995   -995   -995   -995   -995    -995    -995    -995
 KIN2   133   310     95    5.3    3.4    3.4   176    4.7    0.5    4.3    0.00   984.85     0    5.4    2.6   -995   -995   -995   -995   -995    -995    -995    -995
 KIN2   133   315     95    5.3    2.9    2.9   183    6.2    0.5    3.9    0.00   984.85     0    5.4    2.2    8.9    6.7    8.6    9.9   11.6    -995    -995    -995
 KIN2   133   320     95    5.3    3.4    3.4   182    7.2    0.4    4.4    0.00   984.90     0    5.4    2.6   -995   -995   -995   -995   -995    -995    -995    -995
 KIN2   133   325     95    5.3    4.0    3.9   169    4.4    0.6    5.2    0.00   984.69     0    5.4    3.0   -995   -995   -995   -995   -995    -995    -995    -995
 KIN2   133   330     95    5.3    3.8    3.7   167    6.4    0.5    4.7    0.00   984.66     0    5.4    2.9    8.9    6.7    8.6    9.9   11.6    1.46    1.52    1.57
 KIN2   133   335     95    5.3    4.5    4.4   173    4.6    0.5    5.4    0.00   984.78     0    5.3    3.3   -995   -995   -995   -995   -995    -995    -995    -995
 KIN2   133   340     95    5.3    3.4    3.4   172    4.8    0.4    4.3    0.00   984.81     0    5.3    2.6   -995   -995   -995   -995   -995    -995    -995    -995
 KIN2   133   345     95    5.3    3.1    3.1   168    5.1    0.3    3.9    0.00   984.84     0    5.3    2.4    8.9    6.7    8.6    9.9   11.6    -995    -995    -995
 KIN2   133   350     95    5.3    3.4    3.4   174    5.3    0.3    4.1    0.00   984.83     0    5.3    2.5   -995   -995   -995   -995   -995    -995    -995    -995
 KIN2   133   355     95    5.2    3.1    3.1   174    5.0    0.4    3.9    0.00   984.63     0    5.3    2.4   -995   -995   -995   -995   -995    -995    -995    -995
 KIN2   133   360     95    5.2    3.1    3.1   171    4.3    0.3    3.7    0.00   984.55     0    5.3    2.5    8.9    6.7    8.6    9.9   11.6    1.47    1.53    1.57
 KIN2   133   365     96    5.2    3.5    3.5   173    5.8    0.3    4.2    0.00   984.65     0    5.3    2.7   -995   -995   -995   -995   -995    -995    -995    -995
 KIN2   133   370     96    5.2    3.3    3.3   176    5.1    0.4    4.2    0.00   984.74     0    5.3    2.7   -995   -995   -995   -995   -995    -995    -995    -995
 KIN2   133   375     96    5.2    3.0    3.0   174    4.3    0.4    3.8    0.00   984.61     0    5.3    2.4    8.9    6.7    8.6    9.9   11.6    -995    -995    -995
 KIN2   133   380     96    5.2    2.9    2.9   174    3.7    0.3    3.7    0.00   984.69     0    5.2    2.2   -995   -995   -995   -995   -995    -995    -995    -995
 KIN2   133   385     96    5.2    3.1    3.1   178    3.8    0.2    3.7    0.00   984.81     0    5.2    2.4   -995   -995   -995   -995   -995    -995    -995    -995
 KIN2   133   390     96    5.2    2.9    2.9   177    4.2    0.3    3.6    0.00   984.68     0    5.2    2.2    8.9    6.7    8.6    9.9   11.6    1.47    1.53    1.57
 KIN2   133   395     96    5.2    3.1    3.1   176    3.6    0.3    3.7    0.00   984.70     0    5.2    2.5   -995   -995   -995   -995   -995    -995    -995    -995
 KIN2   133   400     96    5.2    2.8    2.7   179    3.6    0.3    3.3    0.00   984.73     0    5.2    2.1   -995   -995   -995   -995   -995    -995    -995    -995
 KIN2   133   405     96    5.2    3.2    3.2   179    5.4    0.4    4.3    0.00   984.86     0    5.2    2.6    8.9    6.7    8.6    9.9   11.6    -995    -995    -995
 KIN2   133   410     97    5.2    3.6    3.6   184    6.1    0.5    5.1    0.00   984.87     0    5.2    3.0   -995   -995   -995   -995   -995    -995    -995    -995
 KIN2   133   415     97    5.2    3.3    3.3   185    4.4    0.5    4.6    0.00   984.81     0    5.2    2.6   -995   -995   -995   -995   -995    -995    -995    -995
 KIN2   133   420     97    5.2    3.3    3.3   182    6.0    0.3    4.2    0.00   984.74     0    5.2    2.5    8.9    6.7    8.7    9.9   11.6    1.47    1.53    1.57
 KIN2   133   425     97    5.1    3.2    3.2   181    5.1    0.3    3.9    0.00   984.66     0    5.2    2.4   -995   -995   -995   -995   -995    -995    -995    -995
 KIN2   133   430     97    5.1    2.8    2.7   178    5.6    0.4    3.4    0.00   984.53     0    5.1    2.1   -995   -995   -995   -995   -995    -995    -995    -995
 KIN2   133   435     97    5.1    2.8    2.8   175    5.3    0.3    3.5    0.00   984.32     0    5.1    2.2    8.9    6.7    8.7    9.9   11.6    -995    -995    -995
 KIN2   133   440     97    5.1    2.8    2.8   178    3.5    0.2    3.1    0.00   984.42     0    5.1    2.1   -995   -995   -995   -995   -995    -995    -995    -995
 KIN2   133   445     97    5.1    2.7    2.7   176    3.5    0.3    3.4    0.00   984.53     0    5.1    2.1   -995   -995   -995   -995   -995    -995    -995    -995
 KIN2   133   450     97    5.1    3.0    3.0   176    4.9    0.3    3.7    0.00   984.59     0    5.1    2.4    8.9    6.7    8.7    9.9   11.6    1.46    1.53    1.57
 KIN2   133   455     97    5.1    3.2    3.2   174    4.1    0.3    3.8    0.00   984.62     0    5.1    2.4   -995   -995   -995   -995   -995    -995    -995    -995
 KIN2   133   460     97    5.1    3.2    3.2   172    4.0    0.4    4.1    0.00   984.54     0    5.1    2.5   -995   -995   -995   -995   -995    -995    -995    -995
 KIN2   133   465     98    5.1    3.1    3.1   168    4.4    0.2    3.8    0.00   984.31     0    5.1    2.4    8.9    6.7    8.7    9.9   11.6    -995    -995    -995
 KIN2   133   470     98    5.1    2.8    2.8   170    4.8    0.3    3.5    0.00   984.23     0    5.1    1.9   -995   -995   -995   -995   -995    -995    -995    -995
 KIN2   133   475     98    5.1    2.7    2.7   173    3.0    0.3    3.2    0.00   984.21     0    5.1    2.1   -995   -995   -995   -995   -995    -995    -995    -995
 KIN2   133   480     98    5.1    2.4    2.4   173    4.2    0.2    2.9    0.00   984.26     0    5.1    1.8    8.9    6.7    8.7    9.9   11.6    1.47    1.53    1.57
 KIN2   133   485     98    5.1    2.7    2.7   168    3.7    0.2    3.1    0.00   984.29     0    5.1    2.1   -995   -995   -995   -995   -995    -995    -995    -995
 KIN2   133   490     98    5.1    2.4    2.4   173    5.5    0.2    3.0    0.00   984.31     0    5.1    1.8   -995   -995   -995   -995   -995    -995    -995    -995
 KIN2   133   495     98    5.1    2.2    2.2   169    4.5    0.3    2.9    0.00   984.16     0    5.1    1.6    8.9    6.7    8.7    9.9   11.6    -995    -995    -995
 KIN2   133   500     98    5.1    2.4    2.3   167    4.0    0.3    2.9    0.00   984.09     0    5.1    1.8   -995   -995   -995   -995   -995    -995    -995    -995
 KIN2   133   505     98    5.1    2.5    2.5   168    3.9    0.2    2.9    0.00   984.09     0    5.1    1.9   -995   -995   -995   -995   -995    -995    -995    -995
 KIN2   133   510     98    5.1    2.3    2.3   166    4.7    0.2    2.8    0.00   984.13     0    5.1    1.7    8.9    6.7    8.7    9.9   11.6    1.47    1.53    1.57
 KIN2   133   515     98    5.2    2.6    2.6   165    5.1    0.3    3.1    0.00   984.26     0    5.1    1.9   -995   -995   -995   -995   -995    -995    -995    -995
 KIN2   133   520     98    5.2    2.3    2.3   168    3.9    0.2    2.9    0.00   984.35     0    5.2    1.8   -995   -995   -995   -995   -995    -995    -995    -995
 KIN2   133   525     98    5.1    2.8    2.8   160    4.5    0.3    3.5    0.00   984.20     0    5.1    2.2    8.9    6.7    8.7    9.9   11.6    -995    -995    -995
 KIN2   133   530     98    5.2    2.4    2.4   152    5.8    0.2    3.1    0.00   984.00     0    5.2    1.9   -995   -995   -995   -995   -995    -995    -995    -995
 KIN2   133   535     98    5.1    2.1    2.1   152    7.9    0.2    2.6    0.00   983.90     0    5.1    1.6   -995   -995   -995   -995   -995    -995    -995    -995
 KIN2   133   540     98    5.2    2.1    2.0   151    5.6    0.2    2.5    0.00   983.90     0    5.2    1.7    8.9    6.7    8.7    9.9   11.6    1.46    1.52    1.57
 KIN2   133   545     98    5.2    1.7    1.7   146    4.0    0.2    2.1    0.00   983.84     0    5.2    1.4   -995   -995   -995   -995   -995    -995    -995    -995
 KIN2   133   550     98    5.2    1.8    1.8   148    5.2    0.2    2.2    0.00   983.89     0    5.2    1.3   -995   -995   -995   -995   -995    -995    -995    -995
 KIN2   133   555     98    5.2    2.0    2.0   147    5.0    0.2    2.5    0.00   983.80     0    5.2    1.5    8.9    6.7    8.7    9.9   11.6    -995    -995    -995
 KIN2   133   560     98    5.2    2.2    2.2   148    5.8    0.3    3.0    0.00   983.86     0    5.2    1.6   -995   -995   -995   -995   -995    -995    -995    -995
 KIN2   133   565     98    5.2    2.4    2.4   150    6.0    0.3    3.0    0.00   983.85     0    5.2    2.0   -995   -995   -995   -995   -995    -995    -995    -995
 KIN2   133   570     98    5.2    2.9    2.9   154    5.7    0.4    3.5    0.00   983.90     0    5.2    2.2    8.9    6.7    8.7    9.9   11.6    1.47    1.53    1.57
 KIN2   133   575     98    5.2    3.1    3.1   156    4.5    0.3    3.8    0.00   983.78     0    5.2    2.4   -995   -995   -995   -995   -995    -995    -995    -995
 KIN2   133   580     98    5.2    3.1    3.1   149    4.2    0.3    3.8    0.00   983.71     0    5.1    2.5   -995   -995   -995   -995   -995    -995    -995    -995
 KIN2   133   585     98    5.2    2.7    2.6   148    4.9    0.3    3.3    0.00   983.65     0    5.1    2.1    8.9    6.7    8.7    9.8   11.6    -995    -995    -995
 KIN2   133   590     98    5.2    2.6    2.5   142    5.6    0.2    3.1    0.00   983.62     0    5.2    2.0   -995   -995   -995   -995   -995    -995    -995    -995
 KIN2   133   595     98    5.2    2.5    2.4   136    7.0    0.3    3.2    0.00   983.42     0    5.2    1.9   -995   -995   -995   -995   -995    -995    -995    -995
 KIN2   133   600     98    5.2    2.4    2.4   133    6.0    0.3    3.1    0.00   983.29     0    5.2    1.9    8.9    6.7    8.7    9.8   11.6    1.47    1.53    1.57
 KIN2   133   605     98    5.2    2.0    2.0   137    9.4    0.3    2.6    0.00   983.25     0    5.1    1.5   -995   -995   -995   -995   -995    -995    -995    -995
 KIN2   133   610     98    5.2    2.4    2.4   141    7.7    0.3    3.2    0.00   983.20     0    5.2    1.8   -995   -995   -995   -995   -995    -995    -995    -995
 KIN2   133   615     98    5.2    2.8    2.8   134    5.6    0.5    4.0    0.00   982.95     0    5.2    2.1    9.0    6.7    8.7    9.8   11.6    -995    -995    -995
 KIN2   133   620     98    5.2    3.1    3.0   141    8.6    0.3    4.1    0.00   982.89     0    5.2    2.4   -995   -995   -995   -995   -995    -995    -995    -995
 KIN2   133   625     98    5.2    3.3    3.2   141    5.8    0.4    4.1    0.00   982.80     0    5.2    2.6   -995   -995   -995   -995   -995    -995    -995    -995
 KIN2   133   630     98    5.2    2.8    2.7   141    7.2    0.5    3.8    0.00   982.77     0    5.2    2.2    9.0    6.7    8.7    9.8   11.6    1.47    1.53    1.57
 KIN2   133   635     98    5.2    2.4    2.3   138    6.9    0.3    2.8    0.00   982.69     0    5.2    1.9   -995   -995   -995   -995   -995    -995    -995    -995
 KIN2   133   640     98    5.2    1.9    1.9   143    9.4    0.3    2.8    0.00   982.80     0    5.2    1.4   -995   -995   -995   -995   -995    -995    -995    -995
 KIN2   133   645     98    5.2    1.6    1.6   148    8.7    0.3    2.5    0.00   982.92     0    5.2    1.1    9.0    6.7    8.7    9.8   11.6    -995    -995    -995
 KIN2   133   650     98    5.2    2.2    2.1   153    6.3    0.4    2.9    0.00   982.90     0    5.2    1.6   -995   -995   -995   -995   -995    -995    -995    -995
 KIN2   133   655     98    5.2    2.1    2.1   148    5.9    0.4    2.6    0.00   982.67     0    5.2    1.6   -995   -995   -995   -995   -995    -995    -995    -995
 KIN2   133   660     98    5.2    1.6    1.6   139    8.2    0.3    2.3    0.00   982.49     0    5.2    1.0    9.0    6.7    8.7    9.8   11.6    1.46    1.53    1.58
 KIN2   133   665     99    5.2    1.4    1.4   147    9.5    0.4    2.3    0.00   982.58     0    5.2    0.7   -995   -995   -995   -995   -995    -995    -995    -995
 KIN2   133   670     99    5.2    2.1    2.1   137    7.7    0.3    2.8    0.00   982.47     0    5.2    1.6   -995   -995   -995   -995   -995    -995    -995    -995
 KIN2   133   675     99    5.3    2.1    2.1   157    7.2    0.2    2.5    0.00   982.78     0    5.3    1.7    9.0    6.7    8.7    9.8   11.6    -995    -995    -995
 KIN2   133   680     99    5.3    2.1    2.1   146    6.5    0.3    2.7    0.00   982.69     0    5.3    1.6   -995   -995   -995   -995   -995    -995    -995    -995
 KIN2   133   685     99    5.3    1.7    1.7   149   11.5    0.3    2.7    0.00   982.84     0    5.3    1.2   -995   -995   -995   -995   -995    -995    -995    -995
 KIN2   133   690     99    5.3    2.0    2.0   146    9.9    0.3    2.8    0.00   982.89     0    5.3    1.6    9.0    6.7    8.7    9.8   11.6    1.47    1.53    1.57
 KIN2   133   695     99    5.3    2.2    2.1   133    6.1    0.4    3.1    0.25   982.62     0    5.3    1.6   -995   -995   -995   -995   -995    -995    -995    -995
 KIN2   133   700     99    5.3    2.0    1.9   141    5.1    0.3    2.6    0.25   982.64     0    5.3    1.6   -995   -995   -995   -995   -995    -995    -995    -995
 KIN2   133   705     99    5.3    2.2    2.2   132    7.8    0.3    2.8    0.25   982.44     0    5.3    1.8    9.0    6.7    8.7    9.8   11.6    -995    -995    -995
 KIN2   133   710     99    5.3    2.6    2.6   132    6.8    0.4    3.3    0.25   982.51     0    5.3    2.2   -995   -995   -995   -995   -995    -995    -995    -995
 KIN2   133   715     99    5.3    3.1    3.0   132    6.8    0.3    3.7    0.25   982.23     0    5.3    2.4   -995   -995   -995   -995   -995    -995    -995    -995
 KIN2   133   720     99    5.3    2.3    2.3   127    7.5    0.3    3.2    0.25   982.16     0    5.3    2.0    9.0    6.7    8.7    9.8   11.6    1.46    1.53    1.57
 KIN2   133   725     99    5.3    2.3    2.3   120   10.4    0.5    3.7    0.25   982.01     0    5.3    1.9   -995   -995   -995   -995   -995    -995    -995    -995
 KIN2   133   730     99    5.3    2.6    2.5   124    9.5    0.5    3.7    0.25   981.96     0    5.3    2.0   -995   -995   -995   -995   -995    -995    -995    -995
 KIN2   133   735     99    5.3    2.4    2.4   127    8.0    0.4    3.2    0.25   982.03     0    5.3    1.9    9.0    6.8    8.7    9.8   11.6    -995    -995    -995
 KIN2   133   740     99    5.3    2.6    2.6   136    7.3    0.5    4.0    0.25   982.20     0    5.3    2.1   -995   -995   -995   -995   -995    -995    -995    -995
 KIN2   133   745     99    5.3    2.8    2.8   143    7.4    0.5    3.8    0.25   982.28     0    5.3    2.3   -995   -995   -995   -995   -995    -995    -995    -995
 KIN2   133   750     99    5.3    3.5    3.5   152    5.6    0.3    4.4    0.25   982.61     0    5.3    2.5    9.0    6.8    8.7    9.8   11.6    1.46    1.53    1.58
 KIN2   133   755     99    5.3    3.1    3.0   147    5.9    0.5    4.1    0.25   982.55     0    5.3    2.3   -995   -995   -995   -995   -995    -995    -995    -995
 KIN2   133   760     99    5.4    2.8    2.7   150    6.4    0.3    3.4    0.25   982.52     0    5.4    2.2   -995   -995   -995   -995   -995    -995    -995    -995
 KIN2   133   765     99    5.4    3.5    3.5   144    5.6    0.4    4.4    0.25   982.31     0    5.4    2.7    9.0    6.8    8.7    9.8   11.6    -995    -995    -995
 KIN2   133   770     99    5.4    3.8    3.7   139    7.7    0.5    4.8    0.25   982.00     0    5.4    3.0   -995   -995   -995   -995   -995    -995    -995    -995
 KIN2   133   775     99    5.4    2.9    2.8   130    8.9    0.5    4.3    0.25   981.65     0    5.4    2.5   -995   -995   -995   -995   -995    -995    -995    -995
 KIN2   133   780     99    5.4    1.9    1.9   115   11.9    0.3    3.1    0.25   981.53     0    5.4    1.5    9.0    6.8    8.7    9.8   11.6    1.47    1.52    1.57
 KIN2   133   785     99    5.4    2.4    2.3   133    9.2    0.3    3.1    0.25   981.86     0    5.4    1.9   -995   -995   -995   -995   -995    -995    -995    -995
 KIN2   133   790     99    5.4    3.3    3.3   138    6.1    0.3    4.1    0.25   981.95     0    5.4    2.4   -995   -995   -995   -995   -995    -995    -995    -995
 KIN2   133   795     99    5.4    3.0    3.0   142    6.4    0.4    4.0    0.25   982.05     0    5.4    2.4    9.0    6.8    8.7    9.8   11.6    -995    -995    -995
 KIN2   133   800     99    5.4    2.9    2.9   136    8.3    0.3    3.8    0.25   981.92     0    5.4    2.3   -995   -995   -995   -995   -995    -995    -995    -995
 KIN2   133   805     99    5.4    2.4    2.4   132    8.6    0.4    3.4    0.25   981.79     1    5.4    1.9   -995   -995   -995   -995   -995    -995    -995    -995
 KIN2   133   810     99    5.4    2.3    2.3   130    8.9    0.4    3.3    0.25   981.74     2    5.4    2.0    9.0    6.8    8.7    9.8   11.6    1.47    1.53    1.58
 KIN2   133   815     99    5.4    3.3    3.3   132    6.6    0.5    4.1    0.25   981.87     2    5.4    2.7   -995   -995   -995   -995   -995    -995    -995    -995
 KIN2   133   820     99    5.4    3.0    3.0   137    7.8    0.4    4.0    0.25   982.00     3    5.4    2.4   -995   -995   -995   -995   -995    -995    -995    -995
 KIN2   133   825     99    5.5    2.7    2.6   137    9.0    0.4    3.8    0.25   982.11     4    5.5    2.1    9.0    6.8    8.7    9.8   11.6    -995    -995    -995
 KIN2   133   830     99    5.5    2.5    2.5   138    6.3    0.5    3.8    0.25   982.09     4    5.5    2.0   -995   -995   -995   -995   -995    -995    -995    -995
 KIN2   133   835     99    5.5    2.8    2.8   138    6.8    0.5    4.0    0.25   982.03     6    5.5    2.2   -995   -995   -995   -995   -995    -995    -995    -995
 KIN2   133   840     99    5.5    2.6    2.6   136    6.9    0.3    3.3    0.25   982.01     7    5.5    2.2    9.0    6.8    8.7    9.8   11.6    1.46    1.52    1.57
 KIN2   133   845     99    5.5    2.9    2.8   134    6.5    0.4    3.8    0.25   982.08     9    5.5    2.2   -995   -995   -995   -995   -995    -995    -995    -995
 KIN2   133   850     99    5.5    2.2    2.2   135    7.6    0.3    2.8    0.25   982.11    11    5.5    1.9   -995   -995   -995   -995   -995    -995    -995    -995
 KIN2   133   855     99    5.6    2.3    2.3   144    8.0    0.6    3.7    0.25   982.27    11    5.5    1.9    9.0    6.8    8.7    9.8   11.6    -995    -995    -995
 KIN2   133   860     99    5.6    2.4    2.4   144    6.7    0.3    3.1    0.25   982.21    14    5.5    1.7   -995   -995   -995   -995   -995    -995    -995    -995
 KIN2   133   865     99    5.6    2.0    2.0   140    5.3    0.3    2.7    0.25   982.17    17    5.6    1.5   -995   -995   -995   -995   -995    -995    -995    -995
 KIN2   133   870     99    5.6    2.2    2.1   133    7.2    0.3    2.7    0.25   982.01    22    5.6    1.7    9.0    6.8    8.7    9.8   11.6    1.46    1.52    1.57
 KIN2   133   875     99    5.6    2.5    2.5   131    7.7    0.3    3.2    0.25   981.89    31    5.6    2.0   -995   -995   -995   -995   -995    -995    -995    -995
 KIN2   133   880     99    5.7    2.3    2.3   130    6.6    0.4    3.1    0.25   981.79    31    5.6    1.9   -995   -995   -995   -995   -995    -995    -995    -995
 KIN2   133   885     99    5.7    2.2    2.2   138    6.1    0.4    3.2    0.25   981.87    37    5.7    1.8    9.0    6.8    8.7    9.8   11.6    -995    -995    -995
 KIN2   133   890     99    5.7    2.5    2.5   132    7.4    0.4    3.4    0.25   981.82    51    5.7    2.0   -995   -995   -995   -995   -995    -995    -995    -995
 KIN2   133   895     99    5.8    2.1    2.1   134    8.9    0.6    3.5    0.25   981.77    44    5.7    1.8   -995   -995   -995   -995   -995    -995    -995    -995
 KIN2   133   900     99    5.8    2.9    2.9   135    9.4    0.5    4.1    0.25   981.76    48    5.7    2.3    9.0    6.8    8.7    9.8   11.5    1.46    1.53    1.57
 KIN2   133   905     99    5.9    3.3    3.3   142    6.7    0.4    4.4    0.25   981.85    47    5.8    2.7   -995   -995   -995   -995   -995    -995    -995    -995
 KIN2   133   910     99    5.8    3.3    3.3   142    7.0    0.5    4.4    0.25   981.83    57    5.8    2.7   -995   -995   -995   -995   -995    -995    -995    -995
 KIN2   133   915     99    5.9    3.4    3.4   143    6.9    0.5    4.5    0.25   981.78    61    5.8    2.8    9.0    6.9    8.8    9.8   11.5    -995    -995    -995
 KIN2   133   920     99    6.0    3.6    3.5   136    8.3    0.4    4.6    0.25   981.65    63    5.9    2.8   -995   -995   -995   -995   -995    -995    -995    -995
 KIN2   133   925     99    6.0    3.9    3.9   132    6.3    0.5    5.0    0.25   981.45    66    5.8    3.3   -995   -995   -995   -995   -995    -995    -995    -995
 KIN2   133   930     99    5.9    4.4    4.4   134    6.2    0.6    5.7    0.25   981.43    57    5.8    3.6    9.0    6.9    8.8    9.8   11.5    1.47    1.53    1.58
 KIN2   133   935     99    6.0    4.3    4.2   136    8.3    0.7    5.8    0.25   981.33    59    5.9    3.4   -995   -995   -995   -995   -995    -995    -995    -995
 KIN2   133   940     99    6.0    4.4    4.4   137    7.5    0.6    6.1    0.25   981.22    46    5.9    3.6   -995   -995   -995   -995   -995    -995    -995    -995
 KIN2   133   945     99    6.0    4.0    4.0   137    7.3    0.6    5.3    0.25   981.21    43    5.9    3.3    9.0    7.0    8.8    9.8   11.5    -995    -995    -995
 KIN2   133   950     99    6.0    3.7    3.7   133    8.5    0.7    5.2    0.25   981.04    73    6.0    3.0   -995   -995   -995   -995   -995    -995    -995    -995
 KIN2   133   955     99    6.2    2.9    2.8   128   10.3    0.5    3.9    0.25   980.84    88    6.0    2.4   -995   -995   -995   -995   -995    -995    -995    -995
 KIN2   133   960     99    6.2    2.9    2.9   130    9.1    0.5    4.1    0.25   981.01    56    6.1    2.5    9.0    7.0    8.8    9.8   11.5    1.46    1.53    1.58
 KIN2   133   965     98    6.2    3.5    3.5   135    7.5    0.5    4.4    0.25   981.13    59    6.1    2.9   -995   -995   -995   -995   -995    -995    -995    -995
 KIN2   133   970     99    6.2    3.5    3.5   132    7.1    0.3    4.2    0.25   981.00    81    6.0    2.9   -995   -995   -995   -995   -995    -995    -995    -995
 KIN2   133   975     99    6.2    3.3    3.3   134    6.9    0.4    4.2    0.25   980.98    65    6.1    2.7    9.0    7.1    8.9    9.8   11.5    -995    -995    -995
 KIN2   133   980     98    6.3    4.1    4.0   136    4.6    0.5    5.0    0.25   981.02    62    6.1    3.2   -995   -995   -995   -995   -995    -995    -995    -995
 KIN2   133   985     98    6.3    3.6    3.6   138    8.4    0.5    5.0    0.25   980.95    50    6.2    3.0   -995   -995   -995   -995   -995    -995    -995    -995
 KIN2   133   990     98    6.3    4.1    4.1   147    6.6    0.6    5.4    0.25   981.07    44    6.2    3.2    9.0    7.1    8.9    9.8   11.5    1.46    1.52    1.57
 KIN2   133   995     98    6.4    3.6    3.6   144    5.7    0.4    4.6    0.25   980.93    54    6.3    3.0   -995   -995   -995   -995   -995    -995    -995    -995
 KIN2   133  1000     98    6.4    3.2    3.2   136    7.0    0.6    4.2    0.25   980.77    55    6.4    2.7   -995   -995   -995   -995   -995    -995    -995    -995
 KIN2   133  1005     98    6.5    2.7    2.7   150    7.6    0.4    3.4    0.25   980.92    84    6.4    2.1    9.0    7.2    8.9    9.8   11.5    -995    -995    -995
 KIN2   133  1010     98    6.5    3.5    3.4   143    7.2    0.5    4.3    0.25   980.82    93    6.5    2.8   -995   -995   -995   -995   -995    -995    -995    -995
 KIN2   133  1015     98    6.7    4.4    4.4   129    7.6    0.5    5.4    0.25   980.32   184    6.6    3.7   -995   -995   -995   -995   -995    -995    -995    -995
 KIN2   133  1020     98    6.8    4.8    4.8   139    7.0    0.4    5.5    0.25   980.44   117    6.7    4.2    9.1    7.3    8.9    9.8   11.5    1.47    1.53    1.57
 KIN2   133  1025     97    6.8    4.5    4.5   140    6.5    0.5    5.8    0.25   980.39   103    6.7    3.8   -995   -995   -995   -995   -995    -995    -995    -995
 KIN2   133  1030     97    7.0    4.4    4.3   139    7.7    0.7    5.8    0.25   980.23   117    6.8    3.5   -995   -995   -995   -995   -995    -995    -995    -995
 KIN2   133  1035     97    7.1    4.3    4.2   134    9.3    0.6    5.4    0.25   979.95   156    6.9    3.6    9.1    7.3    9.0    9.8   11.5    -995    -995    -995
 KIN2   133  1040     96    7.0    4.7    4.6   131    8.0    0.7    6.5    0.25   979.78   125    6.8    3.9   -995   -995   -995   -995   -995    -995    -995    -995
 KIN2   133  1045     96    7.0    4.4    4.3   140    7.4    0.7    5.7    0.25   979.85   119    6.9    3.5   -995   -995   -995   -995   -995    -995    -995    -995
 KIN2   133  1050     96    7.1    3.9    3.9   142    9.5    0.4    4.8    0.25   979.66   129    6.9    3.0    9.1    7.4    9.0    9.8   11.5    1.47    1.53    1.57
 KIN2   133  1055     96    7.1    4.4    4.3   143    8.3    1.0    6.1    0.25   979.80    85    7.0    3.6   -995   -995   -995   -995   -995    -995    -995    -995
 KIN2   133  1060     95    7.1    4.7    4.6   154   10.1    0.7    5.9    0.25   979.85    79    7.0    3.8   -995   -995   -995   -995   -995    -995    -995    -995
 KIN2   133  1065     95    7.1    4.6    4.5   151    8.3    0.6    6.0    0.25   979.67   103    7.0    3.7    9.1    7.5    9.1    9.8   11.5    -995    -995    -995
 KIN2   133  1070     95    7.1    4.6    4.5   148    9.2    0.5    5.7    0.25   979.48   101    7.1    3.7   -995   -995   -995   -995   -995    -995    -995    -995
 KIN2   133  1075     95    7.2    4.0    3.9   145    6.4    0.7    5.2    0.25   979.09    99    7.1    3.3   -995   -995   -995   -995   -995    -995    -995    -995
 KIN2   133  1080     95    7.3    3.8    3.8   136    8.1    0.6    5.1    0.25   978.69   118    7.1    3.3    9.1    7.6    9.1    9.8   11.5    1.46    1.53    1.58
 KIN2   133  1085     95    7.4    3.7    3.6   143   13.9    0.5    4.5    0.25   978.59   107    7.2    2.8   -995   -995   -995   -995   -995    -995    -995    -995
 KIN2   133  1090     95    7.4    4.3    4.3   160    6.6    0.4    5.2    0.25   978.57   123    7.2    3.4   -995   -995   -995   -995   -995    -995    -995    -995
 KIN2   133  1095     95    7.3    4.1    4.1   163    6.1    0.4    4.7    0.25   978.50    68    7.1    3.3    9.1    7.7    9.1    9.9   11.5    -995    -995    -995
 KIN2   133  1100     95    7.2    4.1    4.1   148    8.5    0.5    5.0    0.25   978.32    45    7.1    3.2   -995   -995   -995   -995   -995    -995    -995    -995
 KIN2   133  1105     95    7.2    3.8    3.8   143    8.2    0.4    4.8    0.25   977.97    92    7.1    3.1   -995   -995   -995   -995   -995    -995    -995    -995
 KIN2   133  1110     95    7.3    3.8    3.8   150    7.8    0.5    4.9    0.25   977.84    80    7.2    3.0    9.2    7.8    9.2    9.9   11.5    1.46    1.52    1.58
 KIN2   133  1115     95    7.3    2.8    2.8   147    8.9    0.3    3.6    0.25   977.88    71    7.2    2.4   -995   -995   -995   -995   -995    -995    -995    -995
 KIN2   133  1120     95    7.3    3.3    3.3   158    5.5    0.4    4.1    0.25   977.86    60    7.2    2.8   -995   -995   -995   -995   -995    -995    -995    -995
 KIN2   133  1125     95    7.3    3.2    3.1   151    7.6    0.4    3.9    0.25   977.65    59    7.2    2.6    9.2    7.9    9.2    9.9   11.5    -995    -995    -995
 KIN2   133  1130     95    7.3    2.9    2.9   142    9.6    0.3    3.6    0.25   977.47    56    7.2    2.4   -995   -995   -995   -995   -995    -995    -995    -995
 KIN2   133  1135     95    7.3    3.2    3.2   141    6.7    0.4    4.2    0.25   977.39    51    7.2    2.6   -995   -995   -995   -995   -995    -995    -995    -995
 KIN2   133  1140     95    7.3    2.8    2.8   142   11.2    0.5    4.0    0.25   977.30    50    7.2    2.2    9.2    7.9    9.3    9.9   11.5    1.46    1.53    1.57
 KIN2   133  1145     95    7.3    2.0    2.0   134    9.6    0.3    2.6    0.25   977.23    39    7.3    1.5   -995   -995   -995   -995   -995    -995    -995    -995
 KIN2   133  1150     95    7.3    2.4    2.3   129    8.8    0.4    3.2    0.25   976.92    53    7.3    2.0   -995   -995   -995   -995   -995    -995    -995    -995
 KIN2   133  1155     95    7.4    1.8    1.8   130   10.2    0.2    2.3    0.25   976.80    56    7.3    1.4    9.2    8.0    9.3    9.9   11.6    -995    -995    -995
 KIN2   133  1160     95    7.4    1.8    1.8   128   13.1    0.2    2.4    0.25   976.81    41    7.3    1.4   -995   -995   -995   -995   -995    -995    -995    -995
 KIN2   133  1165     95    7.4    1.6    1.6   144    6.0    0.2    2.1    0.25   976.87    37    7.4    1.4   -995   -995   -995   -995   -995    -995    -995    -995
 KIN2   133  1170     95    7.5    1.7    1.7   140    6.2    0.2    2.2    0.25   976.66    38    7.4    1.4    9.2    8.1    9.3    9.9   11.6    1.47    1.52    1.57
 KIN2   133  1175     95    7.5    1.6    1.6   138    9.6    0.2    2.2    0.25   976.58    38    7.4    1.2   -995   -995   -995   -995   -995    -995    -995    -995
 KIN2   133  1180     95    7.6    1.5    1.4   140   10.9    0.2    2.1    0.25   976.40    43    7.5    1.1   -995   -995   -995   -995   -995    -995    -995    -995
 KIN2   133  1185     95    7.7    1.7    1.6   128   10.5    0.4    2.9    0.25   976.04    49    7.6    1.3    9.3    8.1    9.3    9.9   11.5    -995    -995    -995
 KIN2   133  1190     95    7.7    2.0    2.0   111    9.5    0.3    2.8    0.25   975.74    53    7.6    1.8   -995   -995   -995   -995   -995    -995    -995    -995
 KIN2   133  1195     95    7.7    1.7    1.7   115    9.9    0.2    2.1    0.25   975.64    49    7.6    1.5   -995   -995   -995   -995   -995    -995    -995    -995
 KIN2   133  1200     95    7.7    1.6    1.6   112   11.2    0.3    2.2    0.25   975.43    55    7.6    1.4    9.3    8.1    9.3    9.9   11.5    1.46    1.53    1.57
 KIN2   133  1205     95    7.7    1.3    1.3   103   10.1    0.4    2.0    0.25   975.27    48    7.6    0.9   -995   -995   -995   -995   -995    -995    -995    -995
 KIN2   133  1210     95    7.8    1.1    1.1   112   11.1    0.3    1.8    0.25   975.27    53    7.7    0.5   -995   -995   -995   -995   -995    -995    -995    -995
 KIN2   133  1215     95    7.8    0.9    0.9   115    5.8    0.2    1.2    0.25   975.28    55    7.7    0.1    9.3    8.1    9.4    9.9   11.5    -995    -995    -995
 KIN2   133  1220     95    7.8    1.1    1.1   117    5.4    0.4    1.9    0.51   975.29    29    7.7    0.6   -995   -995   -995   -995   -995    -995    -995    -995
 KIN2   133  1225     95    7.8    2.6    2.6   128    7.2    0.6    3.6    0.51   975.33    23    7.7    2.1   -995   -995   -995   -995   -995    -995    -995    -995
 KIN2   133  1230     96    7.7    2.8    2.7   131    6.6    0.4    3.5    0.51   975.13    41    7.6    2.4    9.3    8.2    9.4    9.9   11.5    1.46    1.53    1.58
 KIN2   133  1235     96    7.7    2.5    2.5   132    8.0    0.3    3.2    0.51   974.90    46    7.6    2.2   -995   -995   -995   -995   -995    -995    -995    -995
 KIN2   133  1240     96    7.7    2.8    2.7   131    6.9    0.5    3.7    0.51   974.77    28    7.7    2.2   -995   -995   -995   -995   -995    -995    -995    -995
 KIN2   133  1245     96    7.7    2.4    2.3   135    8.8    0.4    3.6    0.51   974.76    44    7.7    2.0    9.4    8.2    9.4    9.9   11.5    -995    -995    -995
 KIN2   133  1250     96    7.7    3.0    3.0   134    7.7    0.5    4.1    0.51   974.72    54    7.6    2.5   -995   -995   -995   -995   -995    -995    -995    -995
 KIN2   133  1255     97    7.7    3.9    3.9   132    6.5    0.5    5.1    0.51   974.52    57    7.5    3.1   -995   -995   -995   -995   -995    -995    -995    -995
 KIN2   133  1260     97    7.6    3.8    3.8   137    5.4    0.3    4.5    0.51   974.57    52    7.5    3.0    9.4    8.3    9.4    9.9   11.5    1.46    1.53    1.58
 KIN2   133  1265     97    7.7    3.1    3.1   138    6.6    0.4    4.0    0.51   974.64    52    7.6    2.5   -995   -995   -995   -995   -995    -995    -995    -995
 KIN2   133  1270     97    7.6    3.3    3.3   140    7.3    0.4    4.1    0.51   974.54    52    7.5    2.6   -995   -995   -995   -995   -995    -995    -995    -995
 KIN2   133  1275     97    7.6    3.1    3.0   131    7.0    0.4    4.1    0.51   974.48    57    7.6    2.6    9.4    8.3    9.4   10.0   11.6    -995    -995    -995
 KIN2   133  1280     97    7.6    3.0    2.9   133    8.9    0.4    3.8    0.51   974.29    43    7.5    2.4   -995   -995   -995   -995   -995    -995    -995    -995
 KIN2   133  1285     97    7.6    2.9    2.9   129    8.9    0.5    4.0    0.76   974.27    35    7.6    2.4   -995   -995   -995   -995   -995    -995    -995    -995
 KIN2   133  1290     97    7.6    3.3    3.3   137    4.9    0.4    4.1    0.76   974.23    29    7.5    2.6    9.4    8.3    9.5   10.0   11.5    1.46    1.52    1.58
 KIN2   133  1295     97    7.6    3.1    3.1   132    6.7    0.4    4.1    0.76   974.21    48    7.6    2.6   -995   -995   -995   -995   -995    -995    -995    -995
 KIN2   133  1300     97    7.7    2.7    2.7   132    7.9    0.4    3.5    0.76   974.13    37    7.6    2.3   -995   -995   -995   -995   -995    -995    -995    -995
 KIN2   133  1305     97    7.6    2.7    2.6   133    7.1    0.3    3.3    0.76   974.04    34    7.6    2.1    9.4    8.4    9.5   10.0   11.5    -995    -995    -995
 KIN2   133  1310     97    7.7    3.2    3.2   134    6.8    0.5    4.1    0.76   973.90    32    7.6    2.6   -995   -995   -995   -995   -995    -995    -995    -995
 KIN2   133  1315     97    7.7    3.6    3.5   136    5.3    0.4    4.2    0.76   973.81    31    7.6    2.8   -995   -995   -995   -995   -995    -995    -995    -995
 KIN2   133  1320     97    7.7    4.2    4.2   134    5.0    0.5    5.4    0.76   973.69    27    7.6    3.4    9.4    8.4    9.5   10.0   11.5    1.46    1.52    1.57
 KIN2   133  1325     97    7.7    4.0    4.0   133    6.9    0.6    5.3    0.76   973.67    22    7.6    3.3   -995   -995   -995   -995   -995    -995    -995    -995
 KIN2   133  1330     98    7.7    3.6    3.5   133    8.2    0.5    4.7    0.76   973.51    22    7.6    3.0   -995   -995   -995   -995   -995    -995    -995    -995
 KIN2   133  1335     98    7.7    3.1    3.0   126    6.8    0.4    4.1    0.76   973.36    21    7.7    2.4    9.4    8.4    9.5   10.0   11.5    -995    -995    -995
 KIN2   133  1340     98    7.7    3.0    2.9   130    8.3    0.5    4.1    0.76   973.37    15    7.7    2.4   -995   -995   -995   -995   -995    -995    -995    -995
 KIN2   133  1345     98    7.7    2.7    2.7   132    7.6    0.5    3.7    0.76   973.39    12    7.7    2.3   -995   -995   -995   -995   -995    -995    -995    -995
 KIN2   133  1350     98    7.8    2.6    2.6   138    6.9    0.4    3.3    0.76   973.44     9    7.7    2.1    9.4    8.4    9.5   10.0   11.5    1.46    1.53    1.57
 KIN2   133  1355     98    7.8    2.3    2.2   135    8.2    0.4    3.1    0.76   973.40     7    7.8    1.9   -995   -995   -995   -995   -995    -995    -995    -995
 KIN2   133  1360     98    7.8    2.9    2.8   132    6.6    0.5    4.1    0.76   973.26     8    7.8    2.1   -995   -995   -995   -995   -995    -995    -995    -995
 KIN2   133  1365     98    7.7    3.0    3.0   129    8.5    0.4    3.9    0.76   973.03     6    7.7    2.4    9.5    8.4    9.5   10.0   11.5    -995    -995    -995
 KIN2   133  1370     98    7.7    3.1    3.0   130    7.0    0.3    3.8    0.76   972.77     5    7.7    2.6   -995   -995   -995   -995   -995    -995    -995    -995
 KIN2   133  1375     98    7.7    3.0    3.0   128    6.8    0.4    4.1    0.76   972.60     5    7.7    2.4   -995   -995   -995   -995   -995    -995    -995    -995
 KIN2   133  1380     98    7.7    3.2    3.1   136    9.1    0.6    5.0    0.76   972.60     3    7.7    2.5    9.5    8.4    9.5   10.0   11.5    1.46    1.52    1.58
 KIN2   133  1385     98    7.7    3.6    3.6   135    6.4    0.5    4.7    0.76   972.54     2    7.7    2.9   -995   -995   -995   -995   -995    -995    -995    -995
 KIN2   133  1390     98    7.7    3.4    3.4   136    6.9    0.6    4.7    0.76   972.59     2    7.8    2.6   -995   -995   -995   -995   -995    -995    -995    -995
 KIN2   133  1395     98    7.8    3.4    3.4   132    7.5    0.6    4.8    0.76   972.41     1    7.8    2.8    9.5    8.4    9.5   10.0   11.5    -995    -995    -995
 KIN2   133  1400     98    7.8    2.6    2.6   134    8.8    0.4    3.8    0.76   972.50     1    7.8    2.0   -995   -995   -995   -995   -995    -995    -995    -995
 KIN2   133  1405     98    7.8    2.3    2.3   134    9.0    0.5    3.6    0.76   972.55     0    7.8    1.8   -995   -995   -995   -995   -995    -995    -995    -995
 KIN2   133  1410     98    7.8    2.6    2.6   137    6.6    0.4    3.4    0.76   972.63     0    7.9    1.9    9.5    8.4    9.5   10.0   11.5    1.46    1.53    1.58
 KIN2   133  1415     98    7.9    2.4    2.4   130    7.2    0.5    3.5    0.76   972.56     0    7.9    1.8   -995   -995   -995   -995   -995    -995    -995    -995
 KIN2   133  1420     98    7.9    2.7    2.7   133    9.1    0.4    3.6    0.76   972.46     0    7.9    2.2   -995   -995   -995   -995   -995    -995    -995    -995
 KIN2   133  1425     98    7.9    3.0    3.0   135    6.1    0.4    3.9    0.76   972.29     0    8.0    2.4    9.5    8.4    9.5   10.0   11.5    -995    -995    -995
 KIN2   133  1430     98    8.0    2.6    2.5   143    6.2    0.3    3.4    0.76   972.35     0    8.0    2.0   -995   -995   -995   -995   -995    -995    -995    -995
 KIN2   133  1435     98    8.0    3.1    3.1   142    5.2    0.3    4.0    0.76   972.43     0    8.0    2.4   -995   -995   -995   -995   -995    -995    -995    -995
</pre>