<pre>  101 ! (c) 2019 Oklahoma Climatological Survey and the Oklahoma Mesonet - all rights reserved
  21 2019 06 11 00 00 00
 STID  STNM  TIME   RELH   TAIR   WSPD   WVEC  WDIR   WDSD   WSSD   WMAX    RAIN     PRES  SRAD   TA9M   WS2M   TS10   TB10   TS05   TS25   TS60    TR05    TR25    TR60
 KIN2   133     0     31   24.3    2.7    2.4    75   26.2    0.6    4.0    0.00   985.93   240   24.6    2.0   24.8   25.5   24.2   23.4   22.1    1.42    1.47    1.33
 KIN2   133     5     32   24.2    2.2    2.2    94    8.6    0.3    2.9    0.00   985.86   218   24.6    1.4   -995   -995   -995   -995   -995    -995    -995    -995
 KIN2   133    10     32   24.2    3.0    2.9    81   12.0    0.4    3.9    0.00   985.88   252   24.6    1.9   -995   -995   -995   -995   -995    -995    -995    -995
 KIN2   133    15     32   24.3    2.1    2.1    76   12.1    0.8    3.6    0.00   985.91   259   24.6    1.3   24.7   25.4   24.1   23.4   22.1    -995    -995    -995
 KIN2   133    20     32   24.2    2.5    2.5    64    6.3    0.5    3.6    0.00   985.90   236   24.6    1.6   -995   -995   -995   -995   -995    -995    -995    -995
 KIN2   133    25     32   24.0    2.2    2.2    57   10.5    0.3    3.2    0.00   985.92   186   24.5    1.6   -995   -995   -995   -995   -995    -995    -995    -995
 KIN2   133    30     33   23.7    2.1    2.1    61   11.7    0.3    2.8    0.00   985.87   121   24.4    1.4   24.7   25.2   24.0   23.4   22.1    1.42    1.46    1.33
 KIN2   133    35     36   23.4    1.6    1.5    69   11.9    0.3    2.4    0.00   985.89    94   24.2    0.7   -995   -995   -995   -995   -995    -995    -995    -995
 KIN2   133    40     36   23.3    1.8    1.8    91    7.2    0.3    2.5    0.00   985.93    74   24.1    1.0   -995   -995   -995   -995   -995    -995    -995    -995
 KIN2   133    45     36   23.0    2.1    2.1    84    6.5    0.3    2.9    0.00   985.89    91   24.0    1.0   24.6   25.1   24.0   23.5   22.1    -995    -995    -995
 KIN2   133    50     37   23.1    2.0    2.0    90    9.7    0.3    2.7    0.00   985.82   124   24.0    0.9   -995   -995   -995   -995   -995    -995    -995    -995
 KIN2   133    55     38   23.0    1.9    1.9    91    5.4    0.2    2.5    0.00   985.81    95   23.9    0.8   -995   -995   -995   -995   -995    -995    -995    -995
 KIN2   133    60     39   22.7    2.1    2.0    91    5.4    0.2    2.6    0.00   985.82    77   23.9    0.9   24.6   24.9   23.9   23.5   22.2    1.43    1.47    1.34
 KIN2   133    65     40   22.4    2.0    1.9    91    8.2    0.2    2.5    0.00   985.79    52   23.7    0.7   -995   -995   -995   -995   -995    -995    -995    -995
 KIN2   133    70     42   22.2    1.6    1.6    92    5.8    0.2    2.2    0.00   985.79    42   23.5    0.1   -995   -995   -995   -995   -995    -995    -995    -995
 KIN2   133    75     44   21.9    1.8    1.8    91    5.7    0.2    2.3    0.00   985.82    35   23.4    0.2   24.5   24.7   23.8   23.6   22.2    -995    -995    -995
 KIN2   133    80     45   21.7    2.1    2.1    89    4.0    0.1    2.5    0.00   985.87    29   23.2    0.5   -995   -995   -995   -995   -995    -995    -995    -995
 KIN2   133    85     46   21.5    1.7    1.7    99    5.6    0.2    2.2    0.00   985.83    21   23.0    0.5   -995   -995   -995   -995   -995    -995    -995    -995
 KIN2   133    90     47   21.3    1.9    1.9   112    7.4    0.3    2.7    0.00   985.82    12   23.0    0.6   24.4   24.5   23.7   23.6   22.2    1.43    1.46    1.33
 KIN2   133    95     48   21.1    2.0    2.0   109    4.9    0.2    2.5    0.00   985.83     7   22.9    1.0   -995   -995   -995   -995   -995    -995    -995    -995
 KIN2   133   100     50   20.6    1.8    1.8   109    5.1    0.2    2.2    0.00   985.86     5   22.8    0.5   -995   -995   -995   -995   -995    -995    -995    -995
 KIN2   133   105     54   20.1    1.5    1.5   117    5.9    0.2    1.9    0.00   985.86     3   22.6    0.0   24.4   24.2   23.6   23.6   22.2    -995    -995    -995
 KIN2   133   110     58   19.8    1.6    1.6   118    7.0    0.2    2.1    0.00   985.84     2   22.4    0.0   -995   -995   -995   -995   -995    -995    -995    -995
 KIN2   133   115     57   19.7    1.7    1.7   116    4.8    0.2    2.3    0.00   985.83     1   22.3    0.0   -995   -995   -995   -995   -995    -995    -995    -995
 KIN2   133   120     60   19.5    1.6    1.6   122    5.1    0.1    2.0    0.00   985.85     1   22.1    0.0   24.3   24.0   23.5   23.6   22.2    1.42    1.46    1.33
 KIN2   133   125     67   19.0    1.7    1.7   126    3.6    0.1    2.0    0.00   985.83     0   21.9    0.0   -995   -995   -995   -995   -995    -995    -995    -995
 KIN2   133   130     68   18.7    2.0    2.0   126    3.3    0.1    2.3    0.00   985.75     0   21.8    0.0   -995   -995   -995   -995   -995    -995    -995    -995
 KIN2   133   135     68   18.5    2.2    2.2   125    3.9    0.2    2.8    0.00   985.70     0   21.6    0.5   24.2   23.7   23.3   23.6   22.2    -995    -995    -995
 KIN2   133   140     68   18.5    2.0    2.0   127    5.1    0.2    2.5    0.00   985.80     0   21.5    0.0   -995   -995   -995   -995   -995    -995    -995    -995
 KIN2   133   145     67   18.6    1.8    1.8   131    3.5    0.1    2.1    0.00   985.87     0   21.3    0.0   -995   -995   -995   -995   -995    -995    -995    -995
 KIN2   133   150     66   18.5    1.8    1.8   125    2.0    0.1    2.1    0.00   985.84     0   21.2    0.0   24.1   23.5   23.2   23.6   22.1    1.42    1.46    1.33
 KIN2   133   155     72   18.0    1.6    1.6   129    2.7    0.1    1.9    0.00   985.84     0   21.1    0.0   -995   -995   -995   -995   -995    -995    -995    -995
 KIN2   133   160     71   18.0    1.8    1.8   137    4.0    0.1    2.1    0.00   985.88     0   20.9    0.4   -995   -995   -995   -995   -995    -995    -995    -995
 KIN2   133   165     76   17.2    1.7    1.7   139    2.4    0.1    1.9    0.00   985.89     0   20.6    0.2   24.0   23.2   23.0   23.6   22.1    -995    -995    -995
 KIN2   133   170     80   17.0    1.7    1.7   135    3.6    0.2    2.1    0.00   985.84     0   20.4    0.0   -995   -995   -995   -995   -995    -995    -995    -995
 KIN2   133   175     79   17.0    2.0    2.0   139    1.9    0.2    2.4    0.00   985.79     0   20.3    0.1   -995   -995   -995   -995   -995    -995    -995    -995
 KIN2   133   180     80   17.0    2.1    2.1   135    3.2    0.1    2.4    0.00   985.87     0   20.2    0.0   23.8   23.0   22.9   23.6   22.1    1.42    1.46    1.33
 KIN2   133   185     80   17.0    2.0    2.0   131    2.3    0.1    2.2    0.00   985.98     0   20.2    0.0   -995   -995   -995   -995   -995    -995    -995    -995
 KIN2   133   190     77   17.3    1.5    1.5   124    5.1    0.2    1.9    0.00   986.02     0   20.1    0.0   -995   -995   -995   -995   -995    -995    -995    -995
 KIN2   133   195     73   17.2    0.8    0.7   102   19.8    0.3    1.3    0.00   986.04     0   19.6    0.0   23.7   22.7   22.7   23.5   22.0    -995    -995    -995
 KIN2   133   200     73   16.9    0.6    0.6    74    4.2    0.1    0.9    0.00   986.00     0   19.2    0.0   -995   -995   -995   -995   -995    -995    -995    -995
 KIN2   133   205     69   17.6    0.6    0.6    73    5.6    0.1    0.8    0.00   985.95     0   19.0    0.5   -995   -995   -995   -995   -995    -995    -995    -995
 KIN2   133   210     68   17.5    0.1    0.1    75    0.4    0.1    0.4    0.00   985.98     0   18.8    0.0   23.6   22.5   22.6   23.5   22.0    1.40    1.45    1.32
 KIN2   133   215     71   17.3    0.3    0.3   172    2.7    0.3    0.8    0.00   986.01     0   18.5    0.0   -995   -995   -995   -995   -995    -995    -995    -995
 KIN2   133   220     72   17.1    1.0    1.0   163    8.1    0.2    1.5    0.00   986.03     0   18.8    0.0   -995   -995   -995   -995   -995    -995    -995    -995
 KIN2   133   225     79   16.6    0.8    0.8   153    5.7    0.2    1.1    0.00   986.02     0   18.9    0.1   23.5   22.2   22.5   23.5   22.0    -995    -995    -995
 KIN2   133   230     84   15.9    0.9    0.9   176   10.8    0.1    1.0    0.00   986.03     0   18.6    0.7   -995   -995   -995   -995   -995    -995    -995    -995
 KIN2   133   235     82   16.1    0.8    0.8   187    6.7    0.1    1.0    0.00   986.03     0   18.0    0.0   -995   -995   -995   -995   -995    -995    -995    -995
 KIN2   133   240     81   16.0    0.8    0.8   199    6.5    0.1    0.9    0.00   986.05     0   17.7    0.1   23.4   22.0   22.4   23.5   22.0    1.41    1.46    1.33
 KIN2   133   245     80   16.0    0.6    0.6   200    5.7    0.1    0.8    0.00   986.08     0   17.6    0.0   -995   -995   -995   -995   -995    -995    -995    -995
 KIN2   133   250     82   16.0    0.6    0.6   210    5.0    0.0    0.7    0.00   986.09     0   17.6    0.0   -995   -995   -995   -995   -995    -995    -995    -995
 KIN2   133   255     82   16.0    0.5    0.5   198    4.2    0.1    0.7    0.00   986.09     0   17.7    0.0   23.3   21.8   22.2   23.4   22.0    -995    -995    -995
 KIN2   133   260     86   15.5    0.1    0.1   189    0.0    0.2    0.5    0.00   986.14     0   17.5    0.0   -995   -995   -995   -995   -995    -995    -995    -995
 KIN2   133   265     88   15.6    0.4    0.4   236    4.7    0.2    0.6    0.00   986.16     0   17.3    0.2   -995   -995   -995   -995   -995    -995    -995    -995
 KIN2   133   270     88   15.4    0.5    0.5   230    2.1    0.1    0.6    0.00   986.14     0   17.3    0.0   23.2   21.6   22.1   23.4   22.0    1.40    1.46    1.32
 KIN2   133   275     89   15.3    0.3    0.3   223    0.2    0.1    0.4    0.00   986.13     0   17.0    0.0   -995   -995   -995   -995   -995    -995    -995    -995
 KIN2   133   280     90   15.3    0.4    0.4   223    0.1    0.1    0.5    0.00   986.15     0   16.8    0.0   -995   -995   -995   -995   -995    -995    -995    -995
 KIN2   133   285     92   15.3    0.7    0.7   220    2.2    0.2    1.0    0.00   986.19     0   16.6    0.0   23.1   21.4   22.1   23.4   21.9    -995    -995    -995
 KIN2   133   290     92   15.4    1.1    1.1   213    4.1    0.1    1.3    0.00   986.15     0   16.8    0.1   -995   -995   -995   -995   -995    -995    -995    -995
 KIN2   133   295     91   15.2    1.0    1.0   215    7.1    0.1    1.3    0.00   986.10     0   16.9    0.1   -995   -995   -995   -995   -995    -995    -995    -995
 KIN2   133   300     92   15.1    0.9    0.9   225    5.5    0.1    1.2    0.00   986.02     0   16.4    0.0   23.0   21.3   22.0   23.4   21.9    1.40    1.46    1.32
 KIN2   133   305     93   15.1    0.8    0.8   221    3.6    0.1    1.0    0.00   985.90     0   16.2    0.0   -995   -995   -995   -995   -995    -995    -995    -995
 KIN2   133   310     94   15.1    0.9    0.9   210    3.8    0.0    0.9    0.00   985.81     0   16.4    0.0   -995   -995   -995   -995   -995    -995    -995    -995
 KIN2   133   315     94   15.3    0.7    0.7   219    5.3    0.1    0.9    0.00   985.88     0   16.5    0.0   23.0   21.1   21.9   23.4   21.9    -995    -995    -995
 KIN2   133   320     95   15.4    1.1    1.0   218    5.2    0.1    1.3    0.00   985.87     0   16.5    0.0   -995   -995   -995   -995   -995    -995    -995    -995
 KIN2   133   325     94   15.4    0.9    0.9   209    7.8    0.1    1.0    0.00   985.83     0   16.7    0.0   -995   -995   -995   -995   -995    -995    -995    -995
 KIN2   133   330     93   15.3    0.9    0.9   221    7.5    0.2    1.2    0.00   985.82     0   16.5    0.1   22.9   21.0   21.8   23.3   21.9    1.40    1.46    1.33
 KIN2   133   335     93   15.1    0.8    0.8   213    8.4    0.3    1.3    0.00   985.82     0   16.6    0.0   -995   -995   -995   -995   -995    -995    -995    -995
 KIN2   133   340     92   15.3    0.4    0.4   249   28.1    0.1    0.7    0.00   985.81     0   16.8    0.3   -995   -995   -995   -995   -995    -995    -995    -995
 KIN2   133   345     92   15.2    0.3    0.3   260   16.0    0.1    0.4    0.00   985.81     0   16.6    0.0   22.8   20.8   21.8   23.3   21.9    -995    -995    -995
 KIN2   133   350     92   15.2    0.0    0.0     0    0.0    0.0    0.0    0.00   985.83     0   16.4    0.0   -995   -995   -995   -995   -995    -995    -995    -995
 KIN2   133   355     92   15.1    0.0    0.0   256    7.0    0.1    0.3    0.00   985.91     0   16.1    0.0   -995   -995   -995   -995   -995    -995    -995    -995
 KIN2   133   360     93   15.2    0.0    0.0    10    0.0    0.1    0.2    0.00   985.96     0   15.9    0.0   22.7   20.7   21.7   23.3   21.9    1.41    1.47    1.32
 KIN2   133   365     94   15.3    0.0    0.0     0    0.0    0.0    0.0    0.00   985.94     0   15.9    0.0   -995   -995   -995   -995   -995    -995    -995    -995
 KIN2   133   370     94   15.2    0.3    0.3    42    2.4    0.2    0.7    0.00   985.91     0   16.0    0.0   -995   -995   -995   -995   -995    -995    -995    -995
 KIN2   133   375     95   15.2    0.2    0.2    44    0.0    0.2    0.5    0.00   985.90     0   16.1    0.0   22.7   20.6   21.7   23.3   21.9    -995    -995    -995
 KIN2   133   380     94   15.3    0.1    0.1    44    0.0    0.1    0.3    0.00   985.87     0   16.2    0.0   -995   -995   -995   -995   -995    -995    -995    -995
 KIN2   133   385     93   15.4    0.0    0.0     0    0.0    0.0    0.0    0.00   985.81     0   16.2    0.0   -995   -995   -995   -995   -995    -995    -995    -995
 KIN2   133   390     93   15.2    0.0    0.0   145    0.8    0.1    0.4    0.00   985.73     0   16.0    0.0   22.6   20.5   21.6   23.2   21.9    1.40    1.47    1.33
 KIN2   133   395     95   15.0    0.3    0.3   146    0.0    0.1    0.5    0.00   985.71     0   16.0    0.0   -995   -995   -995   -995   -995    -995    -995    -995
 KIN2   133   400     95   15.1    0.0    0.0   145    0.0    0.0    0.2    0.00   985.75     0   16.1    0.0   -995   -995   -995   -995   -995    -995    -995    -995
 KIN2   133   405     95   15.0    0.0    0.0     0    0.0    0.0    0.0    0.00   985.67     0   15.9    0.0   22.6   20.4   21.5   23.2   21.9    -995    -995    -995
 KIN2   133   410     95   14.8    0.3    0.3   171   18.7    0.2    0.6    0.00   985.62     0   15.9    0.0   -995   -995   -995   -995   -995    -995    -995    -995
 KIN2   133   415     95   14.9    0.8    0.8   202    4.6    0.2    1.0    0.00   985.65     0   16.3    0.3   -995   -995   -995   -995   -995    -995    -995    -995
 KIN2   133   420     95   14.9    1.0    1.0   201    3.1    0.1    1.4    0.00   985.60     0   16.5    0.0   22.5   20.2   21.5   23.2   21.9    1.40    1.46    1.33
 KIN2   133   425     94   14.7    1.0    1.0   188    7.1    0.1    1.4    0.00   985.41     0   16.5    0.0   -995   -995   -995   -995   -995    -995    -995    -995
 KIN2   133   430     95   14.5    1.1    1.1   187    8.6    0.1    1.4    0.00   985.38     0   16.5    0.0   -995   -995   -995   -995   -995    -995    -995    -995
 KIN2   133   435     96   14.6    1.2    1.2   214    7.1    0.1    1.6    0.00   985.43     0   16.4    0.1   22.4   20.1   21.4   23.2   21.9    -995    -995    -995
 KIN2   133   440     95   14.6    1.2    1.2   219    6.7    0.1    1.4    0.00   985.46     0   16.3    0.1   -995   -995   -995   -995   -995    -995    -995    -995
 KIN2   133   445     95   14.5    1.4    1.4   211    5.1    0.1    1.8    0.00   985.38     0   16.2    0.0   -995   -995   -995   -995   -995    -995    -995    -995
 KIN2   133   450     93   14.9    1.8    1.8   220    4.7    0.1    2.1    0.00   985.39     0   16.1    0.4   22.4   20.0   21.4   23.2   21.9    1.40    1.46    1.32
 KIN2   133   455     90   15.1    1.8    1.8   220    4.8    0.1    2.0    0.00   985.32     0   16.2    0.4   -995   -995   -995   -995   -995    -995    -995    -995
 KIN2   133   460     89   15.2    1.4    1.4   216    2.5    0.2    1.9    0.00   985.27     0   16.3    0.1   -995   -995   -995   -995   -995    -995    -995    -995
 KIN2   133   465     89   15.1    1.1    1.1   213    3.7    0.1    1.2    0.00   985.18     0   16.2    0.0   22.3   19.9   21.3   23.1   21.9    -995    -995    -995
 KIN2   133   470     91   14.9    0.9    0.9   226    5.0    0.1    1.1    0.00   985.15     0   15.9    0.0   -995   -995   -995   -995   -995    -995    -995    -995
 KIN2   133   475     92   14.8    0.8    0.8   229    8.6    0.1    1.0    0.00   985.10     0   15.9    0.0   -995   -995   -995   -995   -995    -995    -995    -995
 KIN2   133   480     93   14.8    1.0    1.0   241    2.5    0.1    1.2    0.00   985.15     0   16.1    0.0   22.3   19.8   21.3   23.1   21.9    1.40    1.47    1.33
 KIN2   133   485     94   14.6    0.8    0.8   231    2.3    0.1    1.1    0.00   985.18     0   16.2    0.0   -995   -995   -995   -995   -995    -995    -995    -995
 KIN2   133   490     95   14.6    0.8    0.8   223    5.6    0.2    1.0    0.00   985.08     0   15.9    0.0   -995   -995   -995   -995   -995    -995    -995    -995
 KIN2   133   495     96   14.6    0.9    0.9   231    9.8    0.1    1.1    0.00   984.97     0   15.9    0.0   22.2   19.7   21.2   23.1   21.9    -995    -995    -995
 KIN2   133   500     96   14.5    0.6    0.6   236    3.9    0.1    0.8    0.00   984.84     0   15.6    0.0   -995   -995   -995   -995   -995    -995    -995    -995
 KIN2   133   505     97   14.5    0.4    0.4   232    3.1    0.1    0.5    0.00   984.77     0   15.5    0.0   -995   -995   -995   -995   -995    -995    -995    -995
 KIN2   133   510     97   14.4    0.6    0.6   216    0.7    0.1    0.8    0.00   984.75     0   15.3    0.0   22.1   19.6   21.2   23.1   21.9    1.41    1.46    1.33
 KIN2   133   515     97   14.3    0.3    0.3   216    0.0    0.2    0.6    0.00   984.67     0   15.2    0.0   -995   -995   -995   -995   -995    -995    -995    -995
 KIN2   133   520     97   14.4    0.4    0.4   198    4.4    0.3    0.7    0.00   984.67     0   15.2    0.0   -995   -995   -995   -995   -995    -995    -995    -995
 KIN2   133   525     97   14.4    0.6    0.6   193    1.2    0.1    0.9    0.00   984.65     0   15.3    0.0   22.1   19.5   21.1   23.0   21.9    -995    -995    -995
 KIN2   133   530     97   14.4    0.7    0.7   206    5.8    0.1    0.8    0.00   984.63     0   15.4    0.0   -995   -995   -995   -995   -995    -995    -995    -995
 KIN2   133   535     97   14.7    0.4    0.4   202    2.9    0.1    0.6    0.00   984.56     0   15.4    0.0   -995   -995   -995   -995   -995    -995    -995    -995
 KIN2   133   540     97   14.6    0.3    0.3   199    0.3    0.0    0.4    0.00   984.53     0   15.3    0.0   22.0   19.4   21.1   23.0   21.9    1.40    1.46    1.33
 KIN2   133   545     97   14.6    0.6    0.6   199    0.4    0.1    0.8    0.00   984.53     0   15.4    0.0   -995   -995   -995   -995   -995    -995    -995    -995
 KIN2   133   550     97   14.7    0.8    0.8   208    4.2    0.0    0.9    0.00   984.50     0   15.4    0.0   -995   -995   -995   -995   -995    -995    -995    -995
 KIN2   133   555     96   14.5    0.8    0.8   212    1.0    0.0    0.9    0.00   984.48     0   15.3    0.0   22.0   19.3   21.0   23.0   21.9    -995    -995    -995
 KIN2   133   560     96   14.3    0.8    0.8   218    1.2    0.1    0.9    0.00   984.49     0   15.3    0.0   -995   -995   -995   -995   -995    -995    -995    -995
 KIN2   133   565     96   14.2    0.6    0.6   218    1.6    0.1    0.7    0.00   984.45     0   15.2    0.0   -995   -995   -995   -995   -995    -995    -995    -995
 KIN2   133   570     96   14.2    0.6    0.6   213    2.2    0.1    0.7    0.00   984.41     0   15.1    0.0   22.0   19.2   21.0   23.0   21.9    1.41    1.47    1.34
 KIN2   133   575     97   14.2    0.6    0.6   209    0.2    0.0    0.7    0.00   984.38     0   14.9    0.0   -995   -995   -995   -995   -995    -995    -995    -995
 KIN2   133   580     97   14.3    0.7    0.7   213    8.0    0.1    0.8    0.00   984.38     0   15.0    0.0   -995   -995   -995   -995   -995    -995    -995    -995
 KIN2   133   585     97   14.3    0.6    0.6   214    6.0    0.1    0.7    0.00   984.41     0   14.9    0.0   21.9   19.2   21.0   23.0   21.9    -995    -995    -995
 KIN2   133   590     97   14.2    0.4    0.4   211    0.6    0.0    0.5    0.00   984.45     0   14.9    0.0   -995   -995   -995   -995   -995    -995    -995    -995
 KIN2   133   595     97   14.2    0.6    0.6   210    0.1    0.1    0.7    0.00   984.41     0   15.0    0.0   -995   -995   -995   -995   -995    -995    -995    -995
 KIN2   133   600     98   14.4    0.6    0.6   196    7.3    0.1    0.7    0.00   984.33     0   15.0    0.0   21.9   19.1   20.9   22.9   21.9    1.40    1.47    1.33
 KIN2   133   605     98   14.3    0.6    0.6   172    5.9    0.1    0.7    0.00   984.26     0   14.9    0.0   -995   -995   -995   -995   -995    -995    -995    -995
 KIN2   133   610     98   14.4    0.9    0.9   156    2.7    0.1    1.1    0.00   984.19     0   15.1    0.0   -995   -995   -995   -995   -995    -995    -995    -995
 KIN2   133   615     98   14.2    1.0    0.9   142    5.2    0.1    1.1    0.00   984.18     0   15.3    0.0   21.8   19.0   20.9   22.9   21.9    -995    -995    -995
 KIN2   133   620     98   14.2    0.6    0.6   122    4.2    0.1    0.9    0.00   984.17     0   15.3    0.0   -995   -995   -995   -995   -995    -995    -995    -995
 KIN2   133   625     98   14.1    0.5    0.5   109    2.8    0.1    0.7    0.00   984.18     0   15.3    0.0   -995   -995   -995   -995   -995    -995    -995    -995
 KIN2   133   630     98   14.2    0.6    0.6   112    6.4    0.1    0.9    0.00   984.19     0   15.4    0.0   21.8   18.9   20.9   22.9   21.9    1.41    1.47    1.33
 KIN2   133   635     97   14.3    0.6    0.6   112    1.8    0.1    0.8    0.00   984.22     0   15.3    0.0   -995   -995   -995   -995   -995    -995    -995    -995
 KIN2   133   640     97   14.2    0.5    0.5   118    3.7    0.1    0.7    0.00   984.27     0   15.2    0.0   -995   -995   -995   -995   -995    -995    -995    -995
 KIN2   133   645     97   14.2    0.4    0.4   123    4.3    0.1    0.7    0.00   984.24     0   15.1    0.0   21.7   18.9   20.8   22.9   21.9    -995    -995    -995
 KIN2   133   650     97   14.2    0.9    0.9   116    5.2    0.2    1.4    0.00   984.21     0   15.1    0.0   -995   -995   -995   -995   -995    -995    -995    -995
 KIN2   133   655     97   14.1    0.7    0.7   104   17.2    0.3    1.4    0.00   984.27     0   15.1    0.0   -995   -995   -995   -995   -995    -995    -995    -995
 KIN2   133   660     96   14.1    0.6    0.6   116   16.6    0.2    1.3    0.00   984.26     0   15.0    0.0   21.7   18.8   20.8   22.8   21.9    1.40    1.47    1.33
 KIN2   133   665     96   14.4    1.0    1.0   149   10.2    0.2    1.3    0.00   984.25     1   15.1    0.0   -995   -995   -995   -995   -995    -995    -995    -995
 KIN2   133   670     96   14.5    1.3    1.3   153    6.6    0.3    1.8    0.00   984.27     1   15.1    0.0   -995   -995   -995   -995   -995    -995    -995    -995
 KIN2   133   675     95   14.5    1.5    1.5   143    6.8    0.2    1.9    0.00   984.23     1   15.3    0.0   21.6   18.7   20.8   22.8   21.9    -995    -995    -995
 KIN2   133   680     94   14.5    1.5    1.5   141    6.0    0.2    1.9    0.00   984.20     2   15.6    0.0   -995   -995   -995   -995   -995    -995    -995    -995
 KIN2   133   685     94   14.6    1.2    1.2   146    5.4    0.2    1.8    0.00   984.13     6   15.6    0.0   -995   -995   -995   -995   -995    -995    -995    -995
 KIN2   133   690     93   14.8    1.6    1.6   146    6.7    0.2    2.0    0.00   984.09    10   15.7    0.0   21.6   18.6   20.7   22.8   21.9    1.41    1.47    1.34
 KIN2   133   695     91   14.8    1.9    1.9   158    4.5    0.2    2.5    0.00   984.08    14   15.9    0.2   -995   -995   -995   -995   -995    -995    -995    -995
 KIN2   133   700     91   14.7    1.8    1.8   158    4.6    0.2    2.4    0.00   984.12    19   15.7    0.0   -995   -995   -995   -995   -995    -995    -995    -995
 KIN2   133   705     91   14.7    1.9    1.8   154    5.9    0.2    2.3    0.00   984.05    31   15.6    0.1   21.5   18.6   20.7   22.7   21.9    -995    -995    -995
 KIN2   133   710     90   14.9    1.9    1.9   155    7.6    0.3    2.5    0.00   984.10    45   15.8    0.2   -995   -995   -995   -995   -995    -995    -995    -995
 KIN2   133   715     89   15.0    1.5    1.5   166    6.8    0.2    1.9    0.00   984.13    47   15.7    0.1   -995   -995   -995   -995   -995    -995    -995    -995
 KIN2   133   720     91   15.0    1.6    1.6   166    5.5    0.3    2.1    0.00   984.04    69   15.6    0.1   21.5   18.5   20.6   22.7   21.9    1.41    1.46    1.32
 KIN2   133   725     92   15.2    1.4    1.4   168    9.6    0.4    2.4    0.00   984.06    89   15.8    0.1   -995   -995   -995   -995   -995    -995    -995    -995
 KIN2   133   730     91   15.5    1.0    1.0   172    8.8    0.3    1.5    0.00   984.10    96   15.9    0.0   -995   -995   -995   -995   -995    -995    -995    -995
 KIN2   133   735     90   15.8    0.8    0.8   163   12.5    0.2    1.3    0.00   984.17   119   16.1    0.0   21.4   18.4   20.6   22.6   21.8    -995    -995    -995
 KIN2   133   740     89   16.1    0.8    0.8   172   11.9    0.2    1.5    0.00   984.20   123   16.4    0.0   -995   -995   -995   -995   -995    -995    -995    -995
 KIN2   133   745     87   16.3    0.6    0.6   196   14.7    0.2    1.0    0.00   984.23   134   16.5    0.0   -995   -995   -995   -995   -995    -995    -995    -995
 KIN2   133   750     86   16.4    0.7    0.7   191   13.5    0.2    1.1    0.00   984.20    94   16.6    0.0   21.4   18.4   20.6   22.6   21.8    1.43    1.47    1.33
 KIN2   133   755     86   16.3    1.1    1.1   193   10.1    0.3    1.7    0.00   984.19    95   16.6    0.3   -995   -995   -995   -995   -995    -995    -995    -995
 KIN2   133   760     88   16.2    0.9    0.9   204    5.8    0.1    1.3    0.00   984.19    94   16.5    0.0   -995   -995   -995   -995   -995    -995    -995    -995
 KIN2   133   765     87   16.2    1.1    1.1   195    6.1    0.1    1.4    0.00   984.13    96   16.4    0.2   21.4   18.4   20.6   22.5   21.8    -995    -995    -995
 KIN2   133   770     88   16.2    1.4    1.4   192    4.0    0.1    1.6    0.00   984.15   114   16.5    0.4   -995   -995   -995   -995   -995    -995    -995    -995
 KIN2   133   775     88   16.4    1.4    1.4   184    3.8    0.2    1.8    0.00   984.05   131   16.6    0.7   -995   -995   -995   -995   -995    -995    -995    -995
 KIN2   133   780     87   16.6    1.1    1.1   184   14.0    0.2    1.9    0.00   984.00   139   16.8    0.4   21.4   18.5   20.7   22.5   21.8    1.43    1.47    1.33
 KIN2   133   785     86   16.8    1.1    1.0   182   12.6    0.5    2.4    0.00   984.00   171   17.0    0.4   -995   -995   -995   -995   -995    -995    -995    -995
 KIN2   133   790     85   17.1    1.1    1.1   189   15.4    0.3    2.0    0.00   984.07   184   17.2    0.4   -995   -995   -995   -995   -995    -995    -995    -995
 KIN2   133   795     87   17.3    1.2    1.1   197   10.2    0.3    2.0    0.00   984.04   178   17.4    0.5   21.3   18.5   20.7   22.5   21.8    -995    -995    -995
 KIN2   133   800     85   17.5    1.5    1.5   181    9.1    0.3    2.1    0.00   984.04   197   17.7    0.7   -995   -995   -995   -995   -995    -995    -995    -995
 KIN2   133   805     81   17.8    1.0    1.0   173   14.6    0.3    1.7    0.00   984.04   201   18.0    0.4   -995   -995   -995   -995   -995    -995    -995    -995
 KIN2   133   810     78   18.1    1.7    1.7   161   11.4    0.5    2.7    0.00   984.00   201   18.3    1.1   21.3   18.6   20.8   22.5   21.8    1.43    1.47    1.34
 KIN2   133   815     73   18.2    1.9    1.9   166   11.4    0.3    2.7    0.00   983.98   186   18.5    1.2   -995   -995   -995   -995   -995    -995    -995    -995
 KIN2   133   820     73   18.3    1.8    1.8   155    8.5    0.4    2.7    0.00   983.96   185   18.6    1.3   -995   -995   -995   -995   -995    -995    -995    -995
 KIN2   133   825     72   18.8    2.0    2.0   158   10.6    0.5    3.2    0.00   984.00   324   19.0    1.3   21.3   18.7   20.8   22.4   21.8    -995    -995    -995
 KIN2   133   830     69   19.5    2.4    2.3   157   10.6    0.5    3.4    0.00   983.97   422   19.6    1.8   -995   -995   -995   -995   -995    -995    -995    -995
 KIN2   133   835     64   20.2    3.0    2.9   156    9.2    0.6    4.1    0.00   984.00   497   20.2    2.1   -995   -995   -995   -995   -995    -995    -995    -995
 KIN2   133   840     57   20.6    3.8    3.7   168   11.3    0.7    5.8    0.00   984.04   521   20.7    2.8   21.2   18.7   20.8   22.4   21.7    1.42    1.47    1.32
 KIN2   133   845     54   21.1    3.8    3.7   176   12.2    0.8    5.6    0.00   984.03   515   21.1    2.9   -995   -995   -995   -995   -995    -995    -995    -995
 KIN2   133   850     53   21.2    3.9    3.8   171   13.0    0.8    6.0    0.00   984.01   520   21.1    2.9   -995   -995   -995   -995   -995    -995    -995    -995
 KIN2   133   855     51   21.2    4.8    4.7   167    8.3    0.6    6.2    0.00   984.00   553   20.9    3.6   21.1   18.8   20.8   22.3   21.6    -995    -995    -995
 KIN2   133   860     49   21.6    5.1    5.0   179    7.9    0.8    7.1    0.00   984.01   570   21.3    3.9   -995   -995   -995   -995   -995    -995    -995    -995
 KIN2   133   865     47   21.8    5.5    5.4   176   11.3    0.7    7.1    0.00   984.03   593   21.3    4.2   -995   -995   -995   -995   -995    -995    -995    -995
 KIN2   133   870     47   22.1    5.2    5.2   176    9.8    0.9    7.4    0.00   984.03   617   21.6    4.0   21.2   19.0   20.9   22.3   21.6    1.43    1.46    1.33
 KIN2   133   875     46   22.2    5.2    5.1   176   10.6    1.1    7.4    0.00   984.07   652   21.6    3.9   -995   -995   -995   -995   -995    -995    -995    -995
 KIN2   133   880     46   22.7    4.7    4.6   157   10.6    0.8    6.7    0.00   984.06   675   22.1    3.7   -995   -995   -995   -995   -995    -995    -995    -995
 KIN2   133   885     44   22.6    5.7    5.6   163   11.2    1.0    7.5    0.00   983.98   640   21.9    4.3   21.2   19.3   21.0   22.3   21.7    -995    -995    -995
 KIN2   133   890     44   22.5    5.5    5.4   171   10.4    0.9    7.8    0.00   983.87   492   21.9    4.2   -995   -995   -995   -995   -995    -995    -995    -995
 KIN2   133   895     43   22.1    6.2    6.2   178    9.7    1.0    8.0    0.00   983.85   391   21.7    4.6   -995   -995   -995   -995   -995    -995    -995    -995
 KIN2   133   900     44   22.4    5.6    5.6   178    8.0    1.1    7.9    0.00   983.72   521   22.0    4.2   21.3   19.6   21.1   22.3   21.7    1.43    1.47    1.33
 KIN2   133   905     42   23.0    5.9    5.8   164   12.0    0.9    7.7    0.00   983.59   634   22.4    4.6   -995   -995   -995   -995   -995    -995    -995    -995
 KIN2   133   910     42   23.2    6.1    6.0   162   10.1    0.9    8.3    0.00   983.54   707   22.4    4.6   -995   -995   -995   -995   -995    -995    -995    -995
 KIN2   133   915     41   23.4    5.9    5.7   156   13.4    1.2    8.5    0.00   983.51   706   22.7    4.6   21.4   19.9   21.3   22.4   21.8    -995    -995    -995
 KIN2   133   920     40   23.6    6.1    6.0   169   12.2    1.1    8.2    0.00   983.47   718   22.8    4.6   -995   -995   -995   -995   -995    -995    -995    -995
 KIN2   133   925     39   23.6    5.4    5.3   168   13.4    1.1    7.6    0.00   983.36   690   22.8    4.1   -995   -995   -995   -995   -995    -995    -995    -995
 KIN2   133   930     40   23.8    5.3    5.2   164   11.6    0.9    7.5    0.00   983.27   699   23.0    4.0   21.4   20.1   21.4   22.4   21.8    1.43    1.47    1.33
 KIN2   133   935     40   23.9    5.6    5.4   177   13.4    1.0    7.8    0.00   983.23   790   23.0    4.3   -995   -995   -995   -995   -995    -995    -995    -995
 KIN2   133   940     39   24.2    6.3    6.2   180   11.0    1.3    8.9    0.00   983.17   809   23.1    4.7   -995   -995   -995   -995   -995    -995    -995    -995
 KIN2   133   945     39   24.0    6.2    6.1   185   10.1    1.6    8.5    0.00   983.07   782   23.0    4.7   21.5   20.4   21.5   22.4   21.8    -995    -995    -995
 KIN2   133   950     39   24.1    5.8    5.6   172   11.9    1.1    8.0    0.00   983.00   722   23.1    4.3   -995   -995   -995   -995   -995    -995    -995    -995
 KIN2   133   955     40   24.1    6.1    6.0   167    9.8    1.1    8.8    0.00   982.93   689   23.3    4.5   -995   -995   -995   -995   -995    -995    -995    -995
 KIN2   133   960     39   24.2    5.4    5.2   176   15.9    0.9    7.8    0.00   982.87   680   23.3    4.0   21.5   20.6   21.7   22.4   21.8    1.43    1.47    1.33
 KIN2   133   965     38   24.5    5.9    5.8   195   10.2    1.2    8.6    0.00   982.80   581   23.7    4.7   -995   -995   -995   -995   -995    -995    -995    -995
 KIN2   133   970     38   24.1    6.9    6.7   188   12.5    1.0    9.3    0.00   982.73   515   23.3    5.0   -995   -995   -995   -995   -995    -995    -995    -995
 KIN2   133   975     39   24.1    5.7    5.6   195   10.1    1.3    8.4    0.00   982.71   613   23.4    4.3   21.7   21.0   21.9   22.4   21.8    -995    -995    -995
 KIN2   133   980     38   24.6    5.7    5.6   196   12.0    1.1    8.0    0.00   982.68   693   23.9    4.3   -995   -995   -995   -995   -995    -995    -995    -995
 KIN2   133   985     35   25.0    6.6    6.5   199    9.6    1.4    9.4    0.00   982.61   713   24.1    5.0   -995   -995   -995   -995   -995    -995    -995    -995
 KIN2   133   990     35   24.8    6.8    6.7   187    9.3    1.2    8.9    0.00   982.62   735   23.7    5.0   21.7   21.2   22.0   22.4   21.9    1.43    1.47    1.33
 KIN2   133   995     35   24.3    6.3    6.1   196   12.3    1.6    8.9    0.00   982.64   517   23.6    4.8   -995   -995   -995   -995   -995    -995    -995    -995
 KIN2   133  1000     36   24.4    5.8    5.7   188   11.3    1.0    9.2    0.00   982.57   610   23.7    4.3   -995   -995   -995   -995   -995    -995    -995    -995
 KIN2   133  1005     36   24.6    6.2    6.1   191   10.1    1.2    8.5    0.00   982.48   676   23.8    4.7   21.9   21.5   22.1   22.4   21.9    -995    -995    -995
 KIN2   133  1010     35   24.6    6.5    6.3   191   14.3    1.0    8.2    0.00   982.40   790   23.8    5.0   -995   -995   -995   -995   -995    -995    -995    -995
 KIN2   133  1015     35   25.1    6.0    5.6   191   21.9    1.2    9.1    0.00   982.32   949   24.1    4.8   -995   -995   -995   -995   -995    -995    -995    -995
 KIN2   133  1020     36   24.9    6.1    6.0   178   10.0    1.1    9.0    0.00   982.34   748   24.0    4.7   21.9   21.6   22.2   22.4   21.9    1.43    1.47    1.32
 KIN2   133  1025     36   25.1    5.6    5.4   180   14.9    1.0    7.7    0.00   982.31   911   24.3    4.5   -995   -995   -995   -995   -995    -995    -995    -995
 KIN2   133  1030     34   25.9    6.2    6.0   203   12.6    1.4    9.5    0.00   982.20  1006   24.6    4.7   -995   -995   -995   -995   -995    -995    -995    -995
 KIN2   133  1035     36   25.4    5.9    5.7   189   13.6    1.2    8.6    0.00   982.10   835   24.2    4.7   21.9   21.8   22.3   22.4   21.9    -995    -995    -995
 KIN2   133  1040     36   25.4    7.1    7.0   186    8.4    1.5   10.1    0.00   981.92   947   24.2    5.2   -995   -995   -995   -995   -995    -995    -995    -995
 KIN2   133  1045     36   25.4    7.0    6.9   177    8.5    1.2    9.5    0.00   981.82   957   24.2    5.3   -995   -995   -995   -995   -995    -995    -995    -995
 KIN2   133  1050     35   25.7    6.0    5.7   179   15.3    1.1    9.1    0.00   981.71   966   24.7    4.7   22.0   22.0   22.5   22.4   21.9    1.43    1.47    1.33
 KIN2   133  1055     35   25.9    6.4    6.2   179   10.8    1.2    9.3    0.00   981.54   965   24.9    4.8   -995   -995   -995   -995   -995    -995    -995    -995
 KIN2   133  1060     35   25.8    7.2    7.1   180    9.1    1.1    9.5    0.00   981.41   967   24.5    5.4   -995   -995   -995   -995   -995    -995    -995    -995
 KIN2   133  1065     35   25.8    7.2    7.1   186    9.1    1.2   10.8    0.00   981.32   970   24.7    5.5   22.1   22.3   22.7   22.4   21.9    -995    -995    -995
 KIN2   133  1070     35   25.8    7.6    7.5   187    9.2    1.5   11.4    0.00   981.20   974   24.5    5.7   -995   -995   -995   -995   -995    -995    -995    -995
 KIN2   133  1075     37   25.8    6.7    6.6   192   11.3    1.3    9.3    0.00   981.08   971   24.6    5.1   -995   -995   -995   -995   -995    -995    -995    -995
 KIN2   133  1080     36   26.3    6.9    6.7   193   13.1    1.4    9.9    0.00   981.01   976   25.1    5.1   22.3   22.6   22.9   22.5   21.9    1.43    1.47    1.33
 KIN2   133  1085     37   26.5    5.2    5.0   170   16.1    1.5    8.4    0.00   980.91   977   25.4    4.1   -995   -995   -995   -995   -995    -995    -995    -995
 KIN2   133  1090     38   26.2    6.3    6.2   166   12.2    1.4   10.0    0.00   980.81   977   25.1    4.8   -995   -995   -995   -995   -995    -995    -995    -995
 KIN2   133  1095     35   26.4    7.2    7.0   192   11.6    1.4    9.8    0.00   980.73   984   25.1    5.4   22.4   22.9   23.1   22.5   21.9    -995    -995    -995
 KIN2   133  1100     33   26.5    6.9    6.8   187   10.5    1.3    9.2    0.00   980.65   987   25.3    5.2   -995   -995   -995   -995   -995    -995    -995    -995
 KIN2   133  1105     34   26.5    6.2    6.1   193   10.0    1.1    8.2    0.00   980.53   987   25.2    4.8   -995   -995   -995   -995   -995    -995    -995    -995
 KIN2   133  1110     36   26.2    6.3    6.2   175   13.3    1.1    9.1    0.00   980.41   986   25.1    4.8   22.5   23.1   23.3   22.5   21.9    1.43    1.46    1.33
 KIN2   133  1115     34   26.9    6.4    6.2   195   14.2    0.9    8.5    0.00   980.29   992   25.7    4.9   -995   -995   -995   -995   -995    -995    -995    -995
 KIN2   133  1120     33   27.0    6.3    6.1   196   13.9    1.1    8.8    0.00   980.23   989   25.9    4.7   -995   -995   -995   -995   -995    -995    -995    -995
 KIN2   133  1125     33   27.0    6.5    6.3   188   13.6    1.1    9.0    0.00   980.18   989   25.8    5.2   22.7   23.4   23.5   22.5   21.9    -995    -995    -995
 KIN2   133  1130     36   26.6    5.7    5.4   176   18.7    1.4    9.0    0.00   980.07   983   25.5    4.2   -995   -995   -995   -995   -995    -995    -995    -995
 KIN2   133  1135     34   27.0    7.3    7.1   190   11.3    1.2   10.0    0.00   979.92   984   25.9    5.5   -995   -995   -995   -995   -995    -995    -995    -995
 KIN2   133  1140     35   27.1    7.0    6.5   186   20.6    1.2   10.0    0.00   979.80   979   25.9    5.1   22.9   23.7   23.7   22.5   21.9    1.43    1.47    1.33
 KIN2   133  1145     35   27.1    6.9    6.8   175   11.3    1.2   10.0    0.00   979.74   982   26.0    5.4   -995   -995   -995   -995   -995    -995    -995    -995
 KIN2   133  1150     36   26.8    5.8    5.4   177   20.4    1.5    9.3    0.00   979.68   978   25.9    4.5   -995   -995   -995   -995   -995    -995    -995    -995
 KIN2   133  1155     33   27.2    6.2    6.1   201    8.5    1.4   10.3    0.00   979.63   983   26.2    4.8   23.1   24.0   23.8   22.5   21.9    -995    -995    -995
 KIN2   133  1160     32   27.5    5.8    5.6   205   14.6    1.3    8.8    0.00   979.61   986   26.2    4.2   -995   -995   -995   -995   -995    -995    -995    -995
 KIN2   133  1165     33   27.3    5.9    5.8   187   10.1    1.6    9.0    0.00   979.55   998   26.1    4.3   -995   -995   -995   -995   -995    -995    -995    -995
 KIN2   133  1170     33   27.1    6.3    6.3   185    9.0    1.0    8.7    0.00   979.41   987   25.9    5.0   23.2   24.2   24.0   22.5   21.9    1.43    1.47    1.33
 KIN2   133  1175     34   27.5    5.8    5.5   180   16.3    1.4    8.8    0.00   979.30   898   26.5    4.4   -995   -995   -995   -995   -995    -995    -995    -995
 KIN2   133  1180     33   27.8    6.5    6.0   188   21.2    1.5   10.0    0.00   979.20   986   26.6    4.9   -995   -995   -995   -995   -995    -995    -995    -995
 KIN2   133  1185     33   27.2    7.3    7.2   171    9.1    1.9   11.8    0.00   979.11   959   26.3    5.8   23.3   24.4   24.1   22.5   21.8    -995    -995    -995
 KIN2   133  1190     33   27.2    6.0    5.8   183   13.3    1.4    9.4    0.00   979.01   951   26.3    4.8   -995   -995   -995   -995   -995    -995    -995    -995
 KIN2   133  1195     32   27.5    7.0    6.9   175    8.8    1.2    9.1    0.00   978.86   951   26.5    5.3   -995   -995   -995   -995   -995    -995    -995    -995
 KIN2   133  1200     33   28.0    5.8    5.7   190   13.1    1.4    9.8    0.00   978.78   953   27.0    4.5   23.4   24.7   24.2   22.5   21.8    1.42    1.47    1.32
 KIN2   133  1205     34   27.8    5.4    5.2   178   14.8    0.9    7.3    0.00   978.66   967   26.9    4.3   -995   -995   -995   -995   -995    -995    -995    -995
 KIN2   133  1210     34   27.6    6.6    6.4   170   15.1    1.4   11.3    0.00   978.53   932   26.6    5.1   -995   -995   -995   -995   -995    -995    -995    -995
 KIN2   133  1215     34   27.7    6.9    6.8   177   10.5    1.4    9.8    0.00   978.41   815   26.8    5.3   23.5   24.9   24.3   22.5   21.8    -995    -995    -995
 KIN2   133  1220     34   27.3    6.6    6.4   185   11.3    1.5    9.4    0.00   978.34   759   26.4    4.9   -995   -995   -995   -995   -995    -995    -995    -995
 KIN2   133  1225     34   27.6    7.0    6.9   172   11.9    1.3   10.3    0.00   978.29   967   26.7    5.5   -995   -995   -995   -995   -995    -995    -995    -995
 KIN2   133  1230     34   27.7    7.1    6.9   168   11.8    1.1    9.7    0.00   978.21   963   26.7    5.4   23.7   25.2   24.3   22.6   21.8    1.43    1.47    1.33
 KIN2   133  1235     35   27.7    6.8    6.7   179    9.3    1.4   10.2    0.00   978.16   881   26.8    5.2   -995   -995   -995   -995   -995    -995    -995    -995
 KIN2   133  1240     33   27.8    7.9    7.8   182    8.0    1.6   11.7    0.00   978.08   587   26.8    5.8   -995   -995   -995   -995   -995    -995    -995    -995
 KIN2   133  1245     35   27.1    6.8    6.7   192    8.2    0.9    8.9    0.00   977.99   640   26.5    5.1   23.8   25.5   24.3   22.6   21.8    -995    -995    -995
 KIN2   133  1250     34   27.9    7.4    7.3   198   10.6    1.0    9.6    0.00   977.91   734   27.1    5.9   -995   -995   -995   -995   -995    -995    -995    -995
 KIN2   133  1255     34   27.7    6.9    6.7   191   13.4    1.2    9.7    0.00   977.88   813   26.9    5.3   -995   -995   -995   -995   -995    -995    -995    -995
 KIN2   133  1260     34   27.7    6.8    6.6   178   12.6    1.4    9.7    0.00   977.89   696   27.0    5.1   23.9   25.7   24.3   22.6   21.9    1.43    1.47    1.33
 KIN2   133  1265     33   27.9    6.7    6.6   183   10.8    1.1    9.7    0.00   977.79   872   26.9    5.1   -995   -995   -995   -995   -995    -995    -995    -995
 KIN2   133  1270     33   27.9    6.5    6.3   189   13.7    1.5    9.9    0.00   977.65   634   27.0    5.0   -995   -995   -995   -995   -995    -995    -995    -995
 KIN2   133  1275     33   28.1    8.1    7.9   189   10.5    1.3   10.7    0.00   977.52   881   27.1    6.2   24.0   25.9   24.3   22.7   21.8    -995    -995    -995
 KIN2   133  1280     34   28.2    6.9    6.7   176   11.5    1.7   11.2    0.00   977.40   843   27.3    5.1   -995   -995   -995   -995   -995    -995    -995    -995
 KIN2   133  1285     32   28.4    6.6    6.5   190    9.9    1.6    9.7    0.00   977.33   769   27.5    5.2   -995   -995   -995   -995   -995    -995    -995    -995
 KIN2   133  1290     34   28.0    6.9    6.8   184    9.1    1.0    9.1    0.00   977.35   747   26.8    5.2   24.0   26.0   24.3   22.7   21.8    1.42    1.47    1.32
 KIN2   133  1295     34   28.2    7.1    7.0   193    8.1    1.1    9.7    0.00   977.31   734   27.3    5.3   -995   -995   -995   -995   -995    -995    -995    -995
 KIN2   133  1300     34   28.2    6.9    6.8   192   11.7    1.2    9.5    0.00   977.32   723   27.4    5.3   -995   -995   -995   -995   -995    -995    -995    -995
 KIN2   133  1305     33   28.1    7.5    7.4   189   11.2    1.3   10.4    0.00   977.29   701   27.2    5.6   24.1   26.2   24.3   22.7   21.8    -995    -995    -995
 KIN2   133  1310     34   27.9    7.2    7.2   180    7.8    1.4    9.8    0.00   977.24   649   27.0    5.3   -995   -995   -995   -995   -995    -995    -995    -995
 KIN2   133  1315     35   28.0    7.7    7.6   183    8.2    1.6   11.3    0.00   977.23   674   27.1    5.6   -995   -995   -995   -995   -995    -995    -995    -995
 KIN2   133  1320     36   28.0    6.6    6.4   182   12.5    1.0    9.2    0.00   977.18   664   27.2    4.8   24.1   26.4   24.3   22.8   21.9    1.43    1.48    1.33
 KIN2   133  1325     35   28.3    6.6    6.5   188   12.1    1.2    8.9    0.00   977.17   653   27.6    5.2   -995   -995   -995   -995   -995    -995    -995    -995
 KIN2   133  1330     35   27.9    6.4    6.3   177    9.6    1.4    9.0    0.00   977.10   633   27.2    4.9   -995   -995   -995   -995   -995    -995    -995    -995
 KIN2   133  1335     35   28.1    6.5    6.3   185   15.7    1.2    9.5    0.00   977.03   613   27.5    4.8   24.2   26.6   24.2   22.8   21.9    -995    -995    -995
 KIN2   133  1340     35   28.4    6.3    6.1   196   14.9    1.2    8.7    0.00   977.04   601   27.7    4.8   -995   -995   -995   -995   -995    -995    -995    -995
 KIN2   133  1345     34   28.3    6.3    6.2   200   10.2    1.5   10.8    0.00   977.04   589   27.7    4.8   -995   -995   -995   -995   -995    -995    -995    -995
 KIN2   133  1350     33   28.4    6.1    6.0   183   11.6    1.4    9.1    0.00   977.04   573   27.8    4.8   24.2   26.7   24.2   22.8   21.9    1.42    1.47    1.33
 KIN2   133  1355     34   28.1    5.7    5.6   182   11.8    1.5    9.1    0.00   977.06   556   27.5    4.4   -995   -995   -995   -995   -995    -995    -995    -995
 KIN2   133  1360     33   28.2    7.3    7.2   193   10.9    1.2    9.9    0.00   977.04   541   27.5    5.6   -995   -995   -995   -995   -995    -995    -995    -995
 KIN2   133  1365     34   28.1    6.3    6.2   199   10.8    1.2    9.3    0.00   977.01   524   27.5    4.8   24.2   26.9   24.1   22.9   21.9    -995    -995    -995
 KIN2   133  1370     34   28.0    5.8    5.7   205   10.4    1.4    8.7    0.00   976.96   506   27.5    4.4   -995   -995   -995   -995   -995    -995    -995    -995
 KIN2   133  1375     34   28.1    5.5    5.4   185   10.9    0.9    8.6    0.00   976.99   489   27.7    4.4   -995   -995   -995   -995   -995    -995    -995    -995
 KIN2   133  1380     35   27.9    5.8    5.6   182   13.2    1.5    9.6    0.00   976.91   476   27.5    4.3   24.2   26.9   24.0   22.9   21.9    1.43    1.47    1.32
 KIN2   133  1385     34   28.1    6.0    5.9   198   10.1    1.0    7.9    0.00   976.87   458   27.7    4.7   -995   -995   -995   -995   -995    -995    -995    -995
 KIN2   133  1390     35   28.0    6.1    6.0   213    9.2    1.1    9.4    0.00   976.81   438   27.6    4.5   -995   -995   -995   -995   -995    -995    -995    -995
 KIN2   133  1395     35   28.0    4.9    4.8   204   10.1    0.9    7.0    0.00   976.79   426   27.8    3.8   24.2   27.0   23.9   23.0   21.9    -995    -995    -995
 KIN2   133  1400     35   28.0    6.1    6.0   193   10.1    1.0    8.4    0.00   976.75   408   27.6    4.7   -995   -995   -995   -995   -995    -995    -995    -995
 KIN2   133  1405     35   27.7    6.6    6.5   196   10.1    0.9    8.5    0.00   976.67   392   27.4    4.9   -995   -995   -995   -995   -995    -995    -995    -995
 KIN2   133  1410     35   27.9    5.5    5.4   193    9.4    1.0    7.5    0.00   976.64   376   27.7    4.2   24.2   27.0   23.9   23.0   21.9    1.42    1.47    1.32
 KIN2   133  1415     35   27.7    5.4    5.3   197   10.2    1.0    7.9    0.00   976.64   345   27.5    4.3   -995   -995   -995   -995   -995    -995    -995    -995
 KIN2   133  1420     36   27.5    6.2    6.1   188    9.4    1.2    8.4    0.00   976.59   346   27.3    4.5   -995   -995   -995   -995   -995    -995    -995    -995
 KIN2   133  1425     36   27.3    5.2    5.2   180    7.8    1.0    7.6    0.00   976.50   329   27.2    3.7   24.2   27.0   23.8   23.0   21.9    -995    -995    -995
 KIN2   133  1430     36   27.5    5.2    5.1   191   10.2    1.3    8.1    0.00   976.47   310   27.4    3.8   -995   -995   -995   -995   -995    -995    -995    -995
 KIN2   133  1435     37   27.3    6.0    5.9   180   10.9    0.9    7.9    0.00   976.40   292   27.2    4.6   -995   -995   -995   -995   -995    -995    -995    -995
</pre>