<pre>  101 ! (c) 2019 Oklahoma Climatological Survey and the Oklahoma Mesonet - all rights reserved
  21 2019 02 22 00 00 00
 STID  STNM  TIME   RELH   TAIR   WSPD   WVEC  WDIR   WDSD   WSSD   WMAX    RAIN     PRES  SRAD   TA9M   WS2M   TS10   TB10   TS05   TS25   TS60    TR05    TR25    TR60
 KIN2   133     0     47   10.5    4.3    4.2   140    7.6    0.6    5.5    0.00   976.27    43   10.9    3.5    6.7    8.7    7.0    6.1    7.0    1.47    1.57    1.61
 KIN2   133     5     48   10.3    3.6    3.6   135    8.9    0.6    5.3    0.00   976.28    29   10.9    2.7   -995   -995   -995   -995   -995    -995    -995    -995
 KIN2   133    10     48   10.3    3.7    3.7   139    6.8    0.5    4.8    0.00   976.43    22   10.8    3.0   -995   -995   -995   -995   -995    -995    -995    -995
 KIN2   133    15     48   10.3    4.6    4.5   138    6.5    0.9    6.8    0.00   976.49    13   10.8    3.7    6.7    8.6    7.0    6.2    7.0    -995    -995    -995
 KIN2   133    20     49   10.3    4.9    4.9   141    7.1    0.5    6.2    0.00   976.55     9   10.7    4.0   -995   -995   -995   -995   -995    -995    -995    -995
 KIN2   133    25     50   10.1    4.8    4.8   141    6.7    0.8    6.8    0.00   976.63     6   10.6    3.9   -995   -995   -995   -995   -995    -995    -995    -995
 KIN2   133    30     50   10.1    4.5    4.5   138    8.6    0.8    6.5    0.00   976.68     3   10.5    3.7    6.7    8.5    6.9    6.2    6.9    1.47    1.57    1.62
 KIN2   133    35     49   10.1    4.2    4.2   135    8.2    0.7    5.8    0.00   976.76     1   10.5    3.5   -995   -995   -995   -995   -995    -995    -995    -995
 KIN2   133    40     51    9.9    3.7    3.6   135    7.4    0.6    5.4    0.00   976.86     0   10.3    2.8   -995   -995   -995   -995   -995    -995    -995    -995
 KIN2   133    45     51    9.6    3.6    3.5   132    8.8    0.7    5.2    0.00   976.87     0   10.1    2.6    6.6    8.4    6.8    6.2    6.9    -995    -995    -995
 KIN2   133    50     53    9.2    3.6    3.6   132    7.3    0.6    5.1    0.00   976.90     0   10.0    2.7   -995   -995   -995   -995   -995    -995    -995    -995
 KIN2   133    55     54    9.2    3.7    3.6   128    6.5    0.7    6.0    0.00   976.95     0    9.9    2.9   -995   -995   -995   -995   -995    -995    -995    -995
 KIN2   133    60     54    9.1    3.5    3.4   125    7.7    0.5    4.9    0.00   977.01     0    9.7    2.7    6.6    8.3    6.8    6.2    6.9    1.47    1.56    1.62
 KIN2   133    65     54    8.9    3.4    3.4   123    7.2    0.5    4.6    0.00   976.98     0    9.6    2.8   -995   -995   -995   -995   -995    -995    -995    -995
 KIN2   133    70     56    8.6    3.5    3.5   123    7.4    0.5    4.5    0.00   976.99     0    9.4    2.7   -995   -995   -995   -995   -995    -995    -995    -995
 KIN2   133    75     58    8.2    2.9    2.9   120    8.0    0.3    3.6    0.00   976.96     0    9.1    2.1    6.6    8.2    6.7    6.2    7.0    -995    -995    -995
 KIN2   133    80     60    7.8    3.1    3.0   121    7.8    0.3    3.9    0.00   977.04     0    8.7    2.2   -995   -995   -995   -995   -995    -995    -995    -995
 KIN2   133    85     61    7.7    3.2    3.1   125    8.0    0.4    4.0    0.00   977.02     0    8.5    2.4   -995   -995   -995   -995   -995    -995    -995    -995
 KIN2   133    90     61    7.9    3.8    3.8   126    7.1    0.6    5.1    0.00   976.94     0    8.6    3.0    6.6    8.1    6.7    6.3    7.0    1.47    1.56    1.61
 KIN2   133    95     61    7.8    3.7    3.7   135    7.8    0.5    4.7    0.00   977.07     0    8.5    2.9   -995   -995   -995   -995   -995    -995    -995    -995
 KIN2   133   100     61    7.6    3.2    3.2   138    7.6    0.4    4.1    0.00   977.13     0    8.4    2.4   -995   -995   -995   -995   -995    -995    -995    -995
 KIN2   133   105     63    7.4    3.4    3.4   138    8.2    0.4    4.6    0.00   977.17     0    8.4    2.4    6.6    7.9    6.6    6.3    6.9    -995    -995    -995
 KIN2   133   110     62    7.6    3.7    3.6   140    6.9    0.6    4.8    0.00   977.30     0    8.4    2.7   -995   -995   -995   -995   -995    -995    -995    -995
 KIN2   133   115     63    7.5    3.6    3.6   140    6.6    0.4    5.1    0.00   977.19     0    8.5    2.6   -995   -995   -995   -995   -995    -995    -995    -995
 KIN2   133   120     63    7.6    3.8    3.7   142    6.4    0.4    4.7    0.00   977.17     0    8.5    2.8    6.5    7.8    6.5    6.3    6.9    1.47    1.57    1.61
 KIN2   133   125     63    7.3    3.6    3.6   141    5.5    0.4    4.5    0.00   977.20     0    8.4    2.6   -995   -995   -995   -995   -995    -995    -995    -995
 KIN2   133   130     64    7.2    3.6    3.6   142    5.9    0.4    4.4    0.00   977.30     0    8.3    2.6   -995   -995   -995   -995   -995    -995    -995    -995
 KIN2   133   135     64    7.3    3.5    3.5   148    6.1    0.3    4.5    0.00   977.37     0    8.2    2.5    6.5    7.6    6.4    6.2    6.9    -995    -995    -995
 KIN2   133   140     66    6.9    3.2    3.2   156    6.3    0.4    4.0    0.00   977.53     0    8.0    2.2   -995   -995   -995   -995   -995    -995    -995    -995
 KIN2   133   145     68    6.1    3.4    3.4   159    4.0    0.3    4.1    0.00   977.61     0    7.6    2.1   -995   -995   -995   -995   -995    -995    -995    -995
 KIN2   133   150     71    5.6    3.5    3.5   156    3.9    0.2    4.1    0.00   977.66     0    7.4    2.0    6.4    7.5    6.3    6.2    6.9    1.47    1.57    1.62
 KIN2   133   155     73    5.6    3.3    3.3   156    4.2    0.2    3.9    0.00   977.71     0    7.1    2.0   -995   -995   -995   -995   -995    -995    -995    -995
 KIN2   133   160     73    5.6    3.5    3.5   153    5.1    0.3    4.3    0.00   977.74     0    6.9    2.1   -995   -995   -995   -995   -995    -995    -995    -995
 KIN2   133   165     72    5.9    3.6    3.5   150    4.3    0.4    4.2    0.00   977.83     0    6.9    2.3    6.4    7.3    6.3    6.3    6.9    -995    -995    -995
 KIN2   133   170     71    5.8    2.7    2.7   150    5.4    0.3    3.4    0.00   977.98     0    6.8    1.8   -995   -995   -995   -995   -995    -995    -995    -995
 KIN2   133   175     72    5.6    2.7    2.7   155    4.7    0.2    3.2    0.00   978.08     0    6.7    1.7   -995   -995   -995   -995   -995    -995    -995    -995
 KIN2   133   180     73    5.5    3.0    3.0   150    3.0    0.2    3.4    0.00   978.17     0    6.6    2.0    6.4    7.2    6.2    6.3    6.9    1.47    1.56    1.61
 KIN2   133   185     74    5.2    2.2    2.2   145    5.1    0.3    2.9    0.00   978.32     0    6.5    1.1   -995   -995   -995   -995   -995    -995    -995    -995
 KIN2   133   190     74    5.3    1.6    1.6   150    5.5    0.2    2.2    0.00   978.49     0    6.3    0.1   -995   -995   -995   -995   -995    -995    -995    -995
 KIN2   133   195     73    5.4    1.7    1.6   154    8.8    0.2    2.2    0.00   978.64     0    6.2    0.6    6.3    7.1    6.1    6.3    6.9    -995    -995    -995
 KIN2   133   200     74    5.0    1.9    1.9   149    5.4    0.1    2.3    0.00   978.72     0    6.2    0.8   -995   -995   -995   -995   -995    -995    -995    -995
 KIN2   133   205     76    4.1    1.8    1.8   134    5.4    0.1    2.0    0.00   978.79     0    6.1    0.7   -995   -995   -995   -995   -995    -995    -995    -995
 KIN2   133   210     78    4.6    1.3    1.3   106    7.4    0.1    1.7    0.00   978.88     0    6.1    0.2    6.3    6.9    6.0    6.3    6.9    1.46    1.56    1.62
 KIN2   133   215     76    4.9    1.1    1.1   102    6.4    0.2    1.5    0.00   978.98     0    6.2    0.0   -995   -995   -995   -995   -995    -995    -995    -995
 KIN2   133   220     77    3.9    1.5    1.4   128   10.0    0.1    1.8    0.00   979.11     0    6.1    0.0   -995   -995   -995   -995   -995    -995    -995    -995
 KIN2   133   225     80    4.1    1.4    1.4   147    4.0    0.1    1.8    0.00   979.26     0    5.9    0.1    6.2    6.8    6.0    6.3    6.9    -995    -995    -995
 KIN2   133   230     78    4.8    1.2    1.2   146    5.4    0.1    1.5    0.00   979.34     0    5.8    0.0   -995   -995   -995   -995   -995    -995    -995    -995
 KIN2   133   235     77    3.7    1.0    1.0   138    2.7    0.1    1.3    0.00   979.46     0    5.7    0.0   -995   -995   -995   -995   -995    -995    -995    -995
 KIN2   133   240     79    3.2    1.1    1.1   141    3.8    0.1    1.4    0.00   979.49     0    5.6    0.0    6.2    6.7    5.9    6.3    6.9    1.47    1.57    1.61
 KIN2   133   245     81    3.3    1.2    1.2   137    3.0    0.2    1.6    0.00   979.50     0    5.5    0.0   -995   -995   -995   -995   -995    -995    -995    -995
 KIN2   133   250     80    2.1    1.4    1.4   132    4.5    0.1    1.6    0.00   979.56     0    5.5    0.0   -995   -995   -995   -995   -995    -995    -995    -995
 KIN2   133   255     84    2.6    1.2    1.2   118    4.0    0.1    1.4    0.00   979.60     0    5.5    0.0    6.1    6.5    5.8    6.3    6.9    -995    -995    -995
 KIN2   133   260     85    2.6    1.1    1.1   118    5.6    0.1    1.5    0.00   979.68     0    5.4    0.0   -995   -995   -995   -995   -995    -995    -995    -995
 KIN2   133   265     86    2.9    1.5    1.5   137    3.9    0.2    1.9    0.00   979.71     0    5.2    0.0   -995   -995   -995   -995   -995    -995    -995    -995
 KIN2   133   270     84    1.8    1.9    1.9   136    3.0    0.1    2.1    0.00   979.68     0    5.1    0.0    6.1    6.4    5.7    6.3    6.9    1.46    1.56    1.62
 KIN2   133   275     86    1.4    2.1    1.9   104   25.0    0.4    3.2    0.00   979.68     0    5.0    0.3   -995   -995   -995   -995   -995    -995    -995    -995
 KIN2   133   280     88    2.3    2.3    2.2    94   10.9    0.3    3.0    0.00   979.73     0    4.7    0.9   -995   -995   -995   -995   -995    -995    -995    -995
 KIN2   133   285     85    3.4    2.1    2.1   104    5.6    0.3    2.7    0.00   979.79     0    4.8    1.1    6.0    6.2    5.6    6.3    6.9    -995    -995    -995
 KIN2   133   290     82    3.7    2.3    2.3   105    5.4    0.3    2.9    0.00   979.77     0    4.9    1.3   -995   -995   -995   -995   -995    -995    -995    -995
 KIN2   133   295     80    3.7    2.5    2.5   114    6.1    0.2    3.0    0.00   979.77     0    5.0    1.4   -995   -995   -995   -995   -995    -995    -995    -995
 KIN2   133   300     80    3.7    2.3    2.3   115    5.5    0.3    3.0    0.00   979.76     0    5.1    1.1    5.9    6.1    5.5    6.3    6.9    1.47    1.56    1.61
 KIN2   133   305     80    3.8    1.9    1.9   111    6.1    0.2    2.4    0.00   979.72     0    5.0    0.7   -995   -995   -995   -995   -995    -995    -995    -995
 KIN2   133   310     80    3.8    1.7    1.7   103    8.6    0.2    2.5    0.00   979.65     0    4.8    0.7   -995   -995   -995   -995   -995    -995    -995    -995
 KIN2   133   315     80    3.6    1.7    1.7    85    7.6    0.2    2.4    0.00   979.59     0    4.6    0.7    5.9    5.9    5.4    6.2    6.8    -995    -995    -995
 KIN2   133   320     81    3.5    2.2    2.2    83    5.2    0.2    2.6    0.00   979.59     0    4.5    1.1   -995   -995   -995   -995   -995    -995    -995    -995
 KIN2   133   325     81    3.2    2.0    2.0    90    7.7    0.2    2.6    0.00   979.51     0    4.3    0.9   -995   -995   -995   -995   -995    -995    -995    -995
 KIN2   133   330     82    3.3    2.6    2.6    93    6.1    0.4    3.4    0.00   979.43     0    4.4    1.3    5.8    5.8    5.3    6.2    6.8    1.47    1.56    1.61
 KIN2   133   335     82    3.7    2.9    2.9    89    5.5    0.3    3.5    0.00   979.39     0    4.5    1.7   -995   -995   -995   -995   -995    -995    -995    -995
 KIN2   133   340     81    3.7    3.0    2.9    94    7.0    0.5    4.5    0.00   979.42     0    4.4    1.9   -995   -995   -995   -995   -995    -995    -995    -995
 KIN2   133   345     82    3.6    2.7    2.6    95    6.7    0.3    3.4    0.00   979.41     0    4.3    1.7    5.7    5.7    5.2    6.2    6.8    -995    -995    -995
 KIN2   133   350     82    3.6    2.7    2.7    96    7.0    0.3    3.4    0.00   979.46     0    4.4    1.7   -995   -995   -995   -995   -995    -995    -995    -995
 KIN2   133   355     83    3.6    2.8    2.7    87    6.8    0.3    3.7    0.00   979.46     0    4.4    1.5   -995   -995   -995   -995   -995    -995    -995    -995
 KIN2   133   360     83    3.6    2.6    2.6    90    6.4    0.3    3.7    0.00   979.49     0    4.4    1.4    5.7    5.5    5.2    6.2    6.8    1.47    1.56    1.61
 KIN2   133   365     82    3.7    2.4    2.4    96    8.2    0.3    3.3    0.00   979.46     0    4.4    1.3   -995   -995   -995   -995   -995    -995    -995    -995
 KIN2   133   370     83    3.7    2.7    2.7    91    6.7    0.4    3.8    0.00   979.46     0    4.5    1.4   -995   -995   -995   -995   -995    -995    -995    -995
 KIN2   133   375     83    3.7    3.1    3.1    90    6.0    0.4    4.4    0.00   979.39     0    4.6    1.9    5.6    5.4    5.1    6.2    6.8    -995    -995    -995
 KIN2   133   380     83    3.8    3.4    3.4    92    6.7    0.5    5.1    0.00   979.35     0    4.6    2.4   -995   -995   -995   -995   -995    -995    -995    -995
 KIN2   133   385     83    4.0    3.8    3.7    92    7.5    0.5    5.1    0.00   979.28     0    4.7    2.4   -995   -995   -995   -995   -995    -995    -995    -995
 KIN2   133   390     83    4.1    4.0    3.9    91    6.6    0.4    5.3    0.00   979.20     0    4.6    2.7    5.6    5.3    5.1    6.1    6.8    1.47    1.56    1.61
 KIN2   133   395     83    4.1    3.7    3.6    92    7.6    0.7    5.5    0.00   979.15     0    4.6    2.5   -995   -995   -995   -995   -995    -995    -995    -995
 KIN2   133   400     83    4.3    3.7    3.7    89    7.5    0.6    6.0    0.00   979.21     0    4.7    2.5   -995   -995   -995   -995   -995    -995    -995    -995
 KIN2   133   405     83    4.3    3.6    3.6    89    7.7    0.5    4.9    0.00   979.17     0    4.7    2.3    5.5    5.2    5.0    6.1    6.8    -995    -995    -995
 KIN2   133   410     83    4.2    3.6    3.5    87    7.1    0.6    5.1    0.00   979.10     0    4.7    2.4   -995   -995   -995   -995   -995    -995    -995    -995
 KIN2   133   415     83    4.0    3.6    3.6    87    7.8    0.5    4.7    0.00   979.04     0    4.5    2.2   -995   -995   -995   -995   -995    -995    -995    -995
 KIN2   133   420     85    3.9    3.7    3.7    88    6.8    0.5    4.9    0.00   978.94     0    4.4    2.4    5.5    5.2    5.0    6.1    6.8    1.47    1.56    1.61
 KIN2   133   425     85    3.9    3.5    3.4    90    8.5    0.6    5.4    0.00   978.93     0    4.3    2.4   -995   -995   -995   -995   -995    -995    -995    -995
 KIN2   133   430     85    3.9    3.4    3.4    90    9.8    0.5    4.9    0.00   978.98     0    4.3    2.5   -995   -995   -995   -995   -995    -995    -995    -995
 KIN2   133   435     85    3.9    3.3    3.3    89    9.7    0.6    4.6    0.00   979.12     0    4.3    2.3    5.5    5.1    5.0    6.1    6.8    -995    -995    -995
 KIN2   133   440     85    4.1    2.8    2.8    80   10.0    0.5    4.2    0.00   979.25     0    4.3    1.8   -995   -995   -995   -995   -995    -995    -995    -995
 KIN2   133   445     85    4.2    2.7    2.7    78    8.3    0.4    3.6    0.00   979.23     0    4.4    1.9   -995   -995   -995   -995   -995    -995    -995    -995
 KIN2   133   450     85    4.3    2.7    2.7    77    7.9    0.3    3.5    0.00   979.17     0    4.5    1.8    5.5    5.1    5.0    6.1    6.8    1.47    1.57    1.62
 KIN2   133   455     85    4.4    2.5    2.4    75    7.9    0.4    3.5    0.00   979.21     0    4.5    1.7   -995   -995   -995   -995   -995    -995    -995    -995
 KIN2   133   460     85    4.3    2.0    2.0    57   10.0    0.4    2.9    0.00   979.35     0    4.5    1.6   -995   -995   -995   -995   -995    -995    -995    -995
 KIN2   133   465     85    4.3    2.1    2.1    57    7.5    0.3    2.9    0.00   979.42     0    4.4    1.5    5.4    5.0    5.0    6.1    6.8    -995    -995    -995
 KIN2   133   470     85    4.3    2.0    1.9    54    9.9    0.3    2.7    0.00   979.45     0    4.5    1.4   -995   -995   -995   -995   -995    -995    -995    -995
 KIN2   133   475     85    4.3    2.3    2.3    56    6.8    0.4    3.2    0.00   979.49     0    4.5    1.8   -995   -995   -995   -995   -995    -995    -995    -995
 KIN2   133   480     85    4.3    2.4    2.4    53    8.6    0.3    3.2    0.00   979.60     0    4.4    1.9    5.4    5.0    5.0    6.1    6.8    1.47    1.56    1.61
 KIN2   133   485     86    4.3    2.4    2.3    61    7.8    0.3    2.8    0.00   979.71     0    4.4    1.8   -995   -995   -995   -995   -995    -995    -995    -995
 KIN2   133   490     86    4.3    2.1    2.1    60    7.2    0.3    3.1    0.00   979.67     0    4.4    1.6   -995   -995   -995   -995   -995    -995    -995    -995
 KIN2   133   495     86    4.4    1.9    1.9    57    8.8    0.3    2.7    0.00   979.68     0    4.5    1.5    5.4    5.0    5.0    6.1    6.8    -995    -995    -995
 KIN2   133   500     86    4.5    1.9    1.9    67    7.2    0.2    2.4    0.00   979.57     0    4.6    1.3   -995   -995   -995   -995   -995    -995    -995    -995
 KIN2   133   505     86    4.5    2.0    1.9    75    6.8    0.2    2.6    0.00   979.49     0    4.6    1.1   -995   -995   -995   -995   -995    -995    -995    -995
 KIN2   133   510     86    4.5    2.5    2.5    81    6.5    0.3    3.4    0.00   979.34     0    4.7    1.5    5.4    5.0    5.1    6.1    6.8    1.47    1.56    1.62
 KIN2   133   515     86    4.5    3.1    3.1    79    5.3    0.3    3.8    0.00   979.18     0    4.7    2.0   -995   -995   -995   -995   -995    -995    -995    -995
 KIN2   133   520     86    4.5    2.7    2.7    84    7.1    0.3    3.8    0.00   979.07     0    4.6    1.8   -995   -995   -995   -995   -995    -995    -995    -995
 KIN2   133   525     86    4.5    2.7    2.7    89    8.3    0.4    3.7    0.00   978.91     0    4.6    1.8    5.4    5.0    5.1    6.1    6.8    -995    -995    -995
 KIN2   133   530     86    4.6    2.9    2.9    91    8.6    0.6    4.6    0.00   978.93     0    4.7    2.2   -995   -995   -995   -995   -995    -995    -995    -995
 KIN2   133   535     86    4.6    3.0    3.0    90    7.6    0.5    4.0    0.00   978.91     0    4.7    2.3   -995   -995   -995   -995   -995    -995    -995    -995
 KIN2   133   540     86    4.6    2.9    2.9    87    7.6    0.5    4.2    0.00   978.80     0    4.7    1.9    5.4    5.0    5.1    6.1    6.8    1.47    1.57    1.62
 KIN2   133   545     86    4.6    3.3    3.3    85    8.7    0.6    4.6    0.00   978.70     0    4.7    2.3   -995   -995   -995   -995   -995    -995    -995    -995
 KIN2   133   550     86    4.6    2.9    2.8    89    7.7    0.4    3.9    0.00   978.70     0    4.7    1.9   -995   -995   -995   -995   -995    -995    -995    -995
 KIN2   133   555     86    4.6    3.1    3.1    89    9.7    0.4    4.1    0.00   978.65     0    4.7    2.3    5.4    5.1    5.2    6.1    6.8    -995    -995    -995
 KIN2   133   560     86    4.6    2.6    2.6    89    9.9    0.3    3.6    0.00   978.67     0    4.7    1.8   -995   -995   -995   -995   -995    -995    -995    -995
 KIN2   133   565     86    4.6    2.3    2.3    85    9.1    0.4    3.4    0.00   978.72     0    4.7    1.6   -995   -995   -995   -995   -995    -995    -995    -995
 KIN2   133   570     86    4.6    2.8    2.8    86    8.9    0.4    3.6    0.00   978.60     0    4.7    1.8    5.4    5.1    5.2    6.1    6.9    1.47    1.57    1.62
 KIN2   133   575     86    4.6    3.0    3.0    88    9.5    0.5    4.0    0.00   978.46     0    4.7    2.0   -995   -995   -995   -995   -995    -995    -995    -995
 KIN2   133   580     86    4.7    2.8    2.7    83    8.4    0.5    3.9    0.00   978.41     0    4.8    1.9   -995   -995   -995   -995   -995    -995    -995    -995
 KIN2   133   585     86    4.7    1.6    1.6    75    8.9    0.3    2.8    0.00   978.50     0    4.7    1.0    5.4    5.1    5.2    6.1    6.9    -995    -995    -995
 KIN2   133   590     86    4.7    1.8    1.7    70    7.9    0.4    2.7    0.00   978.64     0    4.7    1.3   -995   -995   -995   -995   -995    -995    -995    -995
 KIN2   133   595     86    4.7    2.3    2.2    71    9.6    0.5    3.3    0.00   978.68     0    4.8    1.5   -995   -995   -995   -995   -995    -995    -995    -995
 KIN2   133   600     86    4.7    1.9    1.9    69    8.0    0.4    2.5    0.00   978.84     0    4.8    1.3    5.4    5.1    5.2    6.1    6.9    1.48    1.56    1.62
 KIN2   133   605     86    4.7    2.0    2.0    69    9.1    0.3    2.6    0.00   978.97     0    4.8    1.4   -995   -995   -995   -995   -995    -995    -995    -995
 KIN2   133   610     86    4.7    1.9    1.9    71    8.3    0.3    2.5    0.00   979.15     0    4.8    1.3   -995   -995   -995   -995   -995    -995    -995    -995
 KIN2   133   615     86    4.7    2.0    2.0    66    9.9    0.4    3.1    0.00   979.25     0    4.8    1.4    5.4    5.1    5.2    6.1    6.9    -995    -995    -995
 KIN2   133   620     86    4.7    2.0    2.0    72    8.6    0.3    2.6    0.00   979.28     0    4.8    1.3   -995   -995   -995   -995   -995    -995    -995    -995
 KIN2   133   625     86    4.7    2.0    2.0    68    9.8    0.4    3.0    0.00   979.29     0    4.8    1.5   -995   -995   -995   -995   -995    -995    -995    -995
 KIN2   133   630     87    4.6    2.2    2.1    70    9.0    0.2    2.7    0.00   979.26     0    4.7    1.5    5.4    5.1    5.2    6.1    6.9    1.47    1.56    1.61
 KIN2   133   635     87    4.6    2.7    2.7    83    7.2    0.4    3.5    0.00   979.30     0    4.7    1.9   -995   -995   -995   -995   -995    -995    -995    -995
 KIN2   133   640     87    4.6    2.8    2.8    83    7.5    0.4    3.8    0.00   979.29     0    4.7    1.9   -995   -995   -995   -995   -995    -995    -995    -995
 KIN2   133   645     88    4.5    2.7    2.7    85    7.2    0.3    3.4    0.00   979.17     0    4.6    1.8    5.5    5.1    5.3    6.1    6.9    -995    -995    -995
 KIN2   133   650     88    4.5    2.8    2.8    85    6.8    0.3    3.6    0.00   979.10     0    4.6    1.8   -995   -995   -995   -995   -995    -995    -995    -995
 KIN2   133   655     89    4.4    2.7    2.6    81    8.9    0.3    3.5    0.00   979.11     0    4.5    1.8   -995   -995   -995   -995   -995    -995    -995    -995
 KIN2   133   660     91    4.3    3.2    3.2    80    7.2    0.3    4.1    0.00   979.07     0    4.3    2.0    5.5    5.2    5.3    6.1    6.9    1.47    1.56    1.62
 KIN2   133   665     92    4.1    2.7    2.7    75    6.5    0.2    3.4    0.00   978.99     0    4.2    1.9   -995   -995   -995   -995   -995    -995    -995    -995
 KIN2   133   670     93    4.1    2.6    2.6    77    6.2    0.4    3.5    0.00   978.97     0    4.2    1.7   -995   -995   -995   -995   -995    -995    -995    -995
 KIN2   133   675     94    4.1    2.5    2.5    69    5.8    0.4    3.2    0.00   978.94     0    4.1    1.7    5.5    5.2    5.3    6.1    6.9    -995    -995    -995
 KIN2   133   680     94    4.1    2.4    2.4    57    6.9    0.3    3.3    0.00   978.99     0    4.2    1.9   -995   -995   -995   -995   -995    -995    -995    -995
 KIN2   133   685     94    4.1    2.4    2.4    59    7.5    0.2    2.9    0.00   978.96     0    4.2    1.9   -995   -995   -995   -995   -995    -995    -995    -995
 KIN2   133   690     94    4.1    2.4    2.4    65    8.9    0.3    3.4    0.00   979.03     0    4.2    1.8    5.5    5.2    5.3    6.1    6.9    1.48    1.56    1.61
 KIN2   133   695     94    4.1    2.4    2.4    73    6.5    0.6    4.1    0.00   979.09     0    4.2    1.7   -995   -995   -995   -995   -995    -995    -995    -995
 KIN2   133   700     94    4.1    3.0    3.0    79    5.4    0.4    3.9    0.00   979.10     0    4.2    2.0   -995   -995   -995   -995   -995    -995    -995    -995
 KIN2   133   705     94    4.1    2.8    2.8    74    8.4    0.6    4.5    0.00   979.19     0    4.2    2.0    5.5    5.2    5.3    6.1    6.9    -995    -995    -995
 KIN2   133   710     94    4.1    2.7    2.7    71    7.7    0.3    3.5    0.00   979.20     0    4.2    2.0   -995   -995   -995   -995   -995    -995    -995    -995
 KIN2   133   715     94    4.1    2.9    2.9    63    8.5    0.4    3.8    0.00   979.08     0    4.1    2.3   -995   -995   -995   -995   -995    -995    -995    -995
 KIN2   133   720     95    4.1    2.6    2.6    61    7.1    0.4    3.8    0.00   978.99     0    4.1    2.2    5.5    5.2    5.3    6.1    6.9    1.47    1.56    1.61
 KIN2   133   725     95    4.1    2.9    2.9    68    7.7    0.4    3.7    0.00   979.03     0    4.1    2.2   -995   -995   -995   -995   -995    -995    -995    -995
 KIN2   133   730     95    4.1    2.9    2.9    77    7.5    0.4    3.9    0.00   979.07     0    4.1    1.9   -995   -995   -995   -995   -995    -995    -995    -995
 KIN2   133   735     95    4.1    3.2    3.2    76    7.1    0.4    4.1    0.00   979.02     0    4.1    2.2    5.5    5.2    5.3    6.1    6.9    -995    -995    -995
 KIN2   133   740     95    4.1    2.8    2.7    74    8.1    0.3    3.8    0.00   979.02     0    4.1    2.0   -995   -995   -995   -995   -995    -995    -995    -995
 KIN2   133   745     95    4.1    3.3    3.3    76    7.1    0.3    4.1    0.00   979.02     0    4.1    2.3   -995   -995   -995   -995   -995    -995    -995    -995
 KIN2   133   750     96    4.1    3.5    3.5    70    6.8    0.4    4.6    0.00   978.99     0    4.1    2.7    5.5    5.1    5.3    6.1    6.9    1.47    1.56    1.61
 KIN2   133   755     96    4.1    3.0    3.0    71    8.7    0.5    4.2    0.00   979.17     0    4.1    2.3   -995   -995   -995   -995   -995    -995    -995    -995
 KIN2   133   760     96    4.1    2.3    2.2    75    9.4    0.4    3.2    0.00   979.45     0    4.1    1.5   -995   -995   -995   -995   -995    -995    -995    -995
 KIN2   133   765     96    4.1    2.8    2.8    78    7.4    0.6    4.2    0.00   979.47     0    4.1    1.9    5.5    5.1    5.3    6.1    6.9    -995    -995    -995
 KIN2   133   770     96    4.1    3.1    3.0    84    8.8    0.5    4.5    0.00   979.43     0    4.1    2.1   -995   -995   -995   -995   -995    -995    -995    -995
 KIN2   133   775     96    4.1    3.3    3.2    82    7.7    0.6    4.4    0.00   979.28     0    4.1    2.2   -995   -995   -995   -995   -995    -995    -995    -995
 KIN2   133   780     96    4.1    3.3    3.3    76    8.5    0.5    4.2    0.00   979.23     0    4.1    2.3    5.5    5.1    5.3    6.1    6.9    1.47    1.57    1.61
 KIN2   133   785     97    4.0    3.2    3.2    79    7.0    0.4    4.3    0.25   979.30     0    4.0    2.1   -995   -995   -995   -995   -995    -995    -995    -995
 KIN2   133   790     97    4.0    3.2    3.2    80    7.6    0.4    4.0    0.25   979.37     1    4.0    2.2   -995   -995   -995   -995   -995    -995    -995    -995
 KIN2   133   795     97    4.0    2.9    2.9    79    8.9    0.5    3.9    0.25   979.55     1    4.0    2.0    5.5    5.1    5.3    6.1    6.9    -995    -995    -995
 KIN2   133   800     97    4.0    2.6    2.6    81    8.5    0.6    3.8    0.25   979.67     1    4.0    1.9   -995   -995   -995   -995   -995    -995    -995    -995
 KIN2   133   805     97    4.0    2.8    2.8    69    6.6    0.4    3.5    0.25   979.67     3    4.0    2.1   -995   -995   -995   -995   -995    -995    -995    -995
 KIN2   133   810     97    4.0    2.4    2.4    65    9.4    0.4    3.2    0.25   979.73     3    4.0    1.8    5.5    5.1    5.3    6.1    6.9    1.47    1.56    1.62
 KIN2   133   815     97    4.0    2.3    2.3    68    7.8    0.4    3.1    0.25   979.74     5    4.0    1.8   -995   -995   -995   -995   -995    -995    -995    -995
 KIN2   133   820     97    4.0    2.1    2.1    57    9.2    0.3    2.8    0.25   979.67     8    4.0    1.6   -995   -995   -995   -995   -995    -995    -995    -995
 KIN2   133   825     97    4.0    2.3    2.2    58   10.4    0.3    2.8    0.25   979.69    10    4.0    1.8    5.5    5.1    5.3    6.1    6.9    -995    -995    -995
 KIN2   133   830     97    4.1    1.9    1.9    62   10.7    0.3    2.7    0.25   979.82    12    4.1    1.5   -995   -995   -995   -995   -995    -995    -995    -995
 KIN2   133   835     98    4.1    2.3    2.3    56    7.2    0.4    3.3    0.25   979.85    15    4.1    1.9   -995   -995   -995   -995   -995    -995    -995    -995
 KIN2   133   840     98    4.1    1.8    1.8    49    8.3    0.3    2.5    0.25   979.82    18    4.1    1.4    5.5    5.1    5.3    6.1    6.9    1.47    1.56    1.61
 KIN2   133   845     98    4.1    2.0    2.0    52   10.4    0.4    2.9    0.25   979.85    18    4.1    1.7   -995   -995   -995   -995   -995    -995    -995    -995
 KIN2   133   850     98    4.1    2.4    2.4    42    8.4    0.3    3.2    0.25   979.77    23    4.1    1.9   -995   -995   -995   -995   -995    -995    -995    -995
 KIN2   133   855     98    4.1    2.6    2.6    51    7.3    0.4    3.4    0.25   979.71    31    4.1    2.2    5.5    5.1    5.4    6.0    6.9    -995    -995    -995
 KIN2   133   860     98    4.2    2.6    2.6    53    8.5    0.4    3.6    0.25   979.76    34    4.1    2.2   -995   -995   -995   -995   -995    -995    -995    -995
 KIN2   133   865     98    4.2    2.7    2.7    56    8.8    0.6    4.4    0.25   979.91    33    4.2    2.2   -995   -995   -995   -995   -995    -995    -995    -995
 KIN2   133   870     98    4.3    2.7    2.6    66   11.7    0.6    4.0    0.25   980.09    31    4.2    2.1    5.5    5.1    5.4    6.0    6.9    1.48    1.57    1.62
 KIN2   133   875     98    4.3    2.9    2.9    61    8.7    0.4    3.9    0.25   980.11    41    4.2    2.2   -995   -995   -995   -995   -995    -995    -995    -995
 KIN2   133   880     98    4.4    2.8    2.7    64    8.8    0.6    3.9    0.25   980.05    48    4.3    2.1   -995   -995   -995   -995   -995    -995    -995    -995
 KIN2   133   885     98    4.4    3.2    3.2    68    8.7    0.6    5.0    0.25   979.99    55    4.3    2.4    5.5    5.1    5.4    6.0    6.9    -995    -995    -995
 KIN2   133   890     98    4.4    3.6    3.6    80    6.7    0.4    4.7    0.25   979.98    63    4.4    2.5   -995   -995   -995   -995   -995    -995    -995    -995
 KIN2   133   895     97    4.5    3.9    3.8    81    9.5    0.6    5.3    0.25   979.95    76    4.4    2.8   -995   -995   -995   -995   -995    -995    -995    -995
 KIN2   133   900     97    4.6    2.9    2.9    91   10.3    0.4    4.1    0.25   980.00    75    4.5    2.2    5.5    5.2    5.4    6.0    6.9    1.47    1.56    1.61
 KIN2   133   905     97    4.6    3.1    3.0   100   10.6    0.6    4.5    0.25   980.05    84    4.5    2.8   -995   -995   -995   -995   -995    -995    -995    -995
 KIN2   133   910     97    4.7    4.0    4.0   100    8.8    0.6    5.3    0.25   980.04    75    4.6    3.2   -995   -995   -995   -995   -995    -995    -995    -995
 KIN2   133   915     97    4.7    3.4    3.4    95   11.0    0.5    4.6    0.25   980.08    85    4.6    2.7    5.5    5.2    5.4    6.0    6.9    -995    -995    -995
 KIN2   133   920     96    4.8    3.6    3.5   104   12.7    0.8    5.6    0.25   980.23    74    4.7    2.9   -995   -995   -995   -995   -995    -995    -995    -995
 KIN2   133   925     96    4.8    3.7    3.7   105   11.0    0.5    4.8    0.25   980.35    68    4.7    2.9   -995   -995   -995   -995   -995    -995    -995    -995
 KIN2   133   930     95    4.7    4.2    4.2   112    8.4    0.6    5.7    0.25   980.48    63    4.7    3.7    5.5    5.2    5.4    6.0    6.9    1.47    1.56    1.61
 KIN2   133   935     95    4.8    3.6    3.6   114    9.6    0.6    5.0    0.25   980.62    57    4.7    3.1   -995   -995   -995   -995   -995    -995    -995    -995
 KIN2   133   940     95    4.8    3.2    3.2   110   11.6    0.6    5.2    0.25   980.67    58    4.7    2.8   -995   -995   -995   -995   -995    -995    -995    -995
 KIN2   133   945     95    4.8    3.5    3.5   116    7.7    0.4    4.3    0.25   980.71    57    4.8    3.0    5.5    5.3    5.5    6.0    6.9    -995    -995    -995
 KIN2   133   950     95    4.8    3.2    3.2   123   11.0    0.5    4.4    0.25   980.71    58    4.8    2.8   -995   -995   -995   -995   -995    -995    -995    -995
 KIN2   133   955     95    4.9    3.2    3.1   115   10.6    0.6    4.6    0.25   980.68    68    4.8    2.8   -995   -995   -995   -995   -995    -995    -995    -995
 KIN2   133   960     94    4.9    3.0    3.0   121   11.1    0.4    4.1    0.25   980.80    57    4.8    2.4    5.6    5.3    5.5    6.0    6.9    1.47    1.57    1.61
 KIN2   133   965     94    4.9    3.0    2.9   118    9.6    0.5    4.2    0.25   980.80    56    4.8    2.6   -995   -995   -995   -995   -995    -995    -995    -995
 KIN2   133   970     94    5.0    2.5    2.5   120    8.3    0.5    3.5    0.25   980.77    59    4.9    2.1   -995   -995   -995   -995   -995    -995    -995    -995
 KIN2   133   975     94    5.1    3.0    3.0   126    7.6    0.4    4.1    0.25   980.71    71    5.0    2.6    5.6    5.4    5.6    6.0    6.9    -995    -995    -995
 KIN2   133   980     94    5.1    3.4    3.4   129    8.4    0.5    4.5    0.25   980.67    83    5.0    2.9   -995   -995   -995   -995   -995    -995    -995    -995
 KIN2   133   985     94    5.2    2.9    2.9   136    8.9    0.6    4.0    0.25   980.67    89    5.1    2.5   -995   -995   -995   -995   -995    -995    -995    -995
 KIN2   133   990     94    5.2    2.8    2.8   121    7.2    0.4    3.8    0.25   980.62   105    5.0    2.3    5.6    5.4    5.6    6.0    6.9    1.47    1.57    1.61
 KIN2   133   995     94    5.3    2.3    2.3   125    9.6    0.5    3.7    0.25   980.55   123    5.1    1.9   -995   -995   -995   -995   -995    -995    -995    -995
 KIN2   133  1000     94    5.5    1.9    1.8   118   18.3    0.4    2.7    0.25   980.43   129    5.2    1.6   -995   -995   -995   -995   -995    -995    -995    -995
 KIN2   133  1005     94    5.4    2.7    2.7   102    9.2    0.4    3.6    0.25   980.35   131    5.2    2.2    5.6    5.4    5.6    6.0    6.9    -995    -995    -995
 KIN2   133  1010     94    5.4    3.4    3.2   109   16.5    0.4    4.2    0.25   980.33   119    5.2    2.7   -995   -995   -995   -995   -995    -995    -995    -995
 KIN2   133  1015     94    5.4    3.6    3.5   116    8.0    0.5    4.5    0.25   980.28   124    5.2    3.1   -995   -995   -995   -995   -995    -995    -995    -995
 KIN2   133  1020     94    5.5    3.7    3.6   119   11.1    0.5    4.9    0.25   980.21   164    5.3    3.1    5.6    5.5    5.6    6.0    6.9    1.47    1.56    1.61
 KIN2   133  1025     94    5.5    3.7    3.7   116   11.7    0.4    4.7    0.25   980.22   149    5.3    3.2   -995   -995   -995   -995   -995    -995    -995    -995
 KIN2   133  1030     95    5.6    3.5    3.5   103    9.3    0.4    4.3    0.25   980.06   185    5.3    2.9   -995   -995   -995   -995   -995    -995    -995    -995
 KIN2   133  1035     95    6.1    5.0    5.0    74    7.7    1.1    7.3    0.25   979.16   508    5.5    4.1    5.6    5.6    5.7    6.1    6.9    -995    -995    -995
 KIN2   133  1040     95    6.5    5.7    5.7    70    6.5    0.9    7.5    0.25   978.79   538    5.9    4.5   -995   -995   -995   -995   -995    -995    -995    -995
 KIN2   133  1045     95    6.4    4.6    4.5    84   11.8    0.7    6.4    0.25   978.98   461    5.9    3.6   -995   -995   -995   -995   -995    -995    -995    -995
 KIN2   133  1050     94    6.3    5.3    5.3    75    8.7    0.7    6.7    0.25   978.95   402    5.8    4.1    5.6    5.6    5.7    6.0    6.9    1.48    1.56    1.61
 KIN2   133  1055     94    6.6    4.0    3.9    84   12.3    0.9    5.9    0.25   979.04   330    6.2    3.1   -995   -995   -995   -995   -995    -995    -995    -995
 KIN2   133  1060     93    6.4    3.7    3.7    85   12.1    0.8    5.1    0.25   979.35   265    6.1    2.9   -995   -995   -995   -995   -995    -995    -995    -995
 KIN2   133  1065     92    6.6    4.3    4.2   113   12.3    0.7    5.6    0.25   979.25   272    6.2    3.8    5.6    5.7    5.8    6.0    6.9    -995    -995    -995
 KIN2   133  1070     92    6.7    4.4    4.3   114   16.2    0.7    6.0    0.25   978.95   289    6.2    3.6   -995   -995   -995   -995   -995    -995    -995    -995
 KIN2   133  1075     92    6.8    4.0    3.9   103   13.2    0.7    6.2    0.25   978.70   300    6.4    3.3   -995   -995   -995   -995   -995    -995    -995    -995
 KIN2   133  1080     91    6.7    4.2    4.1   100   12.2    0.7    5.8    0.25   978.43   294    6.3    3.4    5.7    5.9    6.0    6.0    6.9    1.48    1.56    1.61
 KIN2   133  1085     92    6.9    4.5    4.4   105   10.4    0.7    6.0    0.25   978.41   281    6.5    3.9   -995   -995   -995   -995   -995    -995    -995    -995
 KIN2   133  1090     91    6.9    5.0    5.0   127   10.5    0.8    6.8    0.25   978.71   248    6.5    4.3   -995   -995   -995   -995   -995    -995    -995    -995
 KIN2   133  1095     91    6.6    4.3    4.2   116   12.6    0.6    5.6    0.25   978.60   126    6.4    3.7    5.8    6.1    6.1    6.1    6.9    -995    -995    -995
 KIN2   133  1100     92    6.6    4.1    4.0   106   10.4    0.7    5.8    0.25   978.45   154    6.4    3.4   -995   -995   -995   -995   -995    -995    -995    -995
 KIN2   133  1105     92    6.7    4.2    4.2   111   11.9    0.7    5.8    0.25   978.49   142    6.5    3.6   -995   -995   -995   -995   -995    -995    -995    -995
 KIN2   133  1110     91    6.7    4.2    4.1   109    9.6    0.8    5.9    0.25   978.22   157    6.5    3.6    5.9    6.4    6.3    6.1    7.0    1.47    1.57    1.62
 KIN2   133  1115     91    6.8    3.6    3.5   110   12.6    0.7    5.1    0.25   978.24   122    6.6    3.0   -995   -995   -995   -995   -995    -995    -995    -995
 KIN2   133  1120     91    6.7    3.5    3.5   114   12.6    0.7    4.9    0.25   978.17   171    6.6    3.1   -995   -995   -995   -995   -995    -995    -995    -995
 KIN2   133  1125     91    6.8    4.2    4.2    92    8.4    0.6    5.6    0.25   977.79   190    6.6    3.4    6.0    6.5    6.4    6.1    7.0    -995    -995    -995
 KIN2   133  1130     91    7.0    3.8    3.8   104    9.3    0.6    5.0    0.25   977.70   184    6.7    3.1   -995   -995   -995   -995   -995    -995    -995    -995
 KIN2   133  1135     90    6.9    3.9    3.9    98    7.3    0.6    5.1    0.25   977.54   173    6.7    3.4   -995   -995   -995   -995   -995    -995    -995    -995
 KIN2   133  1140     91    7.1    4.2    4.1    93    8.3    0.6    5.6    0.25   977.35   195    6.8    3.2    6.0    6.6    6.4    6.1    7.0    1.47    1.57    1.62
 KIN2   133  1145     90    7.2    3.7    3.6    91   10.6    0.7    5.1    0.25   977.04   227    7.0    2.9   -995   -995   -995   -995   -995    -995    -995    -995
 KIN2   133  1150     90    7.3    4.0    3.9    81    7.3    0.6    5.0    0.25   976.92   172    7.1    2.9   -995   -995   -995   -995   -995    -995    -995    -995
 KIN2   133  1155     90    7.3    4.0    4.0    82    8.3    0.9    5.8    0.25   976.88   162    7.1    2.9    6.0    6.7    6.4    6.1    7.0    -995    -995    -995
 KIN2   133  1160     89    7.4    4.3    4.3    89    9.3    0.5    5.3    0.25   976.70   187    7.1    3.3   -995   -995   -995   -995   -995    -995    -995    -995
 KIN2   133  1165     89    7.5    4.5    4.5    95    9.1    0.6    6.2    0.25   976.55   172    7.2    3.7   -995   -995   -995   -995   -995    -995    -995    -995
 KIN2   133  1170     89    7.8    3.0    3.0   101    9.6    0.6    4.3    0.25   976.51   162    7.5    2.7    6.1    6.8    6.5    6.1    7.0    1.47    1.56    1.62
 KIN2   133  1175     88    7.7    3.4    3.4   105   11.6    0.6    5.1    0.25   976.42   149    7.5    3.0   -995   -995   -995   -995   -995    -995    -995    -995
 KIN2   133  1180     88    7.9    3.8    3.7    81   11.2    0.5    5.2    0.25   976.13   194    7.7    3.0   -995   -995   -995   -995   -995    -995    -995    -995
 KIN2   133  1185     87    8.0    3.7    3.6    79    7.6    0.6    5.0    0.25   976.03   175    7.7    2.7    6.1    6.8    6.5    6.1    7.0    -995    -995    -995
 KIN2   133  1190     87    8.0    4.1    4.0    77    8.5    0.6    5.6    0.25   975.92   180    7.7    3.0   -995   -995   -995   -995   -995    -995    -995    -995
 KIN2   133  1195     87    8.0    3.5    3.4    86    9.7    0.8    5.2    0.25   975.81   189    7.7    2.5   -995   -995   -995   -995   -995    -995    -995    -995
 KIN2   133  1200     86    8.1    3.9    3.8    94   11.5    0.6    4.9    0.25   975.79   139    7.9    3.1    6.2    6.9    6.6    6.1    7.0    1.48    1.56    1.61
 KIN2   133  1205     86    8.2    3.5    3.3   100   20.8    0.9    5.8    0.25   975.73   132    8.0    2.8   -995   -995   -995   -995   -995    -995    -995    -995
 KIN2   133  1210     86    8.0    4.2    4.1   100   13.5    0.5    5.5    0.25   975.78   108    7.9    3.6   -995   -995   -995   -995   -995    -995    -995    -995
 KIN2   133  1215     86    8.0    4.0    3.9   122   11.4    0.7    5.4    0.25   976.02    76    7.9    3.3    6.2    7.0    6.6    6.2    7.0    -995    -995    -995
 KIN2   133  1220     86    7.9    3.7    3.6   123   15.0    0.7    5.7    0.25   975.95    70    7.8    3.1   -995   -995   -995   -995   -995    -995    -995    -995
 KIN2   133  1225     86    8.0    4.4    4.3   107    8.2    0.6    5.5    0.25   975.79    79    8.0    3.7   -995   -995   -995   -995   -995    -995    -995    -995
 KIN2   133  1230     86    8.1    4.0    3.9   117    9.1    0.5    5.0    0.25   975.78    88    8.0    3.5    6.3    7.1    6.7    6.2    7.0    1.47    1.57    1.61
 KIN2   133  1235     86    8.1    4.0    3.9   116   12.1    0.6    5.3    0.25   975.66   143    8.0    3.4   -995   -995   -995   -995   -995    -995    -995    -995
 KIN2   133  1240     86    8.2    3.5    3.4   127   11.2    0.5    4.4    0.25   975.83    72    8.1    2.9   -995   -995   -995   -995   -995    -995    -995    -995
 KIN2   133  1245     86    8.1    4.4    4.3   127   10.1    0.8    6.3    0.25   975.85    65    8.1    3.8    6.3    7.1    6.7    6.2    7.0    -995    -995    -995
 KIN2   133  1250     86    8.1    3.9    3.8   112   11.2    0.8    5.8    0.25   975.65    85    8.0    3.3   -995   -995   -995   -995   -995    -995    -995    -995
 KIN2   133  1255     86    8.1    4.2    4.2    98   11.4    1.0    5.9    0.25   975.65    74    8.0    3.5   -995   -995   -995   -995   -995    -995    -995    -995
 KIN2   133  1260     86    8.0    4.1    4.0   104    8.9    0.7    5.7    0.25   975.71    71    7.9    3.3    6.4    7.2    6.7    6.2    7.0    1.47    1.56    1.62
 KIN2   133  1265     86    8.0    3.5    3.4   108   10.6    0.5    4.9    0.25   975.73    68    8.0    3.0   -995   -995   -995   -995   -995    -995    -995    -995
 KIN2   133  1270     87    8.1    3.8    3.8   112    9.6    0.8    5.1    0.25   975.72    69    8.0    3.2   -995   -995   -995   -995   -995    -995    -995    -995
 KIN2   133  1275     87    8.1    3.6    3.5   102   12.5    0.9    5.5    0.25   975.75    58    8.0    2.9    6.4    7.2    6.7    6.3    7.0    -995    -995    -995
 KIN2   133  1280     87    7.9    4.2    4.2   113    6.6    0.6    5.7    0.25   975.77    56    7.9    3.6   -995   -995   -995   -995   -995    -995    -995    -995
 KIN2   133  1285     87    7.9    3.9    3.8   110   10.3    0.5    5.1    0.25   975.83    45    7.9    3.2   -995   -995   -995   -995   -995    -995    -995    -995
 KIN2   133  1290     87    7.8    4.4    4.4   103    7.0    0.6    5.8    0.25   975.79    42    7.8    3.6    6.4    7.2    6.7    6.3    7.0    1.48    1.56    1.62
 KIN2   133  1295     88    7.8    4.0    3.9   112   13.3    0.7    5.6    0.25   975.77    45    7.8    3.2   -995   -995   -995   -995   -995    -995    -995    -995
 KIN2   133  1300     88    7.8    3.5    3.4   118   10.4    0.5    4.9    0.25   975.67    50    7.7    2.9   -995   -995   -995   -995   -995    -995    -995    -995
 KIN2   133  1305     88    7.7    3.9    3.8   114    9.4    0.6    5.3    0.25   975.56    41    7.6    3.4    6.4    7.2    6.7    6.3    7.0    -995    -995    -995
 KIN2   133  1310     88    7.6    3.8    3.7   109    7.9    0.7    5.3    0.25   975.48    79    7.6    3.0   -995   -995   -995   -995   -995    -995    -995    -995
 KIN2   133  1315     88    7.7    3.8    3.7   114   10.3    0.5    5.0    0.25   975.35    87    7.6    3.2   -995   -995   -995   -995   -995    -995    -995    -995
 KIN2   133  1320     88    7.6    3.3    3.2   130    6.6    0.6    4.4    0.25   975.56    39    7.5    2.7    6.4    7.2    6.7    6.3    7.0    1.47    1.57    1.62
 KIN2   133  1325     88    7.6    2.6    2.6   132    7.7    0.5    3.6    0.25   975.77    33    7.5    2.1   -995   -995   -995   -995   -995    -995    -995    -995
 KIN2   133  1330     89    7.6    2.8    2.8   137    7.5    0.5    3.9    0.25   975.73    28    7.5    2.4   -995   -995   -995   -995   -995    -995    -995    -995
 KIN2   133  1335     89    7.5    3.0    2.9   131    9.9    0.4    4.0    0.25   975.80    25    7.5    2.5    6.5    7.2    6.7    6.3    7.0    -995    -995    -995
 KIN2   133  1340     90    7.5    2.4    2.4   124    7.0    0.4    3.3    0.25   975.84    18    7.6    1.9   -995   -995   -995   -995   -995    -995    -995    -995
 KIN2   133  1345     90    7.5    2.9    2.8   127    9.3    0.5    4.0    0.25   975.80    16    7.5    2.5   -995   -995   -995   -995   -995    -995    -995    -995
 KIN2   133  1350     90    7.5    3.3    3.3   119    8.5    0.5    4.4    0.25   975.61    29    7.5    2.8    6.5    7.2    6.7    6.3    7.0    1.47    1.57    1.62
 KIN2   133  1355     91    7.5    2.6    2.6   126    8.3    0.5    3.9    0.25   975.69    36    7.5    2.2   -995   -995   -995   -995   -995    -995    -995    -995
 KIN2   133  1360     91    7.5    2.4    2.3   123    9.0    0.4    3.2    0.25   975.66    27    7.5    2.0   -995   -995   -995   -995   -995    -995    -995    -995
 KIN2   133  1365     92    7.5    2.2    2.2   122    8.2    0.3    2.7    0.25   975.67    22    7.5    1.8    6.5    7.2    6.7    6.4    7.1    -995    -995    -995
 KIN2   133  1370     92    7.5    2.0    2.0   120    9.8    0.3    2.5    0.25   975.62    26    7.5    1.7   -995   -995   -995   -995   -995    -995    -995    -995
 KIN2   133  1375     92    7.5    2.2    2.2   118    7.5    0.5    3.3    0.25   975.48    28    7.5    1.9   -995   -995   -995   -995   -995    -995    -995    -995
 KIN2   133  1380     92    7.5    2.3    2.3   114   10.7    0.3    3.0    0.25   975.43    28    7.6    1.9    6.5    7.2    6.7    6.4    7.0    1.47    1.56    1.62
 KIN2   133  1385     93    7.5    2.1    2.1    98   10.0    0.4    3.1    0.25   975.18    33    7.6    1.7   -995   -995   -995   -995   -995    -995    -995    -995
 KIN2   133  1390     93    7.5    1.4    1.3    83   14.9    0.4    2.1    0.25   974.97    23    7.5    0.7   -995   -995   -995   -995   -995    -995    -995    -995
 KIN2   133  1395     93    7.5    1.7    1.6    67   15.1    0.2    2.3    0.25   974.83    22    7.5    1.2    6.5    7.1    6.7    6.4    7.0    -995    -995    -995
 KIN2   133  1400     94    7.5    1.8    1.8    96    8.4    0.2    2.5    0.25   974.91    23    7.5    1.4   -995   -995   -995   -995   -995    -995    -995    -995
 KIN2   133  1405     94    7.5    1.4    1.4    92   11.1    0.3    2.0    0.25   974.91    14    7.5    0.9   -995   -995   -995   -995   -995    -995    -995    -995
 KIN2   133  1410     94    7.5    1.6    1.5    87    9.9    0.2    2.0    0.25   974.82    12    7.5    0.8    6.5    7.1    6.7    6.4    7.0    1.47    1.56    1.61
 KIN2   133  1415     94    7.4    2.2    2.2    81    7.5    0.3    2.8    0.25   974.77    17    7.5    1.4   -995   -995   -995   -995   -995    -995    -995    -995
 KIN2   133  1420     94    7.4    1.7    1.6    97    7.4    0.2    2.1    0.25   974.87    12    7.5    1.3   -995   -995   -995   -995   -995    -995    -995    -995
 KIN2   133  1425     94    7.4    1.8    1.8    93    6.3    0.2    2.3    0.25   974.83    11    7.5    1.3    6.5    7.1    6.7    6.4    7.0    -995    -995    -995
 KIN2   133  1430     94    7.4    2.1    2.1    98    7.3    0.2    2.6    0.25   974.86     7    7.4    1.6   -995   -995   -995   -995   -995    -995    -995    -995
 KIN2   133  1435     95    7.3    2.0    2.0   102   10.7    0.3    2.7    0.25   974.83     4    7.3    1.5   -995   -995   -995   -995   -995    -995    -995    -995
</pre>