<pre>  101 ! (c) 2019 Oklahoma Climatological Survey and the Oklahoma Mesonet - all rights reserved
  21 2019 10 27 00 00 00
 STID  STNM  TIME   RELH   TAIR   WSPD   WVEC  WDIR   WDSD   WSSD   WMAX    RAIN     PRES  SRAD   TA9M   WS2M   TS10   TB10   TS05   TS25   TS60    TR05    TR25    TR60
 KIN2   133     0     75   12.0    3.7    3.7   178    1.7    0.1    3.9    3.56   969.85     1   14.5    1.6   15.1   15.3   15.3   15.6   17.8    1.40    1.51    3.77
 KIN2   133     5     72   12.0    3.7    3.7   177    2.1    0.2    4.1    0.00   969.85     0   14.4    1.7   -995   -995   -995   -995   -995    -995    -995    -995
 KIN2   133    10     70   11.9    3.9    3.9   178    2.0    0.2    4.3    0.00   969.83     0   14.2    1.9   -995   -995   -995   -995   -995    -995    -995    -995
 KIN2   133    15     68   11.9    4.3    4.3   178    1.5    0.2    4.6    0.00   969.81     0   14.2    2.3   15.1   15.1   15.2   15.6   17.7    -995    -995    -995
 KIN2   133    20     66   12.1    4.5    4.5   177    1.9    0.2    4.8    0.00   969.81     0   14.3    2.4   -995   -995   -995   -995   -995    -995    -995    -995
 KIN2   133    25     66   12.0    4.4    4.4   178    2.0    0.2    4.9    0.00   969.77     0   14.2    2.4   -995   -995   -995   -995   -995    -995    -995    -995
 KIN2   133    30     67   11.7    4.0    4.0   179    1.9    0.2    4.5    0.00   969.76     0   13.9    2.1   15.0   14.9   15.0   15.5   17.7    1.40    1.52    3.77
 KIN2   133    35     69   11.4    4.3    4.3   178    1.9    0.2    4.6    0.00   969.78     0   13.6    2.1   -995   -995   -995   -995   -995    -995    -995    -995
 KIN2   133    40     68   11.4    4.5    4.5   177    1.9    0.2    5.0    0.00   969.77     0   13.6    2.4   -995   -995   -995   -995   -995    -995    -995    -995
 KIN2   133    45     68   11.3    4.6    4.6   174    1.5    0.1    4.8    0.00   969.74     0   13.7    2.3   15.0   14.6   14.9   15.5   17.6    -995    -995    -995
 KIN2   133    50     68   11.3    4.3    4.3   171    3.1    0.4    5.1    0.00   969.72     0   13.6    2.3   -995   -995   -995   -995   -995    -995    -995    -995
 KIN2   133    55     65   11.4    4.5    4.4   172    3.0    0.2    5.0    0.00   969.71     0   13.4    2.4   -995   -995   -995   -995   -995    -995    -995    -995
 KIN2   133    60     66   11.2    3.6    3.6   168    2.8    0.2    4.1    0.00   969.75     0   13.0    2.0   14.9   14.4   14.8   15.5   17.5    1.40    1.52    3.77
 KIN2   133    65     69   10.8    3.4    3.4   166    4.6    0.2    3.9    0.00   969.81     0   12.7    1.6   -995   -995   -995   -995   -995    -995    -995    -995
 KIN2   133    70     71   10.6    3.4    3.4   161    3.5    0.2    4.0    0.00   969.84     0   12.5    1.7   -995   -995   -995   -995   -995    -995    -995    -995
 KIN2   133    75     70   10.6    3.3    3.3   161    3.4    0.1    3.7    0.00   969.82     0   12.4    1.6   14.9   14.2   14.7   15.4   17.5    -995    -995    -995
 KIN2   133    80     71   10.5    3.4    3.4   161    3.3    0.2    3.8    0.00   969.81     0   12.2    1.7   -995   -995   -995   -995   -995    -995    -995    -995
 KIN2   133    85     70   10.5    3.5    3.5   162    3.0    0.2    3.8    0.00   969.83     0   12.2    1.8   -995   -995   -995   -995   -995    -995    -995    -995
 KIN2   133    90     71   10.3    3.3    3.2   162    3.6    0.2    3.6    0.00   969.84     0   12.1    1.5   14.8   13.9   14.6   15.4   17.5    1.40    1.52    3.78
 KIN2   133    95     71   10.3    3.3    3.2   158    4.2    0.2    3.9    0.00   969.85     0   12.0    1.7   -995   -995   -995   -995   -995    -995    -995    -995
 KIN2   133   100     71   10.2    3.1    3.0   159    3.9    0.2    3.5    0.00   969.91     0   11.9    1.4   -995   -995   -995   -995   -995    -995    -995    -995
 KIN2   133   105     72   10.1    2.9    2.9   153    2.8    0.1    3.3    0.00   969.95     0   11.7    1.4   14.8   13.8   14.6   15.4   17.5    -995    -995    -995
 KIN2   133   110     73    9.9    2.9    2.9   152    3.8    0.2    3.5    0.00   969.92     0   11.5    1.5   -995   -995   -995   -995   -995    -995    -995    -995
 KIN2   133   115     73    9.8    2.9    2.9   156    4.3    0.2    3.5    0.00   969.93     0   11.4    1.4   -995   -995   -995   -995   -995    -995    -995    -995
 KIN2   133   120     73    9.8    2.5    2.4   155    5.5    0.2    3.1    0.00   969.93     0   11.1    1.0   14.8   13.6   14.5   15.4   17.4    1.40    1.52    3.78
 KIN2   133   125     72    9.9    2.6    2.6   154    5.6    0.2    3.2    0.00   969.90     0   11.2    1.3   -995   -995   -995   -995   -995    -995    -995    -995
 KIN2   133   130     72    9.6    2.0    2.0   157    7.3    0.3    2.8    0.00   969.83     0   11.0    0.5   -995   -995   -995   -995   -995    -995    -995    -995
 KIN2   133   135     73    9.4    1.6    1.6   175    7.5    0.2    2.2    0.00   969.85     0   10.6    1.1   14.7   13.4   14.4   15.4   17.4    -995    -995    -995
 KIN2   133   140     74    9.3    2.1    2.1   172    7.1    0.2    2.6    0.00   969.86     0   10.3    1.5   -995   -995   -995   -995   -995    -995    -995    -995
 KIN2   133   145     73    9.5    1.9    1.9   171    7.5    0.2    2.4    0.00   969.88     0   10.3    1.2   -995   -995   -995   -995   -995    -995    -995    -995
 KIN2   133   150     73    9.3    2.3    2.3   161    4.0    0.2    2.9    0.00   969.91     0   10.4    0.8   14.7   13.2   14.3   15.4   17.4    1.40    1.53    3.78
 KIN2   133   155     75    9.0    2.7    2.7   161    3.1    0.2    3.2    0.00   969.94     0   10.6    1.2   -995   -995   -995   -995   -995    -995    -995    -995
 KIN2   133   160     76    8.9    2.2    2.2   164    3.5    0.2    2.8    0.00   969.96     0   10.4    1.0   -995   -995   -995   -995   -995    -995    -995    -995
 KIN2   133   165     76    8.9    2.1    2.1   164    3.3    0.1    2.4    0.00   969.99     0   10.3    1.3   14.6   13.0   14.3   15.4   17.4    -995    -995    -995
 KIN2   133   170     76    8.9    2.0    2.0   160    2.5    0.1    2.4    0.00   970.01     0   10.3    1.0   -995   -995   -995   -995   -995    -995    -995    -995
 KIN2   133   175     76    8.9    2.0    2.0   159    3.3    0.1    2.3    0.00   970.07     0   10.2    1.1   -995   -995   -995   -995   -995    -995    -995    -995
 KIN2   133   180     77    8.6    2.0    2.0   159    2.2    0.1    2.4    0.00   970.09     0   10.1    1.0   14.6   12.9   14.2   15.4   17.4    1.40    1.53    3.77
 KIN2   133   185     78    8.4    2.0    2.0   161    3.2    0.2    2.4    0.00   970.10     0   10.2    1.1   -995   -995   -995   -995   -995    -995    -995    -995
 KIN2   133   190     80    8.1    2.2    2.2   161    3.2    0.1    2.5    0.00   970.16     0   10.2    1.2   -995   -995   -995   -995   -995    -995    -995    -995
 KIN2   133   195     82    7.8    2.6    2.6   164    1.9    0.2    3.0    0.00   970.17     0   10.0    1.6   14.6   12.7   14.1   15.4   17.4    -995    -995    -995
 KIN2   133   200     83    7.7    2.9    2.9   163    2.4    0.1    3.1    0.00   970.17     0    9.9    1.7   -995   -995   -995   -995   -995    -995    -995    -995
 KIN2   133   205     83    7.7    2.9    2.9   162    2.5    0.1    3.2    0.00   970.23     0    9.7    1.6   -995   -995   -995   -995   -995    -995    -995    -995
 KIN2   133   210     83    7.7    2.7    2.7   158    1.9    0.2    3.1    0.00   970.26     0    9.5    1.3   14.5   12.6   14.0   15.4   17.4    1.39    1.53    3.78
 KIN2   133   215     83    7.8    2.4    2.4   156    3.8    0.1    2.6    0.00   970.27     0    9.4    0.7   -995   -995   -995   -995   -995    -995    -995    -995
 KIN2   133   220     82    7.9    2.0    2.0   152    2.6    0.1    2.3    0.00   970.21     0    9.4    0.1   -995   -995   -995   -995   -995    -995    -995    -995
 KIN2   133   225     81    8.0    1.7    1.7   149    3.0    0.2    2.1    0.00   970.23     0    9.3    0.0   14.5   12.4   14.0   15.4   17.4    -995    -995    -995
 KIN2   133   230     80    8.2    1.4    1.4   150    3.7    0.1    1.7    0.00   970.27     0    9.3    0.0   -995   -995   -995   -995   -995    -995    -995    -995
 KIN2   133   235     79    8.2    1.2    1.2   149    4.8    0.1    1.8    0.00   970.24     0    9.2    0.0   -995   -995   -995   -995   -995    -995    -995    -995
 KIN2   133   240     79    8.1    1.2    1.2   162    4.5    0.1    1.5    0.00   970.17     0    9.1    0.0   14.4   12.3   13.9   15.4   17.4    1.40    1.52    3.77
 KIN2   133   245     78    8.2    1.4    1.4   170    4.2    0.1    1.7    0.00   970.15     0    9.0    0.3   -995   -995   -995   -995   -995    -995    -995    -995
 KIN2   133   250     77    8.2    1.7    1.7   172    2.5    0.2    2.3    0.00   970.08     0    9.0    0.6   -995   -995   -995   -995   -995    -995    -995    -995
 KIN2   133   255     78    7.9    2.0    2.0   171    2.0    0.1    2.3    0.00   970.02     0    9.0    1.0   14.4   12.1   13.8   15.4   17.4    -995    -995    -995
 KIN2   133   260     79    7.8    1.7    1.7   177    4.1    0.4    2.2    0.00   969.98     0    8.9    0.4   -995   -995   -995   -995   -995    -995    -995    -995
 KIN2   133   265     81    7.2    1.3    1.3   199    5.0    0.2    1.8    0.00   969.91     0    8.7    0.1   -995   -995   -995   -995   -995    -995    -995    -995
 KIN2   133   270     82    7.5    1.9    1.9   198    4.5    0.1    2.2    0.00   969.89     0    8.5    0.9   14.3   12.0   13.7   15.4   17.3    1.40    1.52    3.78
 KIN2   133   275     81    7.4    2.2    2.2   193    4.4    0.3    2.8    0.00   969.88     0    8.5    1.4   -995   -995   -995   -995   -995    -995    -995    -995
 KIN2   133   280     83    6.9    2.9    2.9   186    1.7    0.1    3.0    0.00   969.83     0    8.3    1.6   -995   -995   -995   -995   -995    -995    -995    -995
 KIN2   133   285     85    7.0    2.7    2.7   189    2.2    0.1    2.9    0.00   969.84     0    8.1    1.5   14.3   11.9   13.6   15.4   17.3    -995    -995    -995
 KIN2   133   290     85    7.0    2.1    2.1   188    2.4    0.3    2.8    0.00   969.83     0    8.0    1.1   -995   -995   -995   -995   -995    -995    -995    -995
 KIN2   133   295     84    7.2    1.3    1.3   187    3.1    0.2    1.7    0.00   969.87     0    7.9    0.4   -995   -995   -995   -995   -995    -995    -995    -995
 KIN2   133   300     83    7.2    0.7    0.7   166   10.6    0.2    1.1    0.00   969.87     0    8.1    0.0   14.2   11.7   13.6   15.3   17.3    1.40    1.53    3.78
 KIN2   133   305     83    7.0    0.5    0.5   143    4.9    0.1    0.7    0.00   969.87     0    8.0    0.0   -995   -995   -995   -995   -995    -995    -995    -995
 KIN2   133   310     83    7.1    0.4    0.4   137    6.5    0.3    1.2    0.00   969.84     0    8.0    0.0   -995   -995   -995   -995   -995    -995    -995    -995
 KIN2   133   315     84    6.5    0.0    0.0   143    0.6    0.1    0.2    0.00   969.85     0    7.8    0.2   14.2   11.6   13.5   15.3   17.3    -995    -995    -995
 KIN2   133   320     85    6.5    0.2    0.2   169    5.8    0.1    0.6    0.00   969.79     0    7.9    0.0   -995   -995   -995   -995   -995    -995    -995    -995
 KIN2   133   325     85    6.5    0.3    0.3   174    6.4    0.2    0.8    0.00   969.75     0    8.1    0.0   -995   -995   -995   -995   -995    -995    -995    -995
 KIN2   133   330     85    6.4    0.1    0.1   179    0.4    0.1    0.4    0.00   969.71     0    8.0    0.0   14.2   11.5   13.5   15.3   17.3    1.39    1.52    3.78
 KIN2   133   335     86    6.4    0.0    0.0     0    0.0    0.0    0.0    0.00   969.72     0    7.8    0.2   -995   -995   -995   -995   -995    -995    -995    -995
 KIN2   133   340     86    6.1    0.0    0.0     0    0.0    0.0    0.0    0.00   969.77     0    7.7    0.4   -995   -995   -995   -995   -995    -995    -995    -995
 KIN2   133   345     87    6.0    0.0    0.0     0    0.0    0.0    0.0    0.00   969.77     0    7.5    0.0   14.1   11.4   13.4   15.3   17.4    -995    -995    -995
 KIN2   133   350     87    5.9    0.0    0.0     0    0.0    0.0    0.0    0.00   969.78     0    7.3    0.0   -995   -995   -995   -995   -995    -995    -995    -995
 KIN2   133   355     88    5.6    0.0    0.0     0    0.0    0.0    0.0    0.00   969.79     0    7.2    0.0   -995   -995   -995   -995   -995    -995    -995    -995
 KIN2   133   360     89    5.3    0.3    0.3    51    4.2    0.3    0.9    0.00   969.79     0    7.2    0.0   14.1   11.3   13.4   15.3   17.4    1.40    1.52    3.78
 KIN2   133   365     90    5.2    1.2    1.2    38    4.8    0.2    1.4    0.00   969.83     0    6.9    0.8   -995   -995   -995   -995   -995    -995    -995    -995
 KIN2   133   370     92    4.9    1.7    1.7    25    4.1    0.1    2.0    0.00   969.85     0    6.9    1.2   -995   -995   -995   -995   -995    -995    -995    -995
 KIN2   133   375     93    5.1    1.7    1.7    20    2.9    0.2    2.0    0.00   969.86     0    6.7    1.1   14.1   11.1   13.3   15.3   17.4    -995    -995    -995
 KIN2   133   380     93    5.0    1.6    1.6    19    4.3    0.1    1.9    0.00   969.84     0    6.8    1.0   -995   -995   -995   -995   -995    -995    -995    -995
 KIN2   133   385     93    5.3    1.5    1.5    33    9.1    0.1    1.9    0.00   969.83     0    7.5    1.1   -995   -995   -995   -995   -995    -995    -995    -995
 KIN2   133   390     92    5.3    1.1    1.1    54    8.1    0.2    1.4    0.00   969.86     0    7.9    0.5   14.0   11.0   13.3   15.3   17.3    1.40    1.52    3.78
 KIN2   133   395     92    4.8    0.8    0.8    64    7.7    0.1    1.2    0.00   969.91     0    7.4    0.1   -995   -995   -995   -995   -995    -995    -995    -995
 KIN2   133   400     93    5.5    0.5    0.5    66   13.7    0.2    1.0    0.00   969.89     0    7.8    1.1   -995   -995   -995   -995   -995    -995    -995    -995
 KIN2   133   405     92    5.6    0.3    0.3    95   34.7    0.2    1.1    0.00   969.85     0    8.1    0.9   14.0   10.9   13.2   15.3   17.3    -995    -995    -995
 KIN2   133   410     92    5.5    0.5    0.4    80   17.8    0.2    1.0    0.00   969.83     0    8.3    1.1   -995   -995   -995   -995   -995    -995    -995    -995
 KIN2   133   415     91    5.5    0.6    0.6    63   11.8    0.1    1.0    0.00   969.85     0    8.4    1.4   -995   -995   -995   -995   -995    -995    -995    -995
 KIN2   133   420     92    5.6    0.7    0.7    63   18.7    0.1    0.9    0.00   969.88     0    8.8    1.5   13.9   10.8   13.2   15.2   17.3    1.40    1.52    3.78
 KIN2   133   425     91    5.7    0.6    0.5    75   16.8    0.1    0.9    0.00   969.89     0    9.0    1.2   -995   -995   -995   -995   -995    -995    -995    -995
 KIN2   133   430     90    5.8    0.3    0.3    88   14.6    0.2    0.8    0.00   969.86     0    8.9    0.5   -995   -995   -995   -995   -995    -995    -995    -995
 KIN2   133   435     89    5.4    0.4    0.4   112   18.8    0.2    0.8    0.00   969.82     0    8.7    0.0   13.9   10.6   13.1   15.2   17.3    -995    -995    -995
 KIN2   133   440     90    5.2    0.4    0.3   112   20.1    0.2    0.8    0.00   969.81     0    8.4    0.0   -995   -995   -995   -995   -995    -995    -995    -995
 KIN2   133   445     90    4.9    0.4    0.4   113   21.4    0.2    0.9    0.00   969.80     0    8.3    0.6   -995   -995   -995   -995   -995    -995    -995    -995
 KIN2   133   450     91    4.9    0.5    0.4   111   12.9    0.1    0.8    0.00   969.74     0    8.5    0.8   13.8   10.6   13.1   15.2   17.3    1.41    1.53    3.78
 KIN2   133   455     91    4.9    0.5    0.5    63   14.3    0.1    0.7    0.00   969.70     0    8.4    0.6   -995   -995   -995   -995   -995    -995    -995    -995
 KIN2   133   460     92    5.2    0.6    0.5    46   13.2    0.1    0.9    0.00   969.73     0    8.6    1.3   -995   -995   -995   -995   -995    -995    -995    -995
 KIN2   133   465     91    5.5    0.7    0.7    59   14.6    0.2    1.2    0.00   969.76     0    8.9    1.3   13.8   10.4   13.1   15.2   17.3    -995    -995    -995
 KIN2   133   470     90    5.1    0.9    0.9    39   15.1    0.1    1.1    0.00   969.78     0    8.8    1.2   -995   -995   -995   -995   -995    -995    -995    -995
 KIN2   133   475     90    4.6    1.2    1.2    20    7.6    0.1    1.5    0.00   969.80     0    8.2    0.7   -995   -995   -995   -995   -995    -995    -995    -995
 KIN2   133   480     91    5.0    1.0    1.0    23    9.4    0.3    1.6    0.00   969.79     0    8.2    1.0   13.8   10.3   13.0   15.2   17.3    1.40    1.52    3.78
 KIN2   133   485     91    5.1    0.6    0.6    26   12.6    0.3    1.1    0.00   969.78     0    8.4    0.4   -995   -995   -995   -995   -995    -995    -995    -995
 KIN2   133   490     90    4.8    0.2    0.2    79   20.1    0.2    0.7    0.00   969.77     0    8.6    0.3   -995   -995   -995   -995   -995    -995    -995    -995
 KIN2   133   495     90    4.7    0.6    0.5   109   11.4    0.3    0.9    0.00   969.77     0    8.5    0.0   13.7   10.2   13.0   15.1   17.3    -995    -995    -995
 KIN2   133   500     91    4.6    0.7    0.7   112   14.1    0.2    1.3    0.00   969.77     0    8.6    0.0   -995   -995   -995   -995   -995    -995    -995    -995
 KIN2   133   505     92    4.7    0.5    0.5   101   10.6    0.1    0.8    0.00   969.77     0    8.9    0.0   -995   -995   -995   -995   -995    -995    -995    -995
 KIN2   133   510     93    4.4    0.6    0.6    96   17.9    0.1    1.0    0.00   969.79     0    9.1    0.3   13.7   10.1   12.9   15.1   17.3    1.40    1.53    3.78
 KIN2   133   515     94    5.3    0.7    0.7   124   14.4    0.2    1.1    0.00   969.76     0    9.4    0.6   -995   -995   -995   -995   -995    -995    -995    -995
 KIN2   133   520     93    5.9    0.7    0.7   140    7.6    0.1    1.1    0.00   969.75     0    9.3    0.0   -995   -995   -995   -995   -995    -995    -995    -995
 KIN2   133   525     91    6.0    0.8    0.8   156    5.8    0.2    1.0    0.00   969.78     0    9.4    0.0   13.6   10.1   12.9   15.1   17.3    -995    -995    -995
 KIN2   133   530     90    5.5    0.9    0.9   153   13.1    0.3    2.1    0.00   969.81     0    9.6    0.0   -995   -995   -995   -995   -995    -995    -995    -995
 KIN2   133   535     89    6.4    0.7    0.7   145    5.9    0.1    1.0    0.00   969.80     0    9.7    0.0   -995   -995   -995   -995   -995    -995    -995    -995
 KIN2   133   540     87    5.7    0.8    0.8   144    5.7    0.1    1.0    0.00   969.79     0    9.8    0.0   13.6   10.0   12.9   15.1   17.3    1.41    1.52    3.78
 KIN2   133   545     88    6.6    0.4    0.4   150    3.8    0.1    0.7    0.00   969.82     0    9.8    0.0   -995   -995   -995   -995   -995    -995    -995    -995
 KIN2   133   550     85    7.2    0.2    0.2   168    6.9    0.2    0.7    0.00   969.84     0    9.8    0.0   -995   -995   -995   -995   -995    -995    -995    -995
 KIN2   133   555     84    6.1    0.7    0.6   172   19.8    0.4    1.6    0.00   969.80     0    9.8    0.0   13.6    9.9   12.8   15.1   17.3    -995    -995    -995
 KIN2   133   560     84    5.7    1.1    1.1   170    7.3    0.2    1.8    0.00   969.75     0    9.9    0.0   -995   -995   -995   -995   -995    -995    -995    -995
 KIN2   133   565     86    5.3    1.2    1.2   169    7.7    0.2    1.8    0.00   969.75     0    9.8    0.0   -995   -995   -995   -995   -995    -995    -995    -995
 KIN2   133   570     88    5.4    1.3    1.3   171    5.6    0.3    2.0    0.00   969.73     0    9.9    0.0   13.6    9.8   12.8   15.1   17.3    1.41    1.52    3.77
 KIN2   133   575     88    6.6    1.6    1.6   170    5.0    0.2    2.2    0.00   969.68     0   10.0    0.0   -995   -995   -995   -995   -995    -995    -995    -995
 KIN2   133   580     85    7.3    1.7    1.7   171    3.6    0.2    2.1    0.00   969.66     0   10.0    0.0   -995   -995   -995   -995   -995    -995    -995    -995
 KIN2   133   585     80    7.7    1.7    1.7   171    4.7    0.2    2.3    0.00   969.63     0    9.9    0.2   13.5    9.7   12.7   15.0   17.3    -995    -995    -995
 KIN2   133   590     78    6.7    1.9    1.9   169    3.6    0.1    2.3    0.00   969.58     0    9.8    0.0   -995   -995   -995   -995   -995    -995    -995    -995
 KIN2   133   595     80    6.4    2.0    2.0   168    6.7    0.2    2.6    0.00   969.56     0    9.8    0.4   -995   -995   -995   -995   -995    -995    -995    -995
 KIN2   133   600     82    6.7    2.1    2.1   166    6.3    0.3    2.8    0.00   969.55     0    9.7    0.4   13.5    9.6   12.7   15.0   17.2    1.40    1.52    3.78
 KIN2   133   605     82    6.3    1.3    1.3   163    5.6    0.3    1.9    0.00   969.58     0    9.3    0.0   -995   -995   -995   -995   -995    -995    -995    -995
 KIN2   133   610     83    6.2    0.6    0.6   164   10.1    0.2    1.0    0.00   969.64     0    9.0    0.1   -995   -995   -995   -995   -995    -995    -995    -995
 KIN2   133   615     85    5.7    0.5    0.5   163   10.6    0.2    0.9    0.00   969.67     0    9.0    0.5   13.4    9.5   12.6   15.0   17.2    -995    -995    -995
 KIN2   133   620     87    6.2    0.8    0.7   194   14.3    0.4    1.6    0.00   969.68     0    9.2    0.1   -995   -995   -995   -995   -995    -995    -995    -995
 KIN2   133   625     85    6.9    1.2    1.2   196    6.0    0.2    1.7    0.00   969.67     0    9.4    0.0   -995   -995   -995   -995   -995    -995    -995    -995
 KIN2   133   630     82    7.3    1.6    1.6   198    5.6    0.2    2.1    0.00   969.67     0    9.7    0.8   13.4    9.5   12.6   15.0   17.2    1.41    1.52    3.78
 KIN2   133   635     80    7.4    2.0    2.0   194    8.5    0.2    2.5    0.00   969.67     0    9.6    1.2   -995   -995   -995   -995   -995    -995    -995    -995
 KIN2   133   640     78    7.5    2.3    2.3   190    5.9    0.3    3.1    0.00   969.70     0    9.4    1.2   -995   -995   -995   -995   -995    -995    -995    -995
 KIN2   133   645     79    7.4    2.2    2.2   187    5.5    0.2    3.5    0.00   969.74     0    9.2    0.9   13.4    9.4   12.6   14.9   17.2    -995    -995    -995
 KIN2   133   650     79    8.1    1.6    1.6   184    5.2    0.4    2.7    0.00   969.77     0    9.3    0.2   -995   -995   -995   -995   -995    -995    -995    -995
 KIN2   133   655     76    8.4    0.6    0.6   196   10.2    0.3    1.2    0.00   969.78     0    9.3    0.0   -995   -995   -995   -995   -995    -995    -995    -995
 KIN2   133   660     76    7.9    0.7    0.7   250   21.5    0.4    1.5    0.00   969.82     0    9.3    0.6   13.3    9.3   12.5   14.9   17.2    1.40    1.52    3.78
 KIN2   133   665     76    7.6    0.8    0.7   236   16.9    0.3    1.4    0.00   969.87     0    9.3    0.3   -995   -995   -995   -995   -995    -995    -995    -995
 KIN2   133   670     79    7.2    0.3    0.3   156   33.5    0.3    0.9    0.00   969.86     0    9.3    0.2   -995   -995   -995   -995   -995    -995    -995    -995
 KIN2   133   675     79    6.4    0.4    0.4   100   24.1    0.4    1.4    0.00   969.85     0    9.2    0.1   13.3    9.3   12.5   14.9   17.2    -995    -995    -995
 KIN2   133   680     81    6.4    0.7    0.6    88   22.0    0.2    1.2    0.00   969.85     0    9.1    0.0   -995   -995   -995   -995   -995    -995    -995    -995
 KIN2   133   685     82    6.9    0.4    0.2   160   50.4    0.4    1.5    0.00   969.91     0    9.1    0.1   -995   -995   -995   -995   -995    -995    -995    -995
 KIN2   133   690     79    8.0    0.4    0.3   162   28.9    0.3    1.1    0.00   970.01     0    9.2    0.1   13.3    9.2   12.5   14.9   17.2    1.41    1.52    3.78
 KIN2   133   695     77    7.6    1.5    1.4   171   14.5    0.4    2.4    0.00   970.03     0    9.1    0.2   -995   -995   -995   -995   -995    -995    -995    -995
 KIN2   133   700     76    7.7    1.3    1.2   164   21.2    0.6    2.5    0.00   969.97     0    9.1    0.4   -995   -995   -995   -995   -995    -995    -995    -995
 KIN2   133   705     77    6.9    1.7    1.6   161   19.0    0.5    3.1    0.00   969.91     0    9.1    0.4   13.2    9.2   12.5   14.9   17.2    -995    -995    -995
 KIN2   133   710     78    7.8    1.9    1.8   167    9.6    0.5    3.7    0.00   969.94     0    9.3    0.3   -995   -995   -995   -995   -995    -995    -995    -995
 KIN2   133   715     77    7.4    0.8    0.7   175   26.6    0.5    2.0    0.00   970.05     0    9.1    0.1   -995   -995   -995   -995   -995    -995    -995    -995
 KIN2   133   720     77    7.6    0.5    0.4   206   30.4    0.3    1.3    0.00   970.15     0    9.0    0.5   13.2    9.1   12.5   14.9   17.2    1.40    1.53    3.78
 KIN2   133   725     78    7.3    0.3    0.2   271   44.2    0.3    1.0    0.00   970.28     0    9.1    1.1   -995   -995   -995   -995   -995    -995    -995    -995
 KIN2   133   730     79    7.6    0.6    0.5   346   31.6    0.4    1.6    0.00   970.45     0    9.2    1.0   -995   -995   -995   -995   -995    -995    -995    -995
 KIN2   133   735     77    6.7    0.4    0.4   317   10.7    0.3    1.5    0.00   970.53     0    9.4    0.3   13.2    9.1   12.4   14.8   17.2    -995    -995    -995
 KIN2   133   740     80    6.0    0.2    0.1   233   49.0    0.2    0.6    0.00   970.45     0    8.8    0.1   -995   -995   -995   -995   -995    -995    -995    -995
 KIN2   133   745     83    6.2    0.5    0.4   164   18.6    0.3    1.1    0.00   970.44     0    8.9    0.0   -995   -995   -995   -995   -995    -995    -995    -995
 KIN2   133   750     83    7.6    0.2    0.1   279   40.3    0.2    0.8    0.00   970.48     0    9.3    0.7   13.2    9.0   12.4   14.9   17.2    1.41    1.52    3.78
 KIN2   133   755     77    7.9    0.8    0.7   276   25.4    0.4    1.6    0.00   970.56     1    9.6    1.1   -995   -995   -995   -995   -995    -995    -995    -995
 KIN2   133   760     75    8.6    0.7    0.5   250   36.9    0.4    1.4    0.00   970.62     2    9.8    0.6   -995   -995   -995   -995   -995    -995    -995    -995
 KIN2   133   765     72    8.7    0.8    0.7   227   17.6    0.3    1.5    0.00   970.70     3    9.8    0.2   13.2    9.0   12.4   14.8   17.2    -995    -995    -995
 KIN2   133   770     72    8.7    0.9    0.9   225   14.5    0.2    1.4    0.00   970.86     5    9.8    0.1   -995   -995   -995   -995   -995    -995    -995    -995
 KIN2   133   775     70    9.1    1.8    1.7   207    8.9    0.5    2.7    0.00   971.01     8   10.0    1.2   -995   -995   -995   -995   -995    -995    -995    -995
 KIN2   133   780     70    8.9    1.9    1.9   213    8.1    0.2    2.3    0.00   971.14    14   10.0    1.2   13.1    8.9   12.4   14.8   17.2    1.41    1.53    3.78
 KIN2   133   785     71    8.2    1.7    1.4   272   30.7    0.3    2.4    0.00   971.51    24    9.7    1.3   -995   -995   -995   -995   -995    -995    -995    -995
 KIN2   133   790     77    7.3    2.5    2.5   303   12.0    0.4    3.7    0.00   971.96    36    9.0    1.6   -995   -995   -995   -995   -995    -995    -995    -995
 KIN2   133   795     79    8.1    2.4    2.3   262   15.9    0.4    3.6    0.00   972.02    49    9.2    1.0   13.1    8.8   12.3   14.7   17.2    -995    -995    -995
 KIN2   133   800     75    8.5    2.4    2.3   264   13.6    0.4    3.5    0.00   972.13    65    9.4    1.4   -995   -995   -995   -995   -995    -995    -995    -995
 KIN2   133   805     77    8.3    2.5    2.4   293   11.8    0.7    3.6    0.00   972.43    82    9.2    1.2   -995   -995   -995   -995   -995    -995    -995    -995
 KIN2   133   810     75    8.9    1.6    1.5   238   16.0    0.3    2.3    0.00   972.30   100    9.6    0.6   13.0    8.7   12.3   14.7   17.1    1.41    1.53    3.77
 KIN2   133   815     73    9.0    1.3    1.2   280   20.8    0.3    1.8    0.00   972.43   118    9.7    0.7   -995   -995   -995   -995   -995    -995    -995    -995
 KIN2   133   820     74    8.6    2.2    2.2   310    9.7    0.5    3.5    0.00   972.71   135    9.1    1.5   -995   -995   -995   -995   -995    -995    -995    -995
 KIN2   133   825     75    8.4    1.9    1.8   311   10.6    0.4    2.8    0.00   972.70   150    8.7    1.2   12.9    8.6   12.2   14.6   17.1    -995    -995    -995
 KIN2   133   830     76    8.5    1.4    1.3   293   16.8    0.4    2.5    0.00   972.66   167    8.9    0.4   -995   -995   -995   -995   -995    -995    -995    -995
 KIN2   133   835     76    8.8    1.0    0.9   293   12.9    0.2    1.5    0.00   972.75   183    9.1    0.2   -995   -995   -995   -995   -995    -995    -995    -995
 KIN2   133   840     76    8.9    1.6    1.6   335   12.8    0.5    2.9    0.00   973.01   199    9.1    1.2   12.9    8.6   12.2   14.6   17.0    1.41    1.52    3.78
 KIN2   133   845     77    8.9    1.0    1.0   351   13.1    0.7    2.6    0.00   973.06   215    9.0    0.5   -995   -995   -995   -995   -995    -995    -995    -995
 KIN2   133   850     77    9.5    0.3    0.3   348   28.3    0.2    0.7    0.00   973.08   232    9.7    0.0   -995   -995   -995   -995   -995    -995    -995    -995
 KIN2   133   855     75   10.1    0.2    0.2   348   18.0    0.2    0.7    0.00   973.15   248   10.2    0.0   12.9    8.6   12.2   14.5   17.0    -995    -995    -995
 KIN2   133   860     72   10.2    0.3    0.3   310   10.7    0.3    0.9    0.00   973.22   265   10.7    0.0   -995   -995   -995   -995   -995    -995    -995    -995
 KIN2   133   865     68   10.3    0.6    0.6   285   15.6    0.3    1.0    0.00   973.28   281   10.8    0.2   -995   -995   -995   -995   -995    -995    -995    -995
 KIN2   133   870     69   10.2    2.1    2.1   321   12.9    0.7    3.6    0.00   973.36   297   10.3    1.5   12.8    8.5   12.2   14.5   17.0    1.41    1.53    3.78
 KIN2   133   875     71    9.9    1.1    1.1   330   16.5    0.5    2.5    0.00   973.45   313   10.0    0.5   -995   -995   -995   -995   -995    -995    -995    -995
 KIN2   133   880     71   10.1    1.8    1.8   337   14.6    0.7    3.6    0.00   973.48   330   10.1    1.4   -995   -995   -995   -995   -995    -995    -995    -995
 KIN2   133   885     76    9.7    2.8    2.7   358   14.0    0.5    3.7    0.00   973.62   345    9.5    2.3   12.8    8.7   12.3   14.5   17.0    -995    -995    -995
 KIN2   133   890     77    9.8    2.3    2.2     5   12.4    0.4    3.1    0.00   973.57   361    9.6    1.9   -995   -995   -995   -995   -995    -995    -995    -995
 KIN2   133   895     76   10.1    2.5    2.4     4   16.8    0.6    3.6    0.00   973.59   377    9.8    2.0   -995   -995   -995   -995   -995    -995    -995    -995
 KIN2   133   900     74   10.3    2.0    2.0   352   11.7    0.7    3.4    0.00   973.67   392   10.0    1.7   12.9    8.9   12.4   14.5   17.0    1.41    1.52    3.77
 KIN2   133   905     72   10.7    1.5    1.4     9   11.7    0.3    2.3    0.00   973.70   407   10.4    1.0   -995   -995   -995   -995   -995    -995    -995    -995
 KIN2   133   910     71   10.8    1.2    1.2    36   10.4    0.2    1.8    0.00   973.71   422   10.6    0.9   -995   -995   -995   -995   -995    -995    -995    -995
 KIN2   133   915     70   11.3    1.3    1.3    18   12.9    0.2    1.8    0.00   973.73   437   10.9    1.0   12.9    9.0   12.5   14.5   17.1    -995    -995    -995
 KIN2   133   920     67   11.4    1.5    1.4    14   16.4    0.3    2.2    0.00   973.72   451   11.0    1.2   -995   -995   -995   -995   -995    -995    -995    -995
 KIN2   133   925     65   11.9    1.0    0.9   347   25.3    0.4    1.6    0.00   973.82   466   11.5    0.4   -995   -995   -995   -995   -995    -995    -995    -995
 KIN2   133   930     63   12.2    1.1    1.0   324   20.6    0.4    1.9    0.00   973.87   479   12.0    0.6   12.9    9.2   12.6   14.5   17.0    1.41    1.52    3.77
 KIN2   133   935     61   12.0    1.6    1.6   334   10.8    0.4    2.6    0.00   973.95   492   11.9    1.2   -995   -995   -995   -995   -995    -995    -995    -995
 KIN2   133   940     62   12.3    1.4    1.4   335   16.9    0.5    2.8    0.00   973.97   505   12.0    1.0   -995   -995   -995   -995   -995    -995    -995    -995
 KIN2   133   945     59   12.8    0.8    0.7   341   28.5    0.6    2.3    0.00   973.92   517   12.5    0.5   12.9    9.5   12.7   14.5   17.0    -995    -995    -995
 KIN2   133   950     55   12.8    0.8    0.8   318   11.9    0.5    1.7    0.00   974.00   529   12.6    0.5   -995   -995   -995   -995   -995    -995    -995    -995
 KIN2   133   955     55   13.1    0.6    0.5   233   32.0    0.3    1.7    0.00   974.05   542   13.2    0.2   -995   -995   -995   -995   -995    -995    -995    -995
 KIN2   133   960     53   13.0    1.4    1.3   218   20.8    0.8    3.4    0.00   974.12   553   12.9    0.8   12.9    9.8   12.8   14.5   17.0    1.41    1.53    3.78
 KIN2   133   965     52   13.0    1.6    1.6   237   15.5    0.7    2.9    0.00   974.16   565   12.9    1.3   -995   -995   -995   -995   -995    -995    -995    -995
 KIN2   133   970     52   13.1    1.7    1.7   255   15.8    0.5    2.8    0.00   974.18   575   12.9    1.2   -995   -995   -995   -995   -995    -995    -995    -995
 KIN2   133   975     52   13.3    1.9    1.8   246   16.6    0.4    2.6    0.00   974.28   586   13.1    1.5   13.0   10.2   12.9   14.5   17.1    -995    -995    -995
 KIN2   133   980     51   13.6    1.9    1.8   240   19.6    0.5    3.1    0.00   974.31   597   13.2    1.5   -995   -995   -995   -995   -995    -995    -995    -995
 KIN2   133   985     51   13.7    2.2    2.2   233   10.6    0.5    3.4    0.00   974.27   606   13.0    1.7   -995   -995   -995   -995   -995    -995    -995    -995
 KIN2   133   990     52   13.6    1.9    1.8   227   16.1    0.5    3.0    0.00   974.26   615   13.0    1.6   13.1   10.6   13.1   14.6   17.1    1.41    1.52    3.77
 KIN2   133   995     51   13.6    1.6    1.5   200   12.6    0.4    2.3    0.00   974.28   625   13.1    1.1   -995   -995   -995   -995   -995    -995    -995    -995
 KIN2   133  1000     52   14.1    1.5    1.4   209   21.6    0.7    3.1    0.00   974.27   633   13.6    1.2   -995   -995   -995   -995   -995    -995    -995    -995
 KIN2   133  1005     50   14.6    1.7    1.6   266   17.7    0.5    2.9    0.00   974.35   641   13.9    1.1   13.2   11.0   13.3   14.6   17.1    -995    -995    -995
 KIN2   133  1010     49   14.2    1.7    1.6   245   23.1    0.4    2.4    0.00   974.38   649   13.7    1.3   -995   -995   -995   -995   -995    -995    -995    -995
 KIN2   133  1015     49   14.4    2.1    2.0   262   19.2    0.5    3.3    0.00   974.44   656   13.8    1.6   -995   -995   -995   -995   -995    -995    -995    -995
 KIN2   133  1020     49   14.9    1.5    1.5   247   18.7    0.8    3.5    0.00   974.46   662   14.2    1.0   13.2   11.4   13.5   14.6   17.1    1.41    1.52    3.78
 KIN2   133  1025     48   15.0    2.8    2.6   280   23.9    0.9    6.6    0.00   974.44   668   14.2    2.0   -995   -995   -995   -995   -995    -995    -995    -995
 KIN2   133  1030     59   14.2    4.4    4.2   316   14.7    0.8    6.2    0.00   974.51   671   13.2    3.5   -995   -995   -995   -995   -995    -995    -995    -995
 KIN2   133  1035     61   14.1    4.2    4.1   312   15.1    1.0    6.0    0.00   974.58   675   13.2    3.2   13.4   11.8   13.7   14.6   17.1    -995    -995    -995
 KIN2   133  1040     62   13.5    5.0    4.9   309   10.1    0.8    6.7    0.00   974.66   681   12.7    3.9   -995   -995   -995   -995   -995    -995    -995    -995
 KIN2   133  1045     62   13.4    4.4    4.3   317   10.9    1.0    6.2    0.00   974.68   687   12.6    3.3   -995   -995   -995   -995   -995    -995    -995    -995
 KIN2   133  1050     62   13.8    3.9    3.7   308   18.7    0.9    6.3    0.00   974.76   690   12.9    3.1   13.5   12.3   13.9   14.7   17.2    1.41    1.52    3.77
 KIN2   133  1055     60   14.1    3.4    3.3   315   17.8    0.7    5.5    0.00   974.83   695   13.2    2.9   -995   -995   -995   -995   -995    -995    -995    -995
 KIN2   133  1060     60   14.2    4.0    3.8   315   17.5    0.9    5.9    0.00   974.86   698   13.2    3.2   -995   -995   -995   -995   -995    -995    -995    -995
 KIN2   133  1065     58   14.5    3.5    3.4   303   15.5    0.8    5.7    0.00   974.92   702   13.4    2.9   13.6   12.7   14.1   14.7   17.2    -995    -995    -995
 KIN2   133  1070     58   14.1    4.3    4.2   313   13.3    1.3    7.1    0.00   974.98   704   13.2    3.4   -995   -995   -995   -995   -995    -995    -995    -995
 KIN2   133  1075     57   14.1    4.0    3.8   303   16.3    1.1    6.2    0.00   975.00   706   13.1    3.2   -995   -995   -995   -995   -995    -995    -995    -995
 KIN2   133  1080     58   14.1    4.3    4.2   314   14.3    0.7    6.1    0.00   975.00   708   13.2    3.4   13.7   13.0   14.3   14.7   17.2    1.41    1.52    3.77
 KIN2   133  1085     57   14.2    4.3    4.2   314   13.7    0.9    6.3    0.00   975.00   708   13.5    3.5   -995   -995   -995   -995   -995    -995    -995    -995
 KIN2   133  1090     56   14.6    4.1    4.0   321   12.9    1.1    6.8    0.00   974.95   711   13.7    3.2   -995   -995   -995   -995   -995    -995    -995    -995
 KIN2   133  1095     55   15.0    3.9    3.8   320   15.3    1.0    6.1    0.00   974.94   712   13.8    3.1   13.8   13.3   14.4   14.7   17.2    -995    -995    -995
 KIN2   133  1100     55   15.0    3.9    3.7   315   14.7    1.6    7.7    0.00   974.86   710   13.9    3.0   -995   -995   -995   -995   -995    -995    -995    -995
 KIN2   133  1105     53   15.0    3.6    3.5   312   14.1    0.7    4.9    0.00   974.85   709   14.1    2.8   -995   -995   -995   -995   -995    -995    -995    -995
 KIN2   133  1110     52   15.5    3.6    3.3   301   23.5    0.8    5.2    0.00   974.84   710   14.4    2.9   13.9   13.6   14.6   14.7   17.2    1.41    1.52    3.77
 KIN2   133  1115     54   15.4    4.0    3.8   326   16.8    0.9    6.2    0.00   974.83   706   14.4    3.4   -995   -995   -995   -995   -995    -995    -995    -995
 KIN2   133  1120     54   15.4    3.7    3.4   325   21.1    0.7    5.5    0.00   974.84   703   14.4    3.0   -995   -995   -995   -995   -995    -995    -995    -995
 KIN2   133  1125     56   15.8    3.7    3.5   328   18.0    1.0    6.0    0.00   974.79   700   14.8    3.1   13.9   13.8   14.6   14.7   17.1    -995    -995    -995
 KIN2   133  1130     56   15.8    3.9    3.6   317   19.2    1.1    7.0    0.00   974.74   698   14.7    3.0   -995   -995   -995   -995   -995    -995    -995    -995
 KIN2   133  1135     55   15.4    4.4    4.2   328   13.5    1.0    7.1    0.00   974.75   693   14.4    3.5   -995   -995   -995   -995   -995    -995    -995    -995
 KIN2   133  1140     54   15.2    4.4    4.3   336   12.1    1.0    6.1    0.00   974.77   690   14.3    3.7   14.0   14.1   14.7   14.7   17.1    1.40    1.52    3.77
 KIN2   133  1145     54   15.5    4.1    4.0   331   15.3    1.1    6.8    0.00   974.78   685   14.5    3.3   -995   -995   -995   -995   -995    -995    -995    -995
 KIN2   133  1150     52   15.8    4.0    3.7   328   19.1    0.9    5.7    0.00   974.83   681   14.7    3.2   -995   -995   -995   -995   -995    -995    -995    -995
 KIN2   133  1155     54   15.7    4.3    4.0   333   21.4    1.1    7.2    0.00   974.79   675   14.7    3.6   14.1   14.3   14.8   14.7   17.1    -995    -995    -995
 KIN2   133  1160     56   15.6    4.4    4.3   322   15.5    1.1    7.3    0.00   974.85   670   14.6    3.5   -995   -995   -995   -995   -995    -995    -995    -995
 KIN2   133  1165     55   15.9    4.3    4.1   344   15.1    1.5    8.0    0.00   974.81   664   14.9    3.7   -995   -995   -995   -995   -995    -995    -995    -995
 KIN2   133  1170     55   15.5    4.8    4.7   329   13.8    1.0    6.9    0.00   974.83   657   14.4    3.9   14.2   14.6   14.9   14.7   17.1    1.41    1.52    3.77
 KIN2   133  1175     54   15.5    4.3    4.1   340   17.9    0.9    6.8    0.00   974.80   649   14.5    3.6   -995   -995   -995   -995   -995    -995    -995    -995
 KIN2   133  1180     55   15.6    4.5    4.3   328   14.0    0.8    6.3    0.00   974.83   642   14.6    3.5   -995   -995   -995   -995   -995    -995    -995    -995
 KIN2   133  1185     54   15.5    4.9    4.8   344   12.3    1.2    7.1    0.00   974.94   634   14.4    4.1   14.3   14.8   15.0   14.8   17.1    -995    -995    -995
 KIN2   133  1190     54   15.4    4.6    4.4   334   16.7    1.1    8.9    0.00   974.99   625   14.4    3.7   -995   -995   -995   -995   -995    -995    -995    -995
 KIN2   133  1195     54   15.4    4.8    4.7   318   14.6    1.0    7.1    0.00   975.02   616   14.6    3.8   -995   -995   -995   -995   -995    -995    -995    -995
 KIN2   133  1200     54   15.4    4.7    4.5   332   19.2    1.0    6.7    0.00   975.03   608   14.6    4.0   14.4   15.0   15.0   14.8   17.1    1.41    1.53    3.78
 KIN2   133  1205     53   15.8    3.6    3.4   326   16.5    0.9    5.9    0.00   975.03   599   15.0    2.9   -995   -995   -995   -995   -995    -995    -995    -995
 KIN2   133  1210     54   15.8    4.2    3.9   338   20.5    0.9    6.0    0.00   975.07   588   15.0    3.6   -995   -995   -995   -995   -995    -995    -995    -995
 KIN2   133  1215     55   15.5    4.6    4.4   324   19.8    1.1    7.5    0.00   975.15   578   14.8    4.0   14.4   15.2   15.1   14.8   17.1    -995    -995    -995
 KIN2   133  1220     54   15.4    5.3    5.1   328   13.5    1.3    8.0    0.00   975.29   566   14.7    4.1   -995   -995   -995   -995   -995    -995    -995    -995
 KIN2   133  1225     55   15.5    5.1    4.8   329   18.6    1.4    8.1    0.00   975.32   556   14.7    3.9   -995   -995   -995   -995   -995    -995    -995    -995
 KIN2   133  1230     54   15.7    4.6    4.4   306   16.3    1.3    7.4    0.00   975.32   546   14.8    3.7   14.5   15.3   15.1   14.9   17.1    1.40    1.52    3.77
 KIN2   133  1235     54   15.8    4.2    4.1   328   14.7    1.3    7.6    0.00   975.35   534   15.0    3.4   -995   -995   -995   -995   -995    -995    -995    -995
 KIN2   133  1240     54   15.8    4.8    4.6   327   15.8    1.1    7.4    0.00   975.35   522   14.9    3.8   -995   -995   -995   -995   -995    -995    -995    -995
 KIN2   133  1245     54   15.5    5.0    4.9   324   13.7    1.1    8.4    0.00   975.38   509   14.8    4.0   14.6   15.5   15.1   14.9   17.1    -995    -995    -995
 KIN2   133  1250     54   15.9    4.8    4.7   327   14.9    1.6    9.5    0.00   975.39   497   15.0    3.7   -995   -995   -995   -995   -995    -995    -995    -995
 KIN2   133  1255     54   15.4    5.4    5.2   335   14.2    1.5    8.3    0.00   975.46   483   14.8    4.3   -995   -995   -995   -995   -995    -995    -995    -995
 KIN2   133  1260     54   15.5    5.9    5.6   335   18.3    1.4    9.5    0.00   975.51   469   14.7    4.8   14.6   15.6   15.1   14.9   17.1    1.42    1.52    3.78
 KIN2   133  1265     54   15.6    4.3    4.1   332   18.9    0.9    6.2    0.00   975.48   457   15.0    3.4   -995   -995   -995   -995   -995    -995    -995    -995
 KIN2   133  1270     53   15.5    5.2    5.0   330   15.8    1.5    8.3    0.00   975.53   443   14.8    4.1   -995   -995   -995   -995   -995    -995    -995    -995
 KIN2   133  1275     54   15.3    4.9    4.7   332   15.4    1.3    8.4    0.00   975.52   429   14.7    4.0   14.7   15.6   15.1   15.0   17.1    -995    -995    -995
 KIN2   133  1280     54   15.1    5.4    5.2   320   13.4    1.1    8.3    0.00   975.58   413   14.6    4.4   -995   -995   -995   -995   -995    -995    -995    -995
 KIN2   133  1285     54   15.1    5.6    5.5   326   13.3    1.2    8.2    0.00   975.65   400   14.5    4.3   -995   -995   -995   -995   -995    -995    -995    -995
 KIN2   133  1290     54   15.3    5.0    4.7   342   19.4    1.5    8.7    0.00   975.67   385   14.7    4.1   14.8   15.7   15.1   15.0   17.2    1.41    1.52    3.77
 KIN2   133  1295     53   15.1    4.8    4.7   324   14.1    1.3    9.1    0.00   975.66   370   14.7    3.8   -995   -995   -995   -995   -995    -995    -995    -995
 KIN2   133  1300     53   15.0    5.6    5.5   330   12.5    1.7    9.7    0.00   975.70   355   14.5    4.5   -995   -995   -995   -995   -995    -995    -995    -995
 KIN2   133  1305     54   14.9    5.1    4.9   330   14.8    1.5    8.9    0.00   975.70   340   14.5    4.0   14.8   15.7   15.1   15.1   17.2    -995    -995    -995
 KIN2   133  1310     53   15.0    4.8    4.5   336   21.3    1.2    7.4    0.00   975.72   325   14.6    4.2   -995   -995   -995   -995   -995    -995    -995    -995
 KIN2   133  1315     53   14.8    4.9    4.8   334   14.7    1.4    8.3    0.00   975.70   309   14.4    3.8   -995   -995   -995   -995   -995    -995    -995    -995
 KIN2   133  1320     54   14.8    5.1    5.0   331   14.2    1.5    8.2    0.00   975.70   293   14.4    4.0   14.8   15.6   15.1   15.1   17.2    1.41    1.52    3.78
 KIN2   133  1325     54   14.5    6.0    5.8   329   12.8    1.2    8.6    0.00   975.67   276   14.2    4.5   -995   -995   -995   -995   -995    -995    -995    -995
 KIN2   133  1330     54   14.3    5.3    5.1   328   13.9    1.2    9.4    0.00   975.74   260   14.1    4.2   -995   -995   -995   -995   -995    -995    -995    -995
 KIN2   133  1335     54   14.2    4.8    4.7   330   14.6    1.2    7.6    0.00   975.88   243   14.1    3.8   14.9   15.5   15.1   15.1   17.2    -995    -995    -995
 KIN2   133  1340     55   14.1    5.2    5.0   332   11.4    1.0    7.8    0.00   975.85   227   14.0    4.1   -995   -995   -995   -995   -995    -995    -995    -995
 KIN2   133  1345     55   14.1    4.7    4.6   333   13.9    1.4    7.9    0.00   975.81   211   13.9    3.6   -995   -995   -995   -995   -995    -995    -995    -995
 KIN2   133  1350     55   13.8    5.6    5.5   334   13.7    1.2    8.4    0.00   975.84   196   13.7    4.4   14.9   15.4   15.1   15.2   17.2    1.41    1.52    3.77
 KIN2   133  1355     55   13.8    4.7    4.6   337   13.0    1.0    7.4    0.00   975.84   180   13.7    3.8   -995   -995   -995   -995   -995    -995    -995    -995
 KIN2   133  1360     56   13.7    4.2    4.1   338   13.0    1.0    6.8    0.00   975.88   164   13.7    3.4   -995   -995   -995   -995   -995    -995    -995    -995
 KIN2   133  1365     57   13.5    4.0    3.9   337   13.4    1.1    6.9    0.00   975.93   149   13.5    3.2   14.9   15.2   15.0   15.2   17.2    -995    -995    -995
 KIN2   133  1370     57   13.4    4.1    4.0   338   14.3    1.1    6.9    0.00   975.99   133   13.4    3.4   -995   -995   -995   -995   -995    -995    -995    -995
 KIN2   133  1375     56   13.1    4.7    4.6   334   13.2    1.2    7.6    0.00   976.08   118   13.2    3.6   -995   -995   -995   -995   -995    -995    -995    -995
 KIN2   133  1380     57   13.0    4.8    4.7   335   11.2    1.1    7.6    0.00   976.15   102   13.1    3.7   14.9   15.1   15.0   15.2   17.2    1.41    1.52    3.77
 KIN2   133  1385     58   12.8    4.4    4.2   341   16.1    1.0    6.5    0.00   976.22    83   12.9    3.6   -995   -995   -995   -995   -995    -995    -995    -995
 KIN2   133  1390     59   12.6    3.9    3.8   339   12.4    0.9    6.2    0.00   976.24    66   12.8    3.2   -995   -995   -995   -995   -995    -995    -995    -995
 KIN2   133  1395     59   12.4    4.4    4.3   335   12.1    0.8    6.7    0.00   976.27    52   12.6    3.3   14.9   14.9   14.9   15.3   17.2    -995    -995    -995
 KIN2   133  1400     60   12.2    3.9    3.8   335   15.9    0.8    6.2    0.00   976.30    37   12.5    3.1   -995   -995   -995   -995   -995    -995    -995    -995
 KIN2   133  1405     61   11.9    4.1    4.0   335   11.9    1.2    6.2    0.00   976.35    21   12.2    3.1   -995   -995   -995   -995   -995    -995    -995    -995
 KIN2   133  1410     62   11.7    4.4    4.2   336   16.6    1.2    7.3    0.00   976.43    15   11.9    3.4   14.9   14.8   14.9   15.3   17.3    1.41    1.52    3.78
 KIN2   133  1415     62   11.4    5.1    4.9   337   16.1    1.2    8.5    0.00   976.50    12   11.7    4.0   -995   -995   -995   -995   -995    -995    -995    -995
 KIN2   133  1420     63   11.2    5.4    5.3   338   11.7    1.1    9.2    0.00   976.63     8   11.4    4.4   -995   -995   -995   -995   -995    -995    -995    -995
 KIN2   133  1425     64   10.8    5.6    5.4   334   13.7    1.0    8.7    0.00   976.80     5   11.0    4.4   14.9   14.6   14.9   15.4   17.3    -995    -995    -995
 KIN2   133  1430     65   10.4    4.6    4.6   334   11.5    1.0    6.9    0.00   976.94     3   10.6    3.7   -995   -995   -995   -995   -995    -995    -995    -995
 KIN2   133  1435     66   10.0    5.3    5.1   336   16.3    1.5   10.1    0.00   977.05     2   10.2    4.3   -995   -995   -995   -995   -995    -995    -995    -995
</pre>