<pre>  101 ! (c) 2019 Oklahoma Climatological Survey and the Oklahoma Mesonet - all rights reserved
  21 2019 05 05 00 00 00
 STID  STNM  TIME   RELH   TAIR   WSPD   WVEC  WDIR   WDSD   WSSD   WMAX    RAIN     PRES  SRAD   TA9M   WS2M   TS10   TB10   TS05   TS25   TS60    TR05    TR25    TR60
 KIN2   133     0     69   19.0    2.8    2.7   110   13.8    0.5    3.9    0.25   973.97   209   19.3    1.9   17.9   22.1   18.2   16.9   16.2    1.42    1.52    2.76
 KIN2   133     5     67   19.1    2.7    2.7   138    7.3    0.3    3.4    0.00   973.89   197   19.4    1.8   -995   -995   -995   -995   -995    -995    -995    -995
 KIN2   133    10     69   19.0    2.1    2.0   128   12.7    0.4    2.9    0.00   973.90   181   19.3    1.5   -995   -995   -995   -995   -995    -995    -995    -995
 KIN2   133    15     68   18.9    2.3    2.2   119   14.2    0.3    3.0    0.00   973.90   159   19.3    1.6   17.9   22.0   18.1   16.9   16.2    -995    -995    -995
 KIN2   133    20     68   18.9    2.2    2.1   132   11.6    0.3    3.0    0.00   973.92   149   19.3    1.4   -995   -995   -995   -995   -995    -995    -995    -995
 KIN2   133    25     70   18.9    1.3    1.2   139    8.4    0.4    2.3    0.00   973.93   134   19.3    0.3   -995   -995   -995   -995   -995    -995    -995    -995
 KIN2   133    30     71   18.8    1.1    1.0   139   13.3    0.4    1.9    0.00   973.91   120   19.2    0.2   17.9   21.8   18.1   16.9   16.2    1.42    1.52    2.75
 KIN2   133    35     72   18.5    1.4    1.3   141   10.7    0.1    1.7    0.00   973.85    83   19.2    0.5   -995   -995   -995   -995   -995    -995    -995    -995
 KIN2   133    40     74   18.2    1.6    1.6   155    9.0    0.3    2.5    0.00   973.80    43   18.9    0.2   -995   -995   -995   -995   -995    -995    -995    -995
 KIN2   133    45     76   17.5    2.4    2.4   167    4.9    0.1    2.6    0.00   973.73    60   18.7    1.0   17.9   21.7   18.1   17.0   16.2    -995    -995    -995
 KIN2   133    50     80   17.0    2.1    2.1   165    3.0    0.2    2.4    0.00   973.69    39   18.9    0.8   -995   -995   -995   -995   -995    -995    -995    -995
 KIN2   133    55     82   16.9    1.8    1.7   165    3.5    0.1    2.0    0.00   973.65    21   18.8    0.5   -995   -995   -995   -995   -995    -995    -995    -995
 KIN2   133    60     81   17.0    1.3    1.3   165    2.9    0.1    1.6    0.00   973.59    15   18.8    0.4   17.9   21.5   18.1   17.0   16.3    1.42    1.52    2.76
 KIN2   133    65     79   17.1    1.2    1.2   170    1.8    0.1    1.3    0.00   973.59    10   18.7    0.3   -995   -995   -995   -995   -995    -995    -995    -995
 KIN2   133    70     78   17.1    1.1    1.1   169    1.3    0.1    1.2    0.00   973.61     7   18.6    0.2   -995   -995   -995   -995   -995    -995    -995    -995
 KIN2   133    75     79   17.0    1.2    1.2   172    1.6    0.0    1.3    0.00   973.62     4   18.4    0.6   17.8   21.3   18.0   17.1   16.3    -995    -995    -995
 KIN2   133    80     79   16.8    1.3    1.3   176    7.7    0.1    2.0    0.00   973.59     3   18.4    0.6   -995   -995   -995   -995   -995    -995    -995    -995
 KIN2   133    85     84   15.7    2.0    2.0   194    7.5    0.1    2.2    0.00   973.56     2   17.9    1.2   -995   -995   -995   -995   -995    -995    -995    -995
 KIN2   133    90     86   15.6    1.5    1.5   187    3.1    0.1    1.8    0.00   973.57     1   18.0    0.8   17.8   21.1   18.0   17.1   16.3    1.42    1.52    2.76
 KIN2   133    95     87   15.1    1.0    1.0   182    0.8    0.1    1.3    0.00   973.61     0   17.8    0.0   -995   -995   -995   -995   -995    -995    -995    -995
 KIN2   133   100     90   15.1    0.9    0.9   182    1.9    0.0    1.0    0.00   973.60     0   17.2    0.0   -995   -995   -995   -995   -995    -995    -995    -995
 KIN2   133   105     91   15.1    1.0    1.0   174    2.7    0.1    1.1    0.00   973.61     0   16.8    0.0   17.8   20.8   17.9   17.1   16.3    -995    -995    -995
 KIN2   133   110     91   14.9    0.9    0.9   159    6.0    0.1    1.1    0.00   973.65     0   16.9    0.0   -995   -995   -995   -995   -995    -995    -995    -995
 KIN2   133   115     91   14.9    1.0    0.9   155    2.0    0.0    1.0    0.00   973.73     0   17.1    0.0   -995   -995   -995   -995   -995    -995    -995    -995
 KIN2   133   120     91   14.9    0.8    0.8   160    1.7    0.1    0.9    0.00   973.85     0   17.0    0.0   17.7   20.6   17.8   17.1   16.2    1.42    1.51    2.75
 KIN2   133   125     92   14.8    0.6    0.6   183    3.8    0.1    0.8    0.00   973.91     0   16.3    0.0   -995   -995   -995   -995   -995    -995    -995    -995
 KIN2   133   130     91   14.9    0.8    0.8   180    2.2    0.0    0.8    0.00   973.95     0   16.3    0.0   -995   -995   -995   -995   -995    -995    -995    -995
 KIN2   133   135     90   14.7    0.6    0.6   178    1.8    0.1    0.7    0.00   973.98     0   16.3    0.0   17.6   20.3   17.6   17.0   16.2    -995    -995    -995
 KIN2   133   140     90   13.8    0.6    0.6   147   13.6    0.1    0.9    0.00   973.89     0   16.0    0.0   -995   -995   -995   -995   -995    -995    -995    -995
 KIN2   133   145     91   13.4    0.6    0.6   119   12.5    0.1    0.8    0.00   973.93     0   15.8    0.0   -995   -995   -995   -995   -995    -995    -995    -995
 KIN2   133   150     93   13.8    0.8    0.8   118    7.6    0.0    0.9    0.00   974.02     0   15.9    0.0   17.6   20.1   17.5   17.0   16.1    1.42    1.51    2.76
 KIN2   133   155     94   14.0    0.7    0.7   139    5.2    0.1    0.8    0.00   974.10     0   16.0    0.0   -995   -995   -995   -995   -995    -995    -995    -995
 KIN2   133   160     94   13.8    0.5    0.5   160    5.7    0.1    0.7    0.00   974.16     0   15.5    0.0   -995   -995   -995   -995   -995    -995    -995    -995
 KIN2   133   165     94   14.0    0.8    0.8   172    6.3    0.2    1.1    0.00   974.25     0   15.4    0.0   17.5   19.8   17.4   17.0   16.1    -995    -995    -995
 KIN2   133   170     93   14.1    0.8    0.8   162    0.1    0.1    1.0    0.00   974.31     0   15.8    0.0   -995   -995   -995   -995   -995    -995    -995    -995
 KIN2   133   175     93   14.0    0.7    0.7   166    4.8    0.1    0.8    0.00   974.29     0   15.6    0.0   -995   -995   -995   -995   -995    -995    -995    -995
 KIN2   133   180     93   13.9    0.6    0.6   167    9.6    0.0    0.8    0.00   974.30     0   15.3    0.0   17.4   19.6   17.3   17.0   16.1    1.42    1.52    2.76
 KIN2   133   185     94   13.8    0.6    0.6   188    0.1    0.0    0.7    0.00   974.37     0   15.3    0.2   -995   -995   -995   -995   -995    -995    -995    -995
 KIN2   133   190     94   13.5    0.8    0.8   205   12.8    0.1    1.1    0.00   974.48     0   15.6    0.8   -995   -995   -995   -995   -995    -995    -995    -995
 KIN2   133   195     95   13.3    1.7    1.6   239    8.9    0.3    2.1    0.00   974.72     0   15.4    0.9   17.4   19.4   17.2   17.0   16.0    -995    -995    -995
 KIN2   133   200     95   13.1    1.9    1.9   250    5.3    0.1    2.3    0.00   974.90     0   14.4    0.5   -995   -995   -995   -995   -995    -995    -995    -995
 KIN2   133   205     96   13.0    1.5    1.4   259    9.0    0.3    2.0    0.00   975.02     0   13.9    0.1   -995   -995   -995   -995   -995    -995    -995    -995
 KIN2   133   210     96   12.7    0.7    0.7   273   11.8    0.2    1.2    0.00   974.98     0   13.8    0.0   17.3   19.2   17.1   17.0   16.0    1.41    1.52    2.75
 KIN2   133   215     96   13.0    1.0    1.0   270    5.5    0.2    1.3    0.00   975.08     0   13.7    0.0   -995   -995   -995   -995   -995    -995    -995    -995
 KIN2   133   220     96   13.1    1.5    1.5   251    6.0    0.2    2.0    0.00   975.19     0   13.8    0.1   -995   -995   -995   -995   -995    -995    -995    -995
 KIN2   133   225     96   13.1    1.7    1.7   258   11.2    0.4    2.6    0.00   975.32     0   13.8    0.3   17.2   19.0   17.0   17.0   16.0    -995    -995    -995
 KIN2   133   230     96   12.9    1.3    1.3   271    6.8    0.1    1.8    0.00   975.32     0   13.6    0.0   -995   -995   -995   -995   -995    -995    -995    -995
 KIN2   133   235     96   13.0    1.2    1.2   265    8.2    0.3    1.8    0.00   975.34     0   13.6    0.0   -995   -995   -995   -995   -995    -995    -995    -995
 KIN2   133   240     96   12.5    1.1    1.1   261   10.9    0.3    2.3    0.00   975.39     0   13.5    0.0   17.2   18.8   16.9   16.9   16.0    1.42    1.52    2.75
 KIN2   133   245     96   12.5    1.2    1.2   258   11.4    0.3    1.9    0.00   975.47     0   13.4    0.0   -995   -995   -995   -995   -995    -995    -995    -995
 KIN2   133   250     96   12.3    1.4    1.4   265    8.6    0.3    2.3    0.00   975.50     0   13.3    0.0   -995   -995   -995   -995   -995    -995    -995    -995
 KIN2   133   255     97   12.6    1.5    1.5   263   11.5    0.4    2.5    0.00   975.60     0   13.2    0.3   17.1   18.6   16.9   16.9   16.0    -995    -995    -995
 KIN2   133   260     97   12.6    1.3    1.3   260   10.4    0.3    2.0    0.00   975.57     0   13.1    0.1   -995   -995   -995   -995   -995    -995    -995    -995
 KIN2   133   265     96   12.5    1.1    1.1   249   12.4    0.2    1.5    0.00   975.60     0   13.0    0.0   -995   -995   -995   -995   -995    -995    -995    -995
 KIN2   133   270     96   12.4    1.2    1.1   254    7.9    0.2    1.8    0.00   975.73     0   12.9    0.0   17.1   18.4   16.8   16.9   16.0    1.43    1.52    2.76
 KIN2   133   275     96   12.4    1.5    1.4   253    8.1    0.2    1.9    0.00   975.76     0   12.7    0.2   -995   -995   -995   -995   -995    -995    -995    -995
 KIN2   133   280     96   12.3    1.2    1.2   255    7.8    0.2    1.7    0.00   975.71     0   12.6    0.1   -995   -995   -995   -995   -995    -995    -995    -995
 KIN2   133   285     96   12.2    1.3    1.3   253    9.9    0.3    2.2    0.00   975.72     0   12.7    0.1   17.0   18.2   16.7   16.9   16.0    -995    -995    -995
 KIN2   133   290     97   12.3    1.6    1.6   248    8.0    0.3    2.3    0.25   975.82     0   12.9    0.5   -995   -995   -995   -995   -995    -995    -995    -995
 KIN2   133   295     97   12.5    1.8    1.8   252    8.7    0.3    2.3    0.25   975.88     0   13.0    0.8   -995   -995   -995   -995   -995    -995    -995    -995
 KIN2   133   300     96   12.6    1.9    1.8   243    7.8    0.3    2.5    0.25   975.96     0   12.9    0.7   16.9   18.1   16.7   16.9   16.0    1.42    1.52    2.75
 KIN2   133   305     96   12.4    1.5    1.5   233    8.7    0.3    2.3    0.25   975.89     0   12.9    0.1   -995   -995   -995   -995   -995    -995    -995    -995
 KIN2   133   310     96   12.2    1.1    1.1   237    9.4    0.2    1.6    0.25   975.73     0   12.8    0.0   -995   -995   -995   -995   -995    -995    -995    -995
 KIN2   133   315     96   12.1    1.0    0.9   219   19.7    0.3    1.5    0.25   975.73     0   12.8    0.4   16.9   17.9   16.6   16.9   16.0    -995    -995    -995
 KIN2   133   320     96   11.9    1.6    1.5   245   19.4    0.2    1.9    0.25   975.95     0   12.6    0.4   -995   -995   -995   -995   -995    -995    -995    -995
 KIN2   133   325     97   12.1    2.1    2.1   257    9.1    0.3    2.8    0.25   976.14     0   12.8    0.8   -995   -995   -995   -995   -995    -995    -995    -995
 KIN2   133   330     97   12.2    2.0    2.0   242    7.6    0.3    2.8    0.25   976.33     0   12.6    1.0   16.9   17.8   16.6   16.9   16.0    1.43    1.52    2.76
 KIN2   133   335     97   12.3    1.8    1.8   243   10.8    0.3    2.7    0.25   976.32     0   12.7    0.8   -995   -995   -995   -995   -995    -995    -995    -995
 KIN2   133   340     97   12.4    1.7    1.7   242   11.6    0.3    2.5    0.25   976.31     0   12.7    0.6   -995   -995   -995   -995   -995    -995    -995    -995
 KIN2   133   345     97   12.4    1.6    1.5   234   10.4    0.3    2.4    0.25   976.26     0   12.7    0.6   16.8   17.6   16.5   16.9   16.0    -995    -995    -995
 KIN2   133   350     96   12.1    1.4    1.4   214   10.0    0.2    1.9    0.25   976.29     0   12.5    0.4   -995   -995   -995   -995   -995    -995    -995    -995
 KIN2   133   355     96   11.9    1.2    1.2   205    2.5    0.1    1.5    0.25   976.23     0   12.3    0.0   -995   -995   -995   -995   -995    -995    -995    -995
 KIN2   133   360     97   11.9    0.9    0.9   199    4.4    0.1    1.1    0.25   976.13     0   12.2    0.0   16.8   17.5   16.5   16.8   16.0    1.42    1.52    2.76
 KIN2   133   365     97   11.9    1.2    1.2   203    7.6    0.3    1.6    0.25   976.09     0   12.2    0.0   -995   -995   -995   -995   -995    -995    -995    -995
 KIN2   133   370     97   11.8    1.9    1.9   201    4.5    0.2    2.2    0.25   976.05     0   12.3    0.2   -995   -995   -995   -995   -995    -995    -995    -995
 KIN2   133   375     97   11.9    2.0    2.0   191    8.0    0.1    2.2    0.25   975.96     0   12.4    0.6   16.7   17.4   16.5   16.8   16.0    -995    -995    -995
 KIN2   133   380     98   11.9    2.2    2.2   160   10.0    0.3    2.9    0.25   975.69     0   12.4    1.0   -995   -995   -995   -995   -995    -995    -995    -995
 KIN2   133   385     98   12.3    3.0    3.0   128    9.7    0.4    3.6    0.25   975.24     0   13.0    1.7   -995   -995   -995   -995   -995    -995    -995    -995
 KIN2   133   390     98   12.7    1.7    1.7   144   13.8    0.3    2.5    0.25   975.17     0   13.2    0.9   16.7   17.3   16.4   16.8   16.0    1.43    1.52    2.76
 KIN2   133   395     98   12.8    1.2    1.2   177    8.9    0.2    1.9    0.25   975.18     0   13.3    0.3   -995   -995   -995   -995   -995    -995    -995    -995
 KIN2   133   400     97   12.8    2.0    1.9   138   10.8    0.4    2.6    0.25   974.93     0   13.3    1.0   -995   -995   -995   -995   -995    -995    -995    -995
 KIN2   133   405     97   12.9    2.2    2.2   123    5.0    0.3    2.9    0.25   974.79     0   13.4    1.2   16.6   17.2   16.4   16.8   15.9    -995    -995    -995
 KIN2   133   410     97   12.9    2.0    2.0   126    8.1    0.3    2.7    0.25   974.64     0   13.3    1.2   -995   -995   -995   -995   -995    -995    -995    -995
 KIN2   133   415     97   13.0    2.8    2.8   125    8.4    0.5    3.8    0.25   974.37     0   13.3    1.9   -995   -995   -995   -995   -995    -995    -995    -995
 KIN2   133   420     97   13.2    1.6    1.5   109   15.9    0.7    3.0    0.25   974.27     0   13.5    0.7   16.6   17.1   16.4   16.8   15.9    1.42    1.52    2.75
 KIN2   133   425     96   13.4    1.3    1.3   152    8.9    0.5    2.5    0.25   974.43     0   13.7    0.4   -995   -995   -995   -995   -995    -995    -995    -995
 KIN2   133   430     96   13.4    1.6    1.5   147    9.1    0.4    2.7    0.25   974.36     0   13.8    0.7   -995   -995   -995   -995   -995    -995    -995    -995
 KIN2   133   435     96   13.4    2.0    2.0   135    6.9    0.3    2.6    0.25   974.17     0   13.8    1.1   16.6   17.0   16.3   16.8   15.9    -995    -995    -995
 KIN2   133   440     96   13.5    2.7    2.7   126    4.7    0.5    4.0    0.25   973.98     0   14.0    1.5   -995   -995   -995   -995   -995    -995    -995    -995
 KIN2   133   445     95   13.6    3.2    3.2   128    6.0    0.3    4.0    0.25   973.69     0   14.1    2.1   -995   -995   -995   -995   -995    -995    -995    -995
 KIN2   133   450     95   13.8    3.2    3.2   134    6.9    0.5    4.2    0.25   973.50     0   14.3    2.3   16.5   16.9   16.3   16.7   15.9    1.43    1.53    2.75
 KIN2   133   455     94   13.9    3.6    3.6   137    7.4    0.5    4.8    0.25   973.25     0   14.5    2.4   -995   -995   -995   -995   -995    -995    -995    -995
 KIN2   133   460     93   14.2    4.1    4.1   149    7.8    0.5    5.2    0.25   973.12     0   14.7    2.8   -995   -995   -995   -995   -995    -995    -995    -995
 KIN2   133   465     93   14.1    3.9    3.9   158    6.8    0.4    5.0    0.25   973.01     0   14.6    2.5   16.5   16.9   16.3   16.7   15.9    -995    -995    -995
 KIN2   133   470     93   14.1    3.9    3.9   159    8.0    0.6    5.0    0.25   972.88     0   14.4    2.6   -995   -995   -995   -995   -995    -995    -995    -995
 KIN2   133   475     94   13.9    4.3    4.3   171    5.6    0.4    5.1    0.25   972.75     0   14.3    2.8   -995   -995   -995   -995   -995    -995    -995    -995
 KIN2   133   480     94   14.0    4.4    4.3   173    6.0    0.4    5.6    0.25   972.64     0   14.5    2.8   16.5   16.8   16.3   16.7   15.9    1.43    1.53    2.76
 KIN2   133   485     94   14.0    4.6    4.6   183    6.0    0.4    5.8    0.25   972.66     0   14.3    2.9   -995   -995   -995   -995   -995    -995    -995    -995
 KIN2   133   490     94   14.2    5.3    5.2   190    6.8    0.7    6.8    0.25   972.72     0   14.8    3.4   -995   -995   -995   -995   -995    -995    -995    -995
 KIN2   133   495     92   14.7    5.5    5.5   187    7.2    0.5    6.7    0.25   972.74     0   15.3    3.8   16.5   16.8   16.3   16.7   16.0    -995    -995    -995
 KIN2   133   500     90   15.1    6.2    6.1   179    5.5    0.7    7.7    0.25   972.59     0   15.9    4.1   -995   -995   -995   -995   -995    -995    -995    -995
 KIN2   133   505     89   15.2    6.8    6.8   180    4.4    0.7    8.5    0.25   972.46     0   15.9    4.5   -995   -995   -995   -995   -995    -995    -995    -995
 KIN2   133   510     89   15.1    7.6    7.6   175    5.3    0.8    9.4    0.25   972.19     0   15.7    5.3   16.4   16.7   16.2   16.7   15.9    1.43    1.52    2.75
 KIN2   133   515     89   15.1    8.0    8.0   175    6.5    0.7    9.5    0.25   971.91     0   15.7    5.6   -995   -995   -995   -995   -995    -995    -995    -995
 KIN2   133   520     88   15.2    8.5    8.4   174    5.6    0.9   11.0    0.25   971.64     0   15.8    6.1   -995   -995   -995   -995   -995    -995    -995    -995
 KIN2   133   525     87   15.3    8.8    8.7   174    5.9    1.1   11.3    0.25   971.45     0   15.9    6.6   16.4   16.6   16.2   16.7   15.9    -995    -995    -995
 KIN2   133   530     87   15.3    8.9    8.9   171    7.5    1.0   11.7    0.25   971.14     0   15.8    6.4   -995   -995   -995   -995   -995    -995    -995    -995
 KIN2   133   535     87   15.2    8.1    8.1   175    7.4    1.1   10.6    0.25   971.01     0   15.6    5.9   -995   -995   -995   -995   -995    -995    -995    -995
 KIN2   133   540     89   14.8    8.5    8.4   186    7.3    1.0   10.9    0.25   970.84     0   15.1    6.1   16.4   16.6   16.2   16.6   15.9    1.42    1.52    2.75
 KIN2   133   545     91   14.6    8.4    8.3   190    7.7    1.2   10.5    0.25   970.96     0   14.9    6.0   -995   -995   -995   -995   -995    -995    -995    -995
 KIN2   133   550     91   14.5    5.0    3.8   214   39.1    1.6    8.2    0.25   972.13     0   14.8    3.4   -995   -995   -995   -995   -995    -995    -995    -995
 KIN2   133   555     90   14.7    4.4    4.3   328   13.8    0.9    6.7    0.25   973.39     0   15.1    3.4   16.4   16.6   16.2   16.7   16.0    -995    -995    -995
 KIN2   133   560     89   15.1    3.6    3.2   321   28.1    1.5    7.9    0.25   973.16     0   15.5    2.7   -995   -995   -995   -995   -995    -995    -995    -995
 KIN2   133   565     85   15.4    2.0    1.4   263   45.1    0.7    3.9    0.25   973.02     0   15.8    1.8   -995   -995   -995   -995   -995    -995    -995    -995
 KIN2   133   570     86   14.9    2.3    2.1   341   21.2    0.5    4.3    0.25   973.22     0   15.6    1.5   16.4   16.5   16.2   16.7   16.0    1.42    1.52    2.75
 KIN2   133   575     87   14.6    2.9    2.8    11   13.2    0.6    4.0    0.25   973.29     0   15.5    1.9   -995   -995   -995   -995   -995    -995    -995    -995
 KIN2   133   580     88   14.8    1.5    1.4    50   21.3    0.5    2.5    0.25   973.03     0   15.6    0.5   -995   -995   -995   -995   -995    -995    -995    -995
 KIN2   133   585     88   14.3    1.2    1.1   113   23.6    0.5    2.2    0.25   972.94     0   15.7    0.2   16.4   16.5   16.3   16.7   16.0    -995    -995    -995
 KIN2   133   590     88   14.2    1.5    1.5    60   10.9    0.7    2.2    0.25   973.05     0   15.8    1.0   -995   -995   -995   -995   -995    -995    -995    -995
 KIN2   133   595     87   15.0    1.8    1.8    30    8.1    0.2    2.5    0.25   973.22     0   15.9    1.6   -995   -995   -995   -995   -995    -995    -995    -995
 KIN2   133   600     87   14.2    1.1    0.1    44   75.4    0.6    2.5    0.25   973.32     0   15.6    0.7   16.4   16.5   16.3   16.7   16.1    1.42    1.52    2.75
 KIN2   133   605     88   14.7    1.2    1.1   344   21.0    0.3    1.9    0.25   973.37     0   15.6    1.3   -995   -995   -995   -995   -995    -995    -995    -995
 KIN2   133   610     87   13.9    2.3    2.3    11    3.2    0.2    2.6    0.25   973.34     0   15.4    1.6   -995   -995   -995   -995   -995    -995    -995    -995
 KIN2   133   615     91   13.6    1.3    1.3    25   11.8    0.3    2.0    0.25   973.43     0   14.8    0.3   16.4   16.4   16.3   16.7   16.1    -995    -995    -995
 KIN2   133   620     90   13.2    1.0    0.8    90   29.9    0.2    1.4    0.25   973.31     0   14.6    0.5   -995   -995   -995   -995   -995    -995    -995    -995
 KIN2   133   625     92   12.4    1.1    1.1   116    6.9    0.1    1.4    0.25   973.20     0   14.4    0.1   -995   -995   -995   -995   -995    -995    -995    -995
 KIN2   133   630     93   12.3    1.8    1.8   117    1.9    0.2    2.2    0.25   973.17     0   14.5    0.0   16.4   16.4   16.3   16.7   16.1    1.42    1.51    2.75
 KIN2   133   635     94   12.4    2.6    2.6   112    2.6    0.3    3.2    0.25   972.96     0   14.8    0.6   -995   -995   -995   -995   -995    -995    -995    -995
 KIN2   133   640     96   12.9    2.7    2.7   110    4.1    0.2    3.3    0.25   972.91     0   14.9    1.1   -995   -995   -995   -995   -995    -995    -995    -995
 KIN2   133   645     95   13.3    3.0    3.0   103    3.2    0.3    3.6    0.25   972.83     0   14.8    1.6   16.4   16.3   16.3   16.7   16.1    -995    -995    -995
 KIN2   133   650     94   13.6    2.4    2.3   112    8.0    0.3    3.1    0.25   972.94     0   14.7    1.2   -995   -995   -995   -995   -995    -995    -995    -995
 KIN2   133   655     93   13.7    1.7    1.6   138    9.5    0.4    2.4    0.25   973.13     0   14.8    0.5   -995   -995   -995   -995   -995    -995    -995    -995
 KIN2   133   660     92   13.7    1.2    1.2   158    4.6    0.1    1.4    0.25   973.35     0   14.6    0.0   16.4   16.2   16.2   16.7   16.1    1.41    1.51    2.75
 KIN2   133   665     92   13.5    1.3    1.3   158    7.4    0.2    1.7    0.25   973.43     0   14.6    0.4   -995   -995   -995   -995   -995    -995    -995    -995
 KIN2   133   670     92   12.6    1.5    1.5   143    5.2    0.2    1.9    0.25   973.42     0   14.5    0.1   -995   -995   -995   -995   -995    -995    -995    -995
 KIN2   133   675     93   12.1    2.1    2.1   134    8.8    0.2    2.6    0.25   973.35     0   14.1    0.9   16.3   16.1   16.2   16.6   16.1    -995    -995    -995
 KIN2   133   680     95   12.5    1.8    1.8   129    5.6    0.2    2.4    0.25   973.49     0   14.4    0.5   -995   -995   -995   -995   -995    -995    -995    -995
 KIN2   133   685     95   12.7    1.9    1.9   117    7.0    0.3    2.7    0.25   973.72     1   14.3    0.3   -995   -995   -995   -995   -995    -995    -995    -995
 KIN2   133   690     95   13.1    1.3    1.2   138   15.2    0.3    2.1    0.25   974.01     1   14.2    0.2   16.3   16.0   16.1   16.6   16.1    1.42    1.52    2.75
 KIN2   133   695     94   13.1    1.3    1.3   142    7.5    0.1    1.6    0.25   974.07     3   14.1    0.1   -995   -995   -995   -995   -995    -995    -995    -995
 KIN2   133   700     93   12.4    1.2    1.2   124    5.0    0.1    1.6    0.25   974.16     5   13.9    0.0   -995   -995   -995   -995   -995    -995    -995    -995
 KIN2   133   705     94   12.5    1.4    1.4   133    5.7    0.1    1.6    0.25   974.22     9   13.9    0.0   16.3   15.9   16.1   16.6   16.1    -995    -995    -995
 KIN2   133   710     94   12.2    1.7    1.7   129    4.8    0.2    2.1    0.25   974.29    12   13.6    0.0   -995   -995   -995   -995   -995    -995    -995    -995
 KIN2   133   715     95   12.4    1.4    1.4   135   10.0    0.2    1.8    0.25   974.47    22   13.8    0.0   -995   -995   -995   -995   -995    -995    -995    -995
 KIN2   133   720     95   12.6    1.3    1.2   139    6.2    0.2    1.9    0.25   974.58    38   13.8    0.0   16.3   15.9   16.1   16.6   16.1    1.42    1.52    2.75
 KIN2   133   725     95   12.7    1.4    1.4   123    6.6    0.1    1.7    0.25   974.63    51   13.8    0.0   -995   -995   -995   -995   -995    -995    -995    -995
 KIN2   133   730     94   12.8    1.7    1.7   122    6.1    0.5    2.5    0.25   974.62    67   13.7    0.1   -995   -995   -995   -995   -995    -995    -995    -995
 KIN2   133   735     94   13.0    2.5    2.4   137    6.7    0.2    2.9    0.25   974.47    66   13.9    1.3   16.2   15.8   16.0   16.6   16.0    -995    -995    -995
 KIN2   133   740     94   13.6    2.9    2.8   136    6.4    0.4    3.7    0.25   974.39   103   14.2    1.8   -995   -995   -995   -995   -995    -995    -995    -995
 KIN2   133   745     92   13.9    3.0    3.0   142    6.2    0.4    3.7    0.25   974.49   125   14.3    2.0   -995   -995   -995   -995   -995    -995    -995    -995
 KIN2   133   750     91   14.2    3.4    3.4   145    7.4    0.4    4.6    0.25   974.54   149   14.4    2.4   16.1   15.6   15.9   16.5   16.0    1.42    1.52    2.75
 KIN2   133   755     90   14.3    3.1    3.1   152    7.1    0.3    3.9    0.25   974.57   171   14.5    2.2   -995   -995   -995   -995   -995    -995    -995    -995
 KIN2   133   760     90   14.6    3.3    3.3   160    6.5    0.4    4.1    0.25   974.68   187   14.7    2.2   -995   -995   -995   -995   -995    -995    -995    -995
 KIN2   133   765     90   14.7    3.2    3.2   167    6.6    0.5    4.3    0.25   974.85   206   14.7    2.4   16.0   15.5   15.8   16.4   15.9    -995    -995    -995
 KIN2   133   770     90   14.9    2.8    2.8   176    8.4    0.5    4.2    0.25   975.16   186   14.9    2.1   -995   -995   -995   -995   -995    -995    -995    -995
 KIN2   133   775     90   14.9    3.0    3.0   166    5.7    0.4    4.0    0.25   975.28   117   15.0    2.1   -995   -995   -995   -995   -995    -995    -995    -995
 KIN2   133   780     90   14.9    2.8    2.7   169    9.0    0.4    3.7    0.25   975.36   102   15.1    1.9   16.0   15.4   15.8   16.4   15.9    1.43    1.52    2.73
 KIN2   133   785     91   14.8    3.1    3.0   173    7.0    0.4    3.8    0.25   975.42   105   15.0    2.0   -995   -995   -995   -995   -995    -995    -995    -995
 KIN2   133   790     91   14.9    2.5    2.5   163    8.0    0.6    3.7    0.25   975.41   171   15.0    1.8   -995   -995   -995   -995   -995    -995    -995    -995
 KIN2   133   795     90   15.3    2.8    2.7   176    8.8    0.4    3.8    0.25   975.47   260   15.3    2.0   16.0   15.5   15.9   16.4   15.9    -995    -995    -995
 KIN2   133   800     87   15.6    2.9    2.8   174    7.1    0.5    4.2    0.25   975.50   310   15.5    2.4   -995   -995   -995   -995   -995    -995    -995    -995
 KIN2   133   805     86   15.8    3.6    3.6   171    5.5    0.4    4.4    0.25   975.42   362   15.6    2.8   -995   -995   -995   -995   -995    -995    -995    -995
 KIN2   133   810     85   16.1    3.7    3.7   168    7.6    0.5    4.8    0.25   975.41   318   15.9    3.0   15.9   15.4   15.9   16.4   15.9    1.43    1.52    2.75
 KIN2   133   815     85   15.9    3.1    3.1   161    9.4    0.5    4.2    0.25   975.34   132   15.9    2.4   -995   -995   -995   -995   -995    -995    -995    -995
 KIN2   133   820     85   15.7    3.2    3.2   181    5.7    0.6    4.3    0.25   975.38   255   15.8    2.4   -995   -995   -995   -995   -995    -995    -995    -995
 KIN2   133   825     85   16.4    2.6    2.5   183    9.6    0.5    3.5    0.25   975.46   456   16.2    2.1   16.0   15.5   15.9   16.4   15.9    -995    -995    -995
 KIN2   133   830     83   16.8    2.9    2.8   177    9.2    0.5    3.9    0.25   975.46   486   16.5    2.3   -995   -995   -995   -995   -995    -995    -995    -995
 KIN2   133   835     82   16.8    2.8    2.7   178   11.7    0.4    3.8    0.25   975.49   426   16.4    2.2   -995   -995   -995   -995   -995    -995    -995    -995
 KIN2   133   840     82   16.9    2.3    2.2   205   20.4    0.4    3.3    0.25   975.59   477   16.6    1.8   15.9   15.6   15.9   16.4   15.9    1.43    1.53    2.75
 KIN2   133   845     81   16.8    1.6    1.5   213   21.1    0.6    3.2    0.25   975.68   327   16.8    1.2   -995   -995   -995   -995   -995    -995    -995    -995
 KIN2   133   850     81   17.0    2.3    2.3   193   13.4    0.9    4.0    0.25   975.58   489   16.8    1.7   -995   -995   -995   -995   -995    -995    -995    -995
 KIN2   133   855     80   17.2    3.1    3.0   189   10.0    0.5    4.1    0.25   975.36   510   16.9    2.6   15.9   15.7   16.0   16.3   15.9    -995    -995    -995
 KIN2   133   860     80   17.3    3.6    3.5   190   16.7    0.6    5.0    0.25   975.17   598   17.0    2.9   -995   -995   -995   -995   -995    -995    -995    -995
 KIN2   133   865     80   17.4    3.5    3.4   176   16.5    0.8    5.4    0.25   975.16   348   17.0    2.6   -995   -995   -995   -995   -995    -995    -995    -995
 KIN2   133   870     82   16.9    2.4    2.2   188   18.6    0.5    3.4    0.25   975.31   208   16.8    1.8   15.9   15.9   16.1   16.4   15.9    1.43    1.52    2.75
 KIN2   133   875     82   16.8    2.8    2.8   200    9.3    0.3    3.7    0.25   975.32   346   16.8    2.3   -995   -995   -995   -995   -995    -995    -995    -995
 KIN2   133   880     82   17.4    3.5    3.5   196    7.4    0.5    4.5    0.25   975.33   570   17.1    2.7   -995   -995   -995   -995   -995    -995    -995    -995
 KIN2   133   885     81   17.6    3.2    3.1   190   13.1    0.6    4.4    0.25   975.44   586   17.2    2.7   16.0   16.2   16.2   16.4   16.0    -995    -995    -995
 KIN2   133   890     80   17.8    3.6    3.5   183    8.4    0.7    5.0    0.25   975.45   614   17.3    2.7   -995   -995   -995   -995   -995    -995    -995    -995
 KIN2   133   895     80   18.1    3.2    3.2   186   12.9    0.8    4.6    0.25   975.39   576   17.7    2.6   -995   -995   -995   -995   -995    -995    -995    -995
 KIN2   133   900     79   18.2    3.7    3.7   194   10.0    0.8    5.6    0.25   975.43   639   17.7    3.0   16.0   16.4   16.3   16.4   16.0    1.43    1.52    2.73
 KIN2   133   905     79   18.4    3.2    3.1   196   11.7    0.7    4.6    0.25   975.50   647   17.7    2.4   -995   -995   -995   -995   -995    -995    -995    -995
 KIN2   133   910     79   18.4    3.3    3.2   217   16.7    0.5    4.5    0.25   975.46   547   18.0    2.4   -995   -995   -995   -995   -995    -995    -995    -995
 KIN2   133   915     79   18.9    3.2    3.2   224   10.9    0.8    5.0    0.25   975.29   791   18.4    2.5   16.0   16.6   16.4   16.4   15.9    -995    -995    -995
 KIN2   133   920     77   18.9    4.2    4.2   198   10.7    0.5    5.3    0.25   975.05   545   18.4    3.4   -995   -995   -995   -995   -995    -995    -995    -995
 KIN2   133   925     78   18.7    3.9    3.8   187   12.2    0.7    5.2    0.25   974.96   507   18.4    3.1   -995   -995   -995   -995   -995    -995    -995    -995
 KIN2   133   930     78   19.2    4.1    4.0   190   13.1    0.6    5.8    0.25   974.89   750   18.7    3.3   16.1   17.0   16.5   16.4   16.0    1.42    1.52    2.75
 KIN2   133   935     77   19.5    5.1    5.0   188    7.8    0.9    6.9    0.25   974.87   728   18.9    4.0   -995   -995   -995   -995   -995    -995    -995    -995
 KIN2   133   940     77   19.7    5.3    5.2   194   10.7    0.6    6.6    0.25   974.98   780   19.1    4.0   -995   -995   -995   -995   -995    -995    -995    -995
 KIN2   133   945     77   19.8    5.0    4.9   184   10.7    0.7    6.6    0.25   975.00   793   19.1    3.7   16.1   17.3   16.6   16.4   16.0    -995    -995    -995
 KIN2   133   950     77   20.0    5.1    5.1   172    5.1    0.6    6.2    0.25   974.95   800   19.3    4.2   -995   -995   -995   -995   -995    -995    -995    -995
 KIN2   133   955     77   20.4    4.8    4.7   175    9.0    0.8    6.3    0.25   974.90   808   19.7    3.7   -995   -995   -995   -995   -995    -995    -995    -995
 KIN2   133   960     77   20.2    4.7    4.6   180    9.8    0.8    6.6    0.25   974.92   657   19.7    3.6   16.2   17.6   16.7   16.4   16.0    1.42    1.53    2.73
 KIN2   133   965     76   20.5    5.8    5.8   181    7.4    0.8    7.3    0.25   974.89   778   19.9    4.4   -995   -995   -995   -995   -995    -995    -995    -995
 KIN2   133   970     76   20.7    5.4    5.3   191    7.4    0.9    7.3    0.25   974.85   917   20.0    4.2   -995   -995   -995   -995   -995    -995    -995    -995
 KIN2   133   975     76   20.4    5.5    5.4   186   12.3    0.6    7.1    0.25   974.59   586   19.9    4.1   16.3   18.0   16.8   16.4   16.0    -995    -995    -995
 KIN2   133   980     77   19.9    5.3    5.2   175   11.8    0.8    6.9    0.25   974.12   256   19.7    3.8   -995   -995   -995   -995   -995    -995    -995    -995
 KIN2   133   985     79   19.6    5.8    5.7   184    7.8    1.2    8.0    0.25   974.21   517   19.6    4.3   -995   -995   -995   -995   -995    -995    -995    -995
 KIN2   133   990     77   20.8    6.4    6.3   182    9.9    0.9    8.2    0.25   974.10   877   20.3    4.7   16.4   18.4   17.0   16.5   16.1    1.43    1.52    2.75
 KIN2   133   995     76   20.9    5.5    5.4   183   12.1    1.0    7.9    0.25   974.28   559   20.5    4.2   -995   -995   -995   -995   -995    -995    -995    -995
 KIN2   133  1000     78   20.4    4.9    4.8   181    8.7    1.0    7.1    0.25   974.40   533   20.3    3.6   -995   -995   -995   -995   -995    -995    -995    -995
 KIN2   133  1005     77   21.5    5.0    4.9   191   11.5    1.0    7.3    0.25   974.40   880   21.0    3.9   16.5   18.7   17.2   16.5   16.1    -995    -995    -995
 KIN2   133  1010     74   21.7    6.7    6.6   189    8.7    1.0    8.9    0.25   974.42   912   21.1    5.0   -995   -995   -995   -995   -995    -995    -995    -995
 KIN2   133  1015     72   21.6    6.7    6.7   195    8.9    1.1    8.9    0.25   974.46   933   21.1    5.0   -995   -995   -995   -995   -995    -995    -995    -995
 KIN2   133  1020     72   21.9    6.7    6.6   190    8.0    1.2   10.0    0.25   974.54   911   21.3    5.0   16.5   18.9   17.2   16.5   16.1    1.43    1.52    2.76
 KIN2   133  1025     73   21.6    6.0    5.9   194    9.3    1.1    8.6    0.25   974.55   574   21.4    4.7   -995   -995   -995   -995   -995    -995    -995    -995
 KIN2   133  1030     74   21.3    6.7    6.6   192    8.1    0.8    8.1    0.25   974.47   538   21.1    5.0   -995   -995   -995   -995   -995    -995    -995    -995
 KIN2   133  1035     73   21.9    7.4    7.3   202    8.8    1.0    9.9    0.25   974.29  1033   21.4    5.5   16.6   19.2   17.4   16.5   16.0    -995    -995    -995
 KIN2   133  1040     73   22.1    6.6    6.6   198    9.0    1.0    8.3    0.25   974.20  1031   21.5    5.0   -995   -995   -995   -995   -995    -995    -995    -995
 KIN2   133  1045     72   22.4    6.6    6.5   193    8.0    1.2    9.4    0.25   974.17   974   21.7    5.0   -995   -995   -995   -995   -995    -995    -995    -995
 KIN2   133  1050     72   22.1    6.3    6.2   196    9.7    1.2    8.3    0.25   974.23   833   21.6    4.8   16.7   19.5   17.5   16.5   16.0    1.43    1.52    2.76
 KIN2   133  1055     72   21.9    6.5    6.4   199    9.2    1.2    9.1    0.25   974.22   853   21.5    4.8   -995   -995   -995   -995   -995    -995    -995    -995
 KIN2   133  1060     73   22.2    6.5    6.4   205    8.2    1.1    8.8    0.25   974.14  1025   21.6    4.7   -995   -995   -995   -995   -995    -995    -995    -995
 KIN2   133  1065     72   22.4    6.6    6.5   207    6.9    1.0    8.5    0.25   974.00   965   21.8    5.0   16.8   19.7   17.6   16.5   16.0    -995    -995    -995
 KIN2   133  1070     72   22.2    6.5    6.5   210    7.4    1.2    9.2    0.25   973.94   787   21.6    4.6   -995   -995   -995   -995   -995    -995    -995    -995
 KIN2   133  1075     72   22.5    6.5    6.5   191    9.1    1.0    8.4    0.25   973.81  1099   21.8    4.8   -995   -995   -995   -995   -995    -995    -995    -995
 KIN2   133  1080     72   22.5    6.5    6.4   202   10.3    1.1    8.7    0.25   973.67   820   21.9    5.0   16.9   20.0   17.7   16.5   16.0    1.43    1.52    2.75
 KIN2   133  1085     72   22.1    7.1    7.1   195    7.6    0.8    8.8    0.25   973.58   833   21.6    5.5   -995   -995   -995   -995   -995    -995    -995    -995
 KIN2   133  1090     74   22.6    6.0    6.0   196    9.3    0.9    8.1    0.25   973.42   998   22.1    4.5   -995   -995   -995   -995   -995    -995    -995    -995
 KIN2   133  1095     73   22.8    6.2    6.0   201   14.3    1.1    8.6    0.25   973.27   972   22.3    4.8   17.0   20.4   17.9   16.5   16.1    -995    -995    -995
 KIN2   133  1100     74   22.9    6.4    6.3   194    9.3    1.0    9.2    0.25   973.23   969   22.3    4.8   -995   -995   -995   -995   -995    -995    -995    -995
 KIN2   133  1105     73   22.9    5.7    5.6   201   11.4    0.7    7.0    0.25   973.14   969   22.4    4.4   -995   -995   -995   -995   -995    -995    -995    -995
 KIN2   133  1110     72   23.2    6.1    6.0   211   10.8    1.6   10.8    0.25   973.03   970   22.7    4.6   17.1   20.7   18.0   16.5   16.1    1.43    1.53    2.76
 KIN2   133  1115     71   23.3    6.1    6.0   210   10.2    0.9    8.2    0.25   972.92   970   22.7    4.6   -995   -995   -995   -995   -995    -995    -995    -995
 KIN2   133  1120     73   23.3    5.7    5.6   200    9.6    1.3    8.8    0.25   972.84   965   22.8    4.3   -995   -995   -995   -995   -995    -995    -995    -995
 KIN2   133  1125     72   23.5    6.1    6.0   201    7.9    1.1    8.7    0.25   972.84   967   22.9    4.7   17.3   21.0   18.1   16.5   16.1    -995    -995    -995
 KIN2   133  1130     73   23.6    4.5    4.5   200    9.8    0.8    6.1    0.25   972.86   964   23.0    3.5   -995   -995   -995   -995   -995    -995    -995    -995
 KIN2   133  1135     72   23.7    5.1    5.0   195   10.6    1.4    8.3    0.25   972.85   963   23.2    3.9   -995   -995   -995   -995   -995    -995    -995    -995
 KIN2   133  1140     73   23.9    4.4    4.3   194   12.4    0.9    7.1    0.25   972.78   946   23.4    3.4   17.4   21.3   18.2   16.5   16.0    1.43    1.53    2.77
 KIN2   133  1145     72   23.9    5.5    5.5   190    7.3    1.0    7.7    0.25   972.72   959   23.4    4.3   -995   -995   -995   -995   -995    -995    -995    -995
 KIN2   133  1150     71   23.8    5.5    5.4   191    8.9    0.9    7.6    0.25   972.69   957   23.3    4.1   -995   -995   -995   -995   -995    -995    -995    -995
 KIN2   133  1155     72   24.0    5.2    5.1   187   11.1    0.6    6.6    0.25   972.58   952   23.5    3.9   17.5   21.6   18.4   16.5   16.0    -995    -995    -995
 KIN2   133  1160     71   24.1    4.9    4.9   197    9.5    1.0    6.8    0.25   972.47   945   23.5    3.7   -995   -995   -995   -995   -995    -995    -995    -995
 KIN2   133  1165     72   24.2    5.1    5.0   186   11.3    1.0    7.2    0.25   972.40   941   23.7    3.8   -995   -995   -995   -995   -995    -995    -995    -995
 KIN2   133  1170     72   24.4    5.6    5.4   199   14.9    1.2    8.8    0.25   972.31   939   23.8    4.2   17.7   21.9   18.5   16.6   16.0    1.42    1.52    2.76
 KIN2   133  1175     71   24.3    5.4    5.3   189   13.5    1.1    7.6    0.25   972.29   930   23.8    4.2   -995   -995   -995   -995   -995    -995    -995    -995
 KIN2   133  1180     71   24.2    6.3    6.3   179    7.4    0.9    8.4    0.25   972.23   900   23.6    4.6   -995   -995   -995   -995   -995    -995    -995    -995
 KIN2   133  1185     71   24.3    5.9    5.9   179    8.2    0.9    7.7    0.25   972.16   887   23.7    4.6   17.8   22.1   18.6   16.6   16.0    -995    -995    -995
 KIN2   133  1190     71   23.9    5.9    5.8   176    8.6    0.9    8.2    0.25   972.12   669   23.6    4.2   -995   -995   -995   -995   -995    -995    -995    -995
 KIN2   133  1195     71   24.3    6.0    6.0   182    7.7    0.9    8.0    0.25   972.02   898   23.9    4.6   -995   -995   -995   -995   -995    -995    -995    -995
 KIN2   133  1200     70   24.2    6.2    6.1   188    9.5    0.7    7.7    0.25   971.93   896   23.8    4.5   18.0   22.4   18.8   16.6   16.1    1.43    1.52    2.76
 KIN2   133  1205     71   24.2    5.5    5.4   196   11.8    0.8    7.5    0.25   971.86   794   23.8    4.0   -995   -995   -995   -995   -995    -995    -995    -995
 KIN2   133  1210     70   24.6    5.2    5.1   204   10.4    1.0    7.4    0.25   971.81   924   24.1    3.9   -995   -995   -995   -995   -995    -995    -995    -995
 KIN2   133  1215     70   24.4    5.4    5.3   190   10.3    0.8    6.9    0.25   971.82   779   24.0    4.0   18.1   22.6   18.9   16.7   16.1    -995    -995    -995
 KIN2   133  1220     70   24.8    5.3    5.1   193   16.2    1.0    7.1    0.25   971.75   878   24.3    4.1   -995   -995   -995   -995   -995    -995    -995    -995
 KIN2   133  1225     70   24.8    5.6    5.5   198    9.1    0.9    7.8    0.25   971.74   862   24.4    4.3   -995   -995   -995   -995   -995    -995    -995    -995
 KIN2   133  1230     70   24.4    6.2    6.1   192    8.1    0.8    8.9    0.25   971.75   906   24.0    4.8   18.2   22.8   19.0   16.7   16.0    1.43    1.52    2.76
 KIN2   133  1235     71   24.4    5.7    5.6   186    8.4    1.0    7.5    0.25   971.70   862   23.9    4.2   -995   -995   -995   -995   -995    -995    -995    -995
 KIN2   133  1240     70   24.3    5.2    5.1   186   10.2    0.9    7.3    0.25   971.62   847   23.9    4.0   -995   -995   -995   -995   -995    -995    -995    -995
 KIN2   133  1245     70   24.5    6.0    5.9   182    9.3    0.8    7.7    0.25   971.53   837   24.0    4.6   18.3   23.0   19.1   16.7   16.1    -995    -995    -995
 KIN2   133  1250     71   24.4    5.3    5.2   183   11.6    0.9    8.3    0.25   971.50   722   24.1    4.0   -995   -995   -995   -995   -995    -995    -995    -995
 KIN2   133  1255     70   24.6    5.4    5.3   198   10.2    1.0    7.7    0.25   971.48   732   24.2    4.1   -995   -995   -995   -995   -995    -995    -995    -995
 KIN2   133  1260     71   24.3    5.2    5.2   181    8.6    0.9    7.1    0.25   971.38   558   24.1    3.9   18.4   23.1   19.2   16.8   16.1    1.43    1.53    2.78
 KIN2   133  1265     71   24.3    5.8    5.7   180    7.4    0.8    7.3    0.25   971.29   642   24.2    4.3   -995   -995   -995   -995   -995    -995    -995    -995
 KIN2   133  1270     71   24.7    5.9    5.8   194   10.3    1.2    8.4    0.25   971.27   768   24.4    4.3   -995   -995   -995   -995   -995    -995    -995    -995
 KIN2   133  1275     70   24.5    6.1    6.0   200    8.3    1.1    8.2    0.25   971.22   618   24.2    4.6   18.5   23.3   19.3   16.8   16.1    -995    -995    -995
 KIN2   133  1280     70   24.5    5.7    5.6   194    9.0    1.0    8.1    0.25   971.19   726   24.3    4.2   -995   -995   -995   -995   -995    -995    -995    -995
 KIN2   133  1285     70   24.9    5.3    5.2   193   12.4    0.8    6.9    0.25   971.11   683   24.6    4.1   -995   -995   -995   -995   -995    -995    -995    -995
 KIN2   133  1290     70   24.8    7.0    6.9   181    8.1    0.8    9.2    0.25   971.01   624   24.5    5.1   18.6   23.4   19.4   16.9   16.1    1.43    1.53    2.78
 KIN2   133  1295     71   24.6    6.3    6.2   198    8.3    0.8    7.9    0.25   970.93   617   24.4    4.6   -995   -995   -995   -995   -995    -995    -995    -995
 KIN2   133  1300     72   24.7    5.6    5.6   192    9.4    1.0    7.6    0.25   970.85   552   24.6    4.4   -995   -995   -995   -995   -995    -995    -995    -995
 KIN2   133  1305     72   24.7    5.5    5.5   187    8.3    1.0    7.6    0.25   970.82   759   24.6    4.2   18.6   23.5   19.4   16.9   16.1    -995    -995    -995
 KIN2   133  1310     70   24.7    6.5    6.4   194    9.5    1.3    9.3    0.25   970.75   402   24.6    4.8   -995   -995   -995   -995   -995    -995    -995    -995
 KIN2   133  1315     73   24.4    5.7    5.6   199   10.2    1.0    9.1    0.25   970.70   652   24.5    4.2   -995   -995   -995   -995   -995    -995    -995    -995
 KIN2   133  1320     68   24.9    6.6    6.6   203    7.7    1.2    8.7    0.25   970.69   586   24.7    4.9   18.7   23.6   19.5   17.0   16.1    1.42    1.52    2.77
 KIN2   133  1325     70   24.4    6.1    6.0   206    9.2    0.9    8.4    0.25   970.72   462   24.5    4.5   -995   -995   -995   -995   -995    -995    -995    -995
 KIN2   133  1330     69   24.9    6.4    6.3   197    8.9    0.7    8.4    0.25   970.70   580   24.9    4.7   -995   -995   -995   -995   -995    -995    -995    -995
 KIN2   133  1335     70   25.1    5.0    4.9   192   13.3    1.0    7.6    0.25   970.65   585   25.1    3.8   18.8   23.7   19.5   17.0   16.1    -995    -995    -995
 KIN2   133  1340     67   25.2    6.9    6.9   199    8.6    1.1    9.4    0.25   970.63   662   25.0    5.2   -995   -995   -995   -995   -995    -995    -995    -995
 KIN2   133  1345     67   25.2    6.1    6.0   203    9.0    0.9    7.9    0.25   970.63   672   25.1    4.5   -995   -995   -995   -995   -995    -995    -995    -995
 KIN2   133  1350     66   25.2    6.2    6.1   201    8.0    0.8    8.2    0.25   970.60   642   25.1    4.6   18.8   23.8   19.5   17.0   16.1    1.42    1.53    2.77
 KIN2   133  1355     68   25.2    5.3    5.2   197   12.1    0.7    6.9    0.25   970.55   556   25.2    4.0   -995   -995   -995   -995   -995    -995    -995    -995
 KIN2   133  1360     68   25.0    5.6    5.5   180   10.1    0.9    7.5    0.25   970.50   397   25.0    4.2   -995   -995   -995   -995   -995    -995    -995    -995
 KIN2   133  1365     70   24.3    5.7    5.7   181    7.8    0.7    7.1    0.25   970.46   317   24.6    4.3   18.8   23.8   19.5   17.1   16.1    -995    -995    -995
 KIN2   133  1370     71   24.2    4.9    4.9   187    6.5    0.8    7.2    0.25   970.40   335   24.5    3.3   -995   -995   -995   -995   -995    -995    -995    -995
 KIN2   133  1375     70   24.7    5.2    5.1   190   11.5    1.4    8.1    0.25   970.32   430   24.8    3.9   -995   -995   -995   -995   -995    -995    -995    -995
 KIN2   133  1380     68   24.7    5.8    5.7   192    7.8    0.8    7.9    0.25   970.25   415   24.9    4.3   18.9   23.9   19.6   17.1   16.1    1.43    1.52    2.78
 KIN2   133  1385     69   24.7    5.8    5.7   184   10.4    1.1    8.6    0.25   970.21   395   24.9    4.1   -995   -995   -995   -995   -995    -995    -995    -995
 KIN2   133  1390     69   24.6    5.4    5.4   181    7.9    0.9    7.6    0.25   970.14   376   24.8    4.1   -995   -995   -995   -995   -995    -995    -995    -995
 KIN2   133  1395     69   24.5    5.6    5.6   187    6.3    0.8    7.7    0.25   970.06   357   24.7    4.2   18.9   23.9   19.6   17.2   16.1    -995    -995    -995
 KIN2   133  1400     70   24.5    5.4    5.3   181    8.3    0.9    7.3    0.25   970.06   344   24.7    3.9   -995   -995   -995   -995   -995    -995    -995    -995
 KIN2   133  1405     70   24.4    4.9    4.9   183    6.5    0.7    6.3    0.25   970.00   309   24.7    3.6   -995   -995   -995   -995   -995    -995    -995    -995
 KIN2   133  1410     72   24.3    4.0    3.9   189    8.8    0.7    5.5    0.25   969.93   240   24.6    3.0   18.9   23.9   19.6   17.2   16.2    1.43    1.53    2.78
 KIN2   133  1415     71   23.8    5.4    5.3   180    6.2    0.7    7.1    0.25   969.82   111   24.3    3.7   -995   -995   -995   -995   -995    -995    -995    -995
 KIN2   133  1420     72   23.5    4.7    4.7   179    8.0    0.8    6.6    0.25   969.81   161   24.1    3.2   -995   -995   -995   -995   -995    -995    -995    -995
 KIN2   133  1425     73   23.8    4.2    4.2   172   10.6    0.6    5.6    0.25   969.85   210   24.3    3.1   19.0   23.9   19.6   17.3   16.2    -995    -995    -995
 KIN2   133  1430     72   23.9    4.7    4.7   172    8.1    0.6    6.2    0.25   969.84   139   24.3    3.4   -995   -995   -995   -995   -995    -995    -995    -995
 KIN2   133  1435     73   23.5    5.5    5.4   174    7.4    0.9    7.7    0.25   969.80   102   24.1    3.8   -995   -995   -995   -995   -995    -995    -995    -995
</pre>