<pre>  101 ! (c) 2019 Oklahoma Climatological Survey and the Oklahoma Mesonet - all rights reserved
  21 2019 01 25 00 00 00
 STID  STNM  TIME   RELH   TAIR   WSPD   WVEC  WDIR   WDSD   WSSD   WMAX    RAIN     PRES  SRAD   TA9M   WS2M   TS10   TB10   TS05   TS25   TS60    TR05    TR25    TR60
 KIN2   133     0     62    1.2    5.9    5.8    18    9.1    0.9    8.2    0.00   988.60     1    1.3    5.0    5.4    5.0    5.2    5.8    7.5    1.48    1.56    1.40
 KIN2   133     5     63    1.2    6.1    6.0    17    8.6    0.8    7.9    0.00   988.71     1    1.3    4.9   -995   -995   -995   -995   -995    -995    -995    -995
 KIN2   133    10     63    1.2    5.6    5.5    15    9.8    0.9    8.1    0.00   988.77     0    1.3    4.7   -995   -995   -995   -995   -995    -995    -995    -995
 KIN2   133    15     63    1.1    6.4    6.3    18    9.4    1.2    9.0    0.00   988.85     0    1.2    5.3    5.4    4.9    5.1    5.8    7.4    -995    -995    -995
 KIN2   133    20     62    1.1    6.0    5.9    11    9.9    1.0    8.4    0.00   988.96     0    1.2    4.8   -995   -995   -995   -995   -995    -995    -995    -995
 KIN2   133    25     62    1.0    5.5    5.4    17   13.5    1.0    7.9    0.00   988.85     0    1.1    4.5   -995   -995   -995   -995   -995    -995    -995    -995
 KIN2   133    30     63    1.0    4.6    4.5    22    9.4    0.7    6.1    0.00   988.74     0    1.1    3.7    5.3    4.8    5.1    5.8    7.4    1.48    1.56    1.41
 KIN2   133    35     63    0.9    5.2    5.2    23    8.7    0.9    7.7    0.00   988.73     0    1.0    4.4   -995   -995   -995   -995   -995    -995    -995    -995
 KIN2   133    40     64    0.9    4.1    4.0    24    9.8    0.6    5.3    0.00   988.63     0    1.0    3.4   -995   -995   -995   -995   -995    -995    -995    -995
 KIN2   133    45     65    0.8    4.3    4.2    24    7.7    0.8    6.1    0.00   988.63     0    0.9    3.4    5.3    4.8    5.0    5.8    7.4    -995    -995    -995
 KIN2   133    50     66    0.7    4.1    4.0    29   11.0    0.9    7.0    0.00   988.67     0    0.9    3.4   -995   -995   -995   -995   -995    -995    -995    -995
 KIN2   133    55     65    0.7    4.7    4.7    26    8.9    0.9    7.3    0.00   988.80     0    0.8    4.1   -995   -995   -995   -995   -995    -995    -995    -995
 KIN2   133    60     63    0.6    5.0    5.0    19    7.6    0.7    6.7    0.00   989.03     0    0.8    4.2    5.3    4.7    4.9    5.8    7.4    1.48    1.55    1.39
 KIN2   133    65     63    0.4    4.9    4.8    23    9.2    0.7    7.0    0.00   989.08     0    0.6    3.9   -995   -995   -995   -995   -995    -995    -995    -995
 KIN2   133    70     63    0.3    5.0    4.9    22    9.6    0.9    7.3    0.00   989.12     0    0.6    4.1   -995   -995   -995   -995   -995    -995    -995    -995
 KIN2   133    75     64    0.2    4.2    4.2    24    8.3    0.7    6.7    0.00   989.18     0    0.5    3.5    5.3    4.6    4.9    5.9    7.4    -995    -995    -995
 KIN2   133    80     64    0.1    4.9    4.8    24    8.5    0.7    6.6    0.00   989.21     0    0.4    3.8   -995   -995   -995   -995   -995    -995    -995    -995
 KIN2   133    85     64    0.0    4.1    4.0    26    8.6    0.7    6.3    0.00   989.23     0    0.3    3.3   -995   -995   -995   -995   -995    -995    -995    -995
 KIN2   133    90     65   -0.3    3.4    3.4    26    7.4    0.6    4.7    0.00   989.27     0    0.1    2.5    5.3    4.5    4.9    5.9    7.5    1.48    1.56    1.40
 KIN2   133    95     66   -0.4    3.0    2.9    37    9.2    0.5    4.3    0.00   989.17     0   -0.1    2.5   -995   -995   -995   -995   -995    -995    -995    -995
 KIN2   133   100     67   -0.6    3.0    2.9    41    9.5    0.4    4.1    0.00   989.04     0   -0.3    2.3   -995   -995   -995   -995   -995    -995    -995    -995
 KIN2   133   105     67   -0.9    2.9    2.9    36   10.7    0.4    4.3    0.00   989.04     0   -0.4    2.1    5.2    4.5    4.8    5.9    7.5    -995    -995    -995
 KIN2   133   110     68   -1.0    2.8    2.8    31    8.8    0.5    4.4    0.00   989.20     0   -0.5    2.2   -995   -995   -995   -995   -995    -995    -995    -995
 KIN2   133   115     68   -1.1    2.7    2.6    30    7.7    0.4    3.5    0.00   989.23     0   -0.6    2.1   -995   -995   -995   -995   -995    -995    -995    -995
 KIN2   133   120     69   -1.2    2.9    2.9    27    6.8    0.3    3.8    0.00   989.28     0   -0.7    2.1    5.2    4.4    4.8    5.9    7.5    1.48    1.56    1.39
 KIN2   133   125     70   -1.7    2.3    2.3    27    7.9    0.3    3.3    0.00   989.43     0   -0.9    1.5   -995   -995   -995   -995   -995    -995    -995    -995
 KIN2   133   130     72   -1.7    2.1    2.1    35    7.6    0.3    2.7    0.00   989.41     0   -1.0    1.4   -995   -995   -995   -995   -995    -995    -995    -995
 KIN2   133   135     71   -1.6    2.0    2.0    35    8.3    0.3    2.7    0.00   989.47     0   -1.1    1.4    5.2    4.3    4.7    5.9    7.5    -995    -995    -995
 KIN2   133   140     71   -1.8    2.0    2.0    26    7.7    0.3    2.7    0.00   989.61     0   -1.1    1.5   -995   -995   -995   -995   -995    -995    -995    -995
 KIN2   133   145     73   -2.3    2.2    2.2    19    7.6    0.3    2.9    0.00   989.72     0   -1.3    1.4   -995   -995   -995   -995   -995    -995    -995    -995
 KIN2   133   150     76   -2.5    2.2    2.2    15    5.8    0.2    2.6    0.00   989.83     0   -1.5    1.4    5.1    4.2    4.6    5.9    7.5    1.48    1.55    1.39
 KIN2   133   155     77   -2.5    2.2    2.1     9    8.0    0.3    3.0    0.00   989.93     0   -1.6    1.4   -995   -995   -995   -995   -995    -995    -995    -995
 KIN2   133   160     76   -2.6    2.2    2.2    17    5.4    0.2    2.6    0.00   989.92     0   -1.7    1.3   -995   -995   -995   -995   -995    -995    -995    -995
 KIN2   133   165     76   -2.7    2.1    2.1    19    5.8    0.3    2.7    0.00   989.88     0   -1.7    1.2    5.1    4.1    4.5    5.9    7.5    -995    -995    -995
 KIN2   133   170     76   -2.9    2.2    2.2    15    6.4    0.2    2.8    0.00   989.94     0   -1.8    1.2   -995   -995   -995   -995   -995    -995    -995    -995
 KIN2   133   175     76   -2.7    2.0    1.9    22    7.1    0.2    2.6    0.00   989.91     0   -1.9    1.1   -995   -995   -995   -995   -995    -995    -995    -995
 KIN2   133   180     76   -2.8    2.0    1.9    18    6.2    0.2    2.5    0.00   989.98     0   -1.9    1.1    5.0    4.0    4.4    5.9    7.5    1.47    1.55    1.40
 KIN2   133   185     76   -2.8    2.1    2.1    11    6.7    0.3    2.6    0.00   990.16     0   -2.0    1.3   -995   -995   -995   -995   -995    -995    -995    -995
 KIN2   133   190     76   -3.2    2.2    2.2    23    9.0    0.3    3.1    0.00   990.14     0   -2.1    1.3   -995   -995   -995   -995   -995    -995    -995    -995
 KIN2   133   195     77   -2.9    2.6    2.5    31    7.7    0.4    3.6    0.00   990.04     0   -2.0    1.7    5.0    3.9    4.3    5.9    7.4    -995    -995    -995
 KIN2   133   200     75   -2.7    2.4    2.4    39    8.4    0.3    3.2    0.00   990.01     0   -2.0    1.7   -995   -995   -995   -995   -995    -995    -995    -995
 KIN2   133   205     75   -2.6    2.7    2.7    37    8.0    0.4    3.6    0.00   989.98     0   -2.1    2.0   -995   -995   -995   -995   -995    -995    -995    -995
 KIN2   133   210     74   -2.6    2.9    2.8    31    7.9    0.5    4.1    0.00   989.95     0   -2.1    2.2    4.9    3.7    4.2    5.9    7.4    1.46    1.56    1.40
 KIN2   133   215     75   -2.8    2.7    2.7    29    8.4    0.4    3.9    0.00   989.97     0   -2.3    2.0   -995   -995   -995   -995   -995    -995    -995    -995
 KIN2   133   220     76   -3.0    2.3    2.3    29    8.6    0.3    3.3    0.00   990.09     0   -2.4    1.6   -995   -995   -995   -995   -995    -995    -995    -995
 KIN2   133   225     77   -3.0    2.2    2.2    31    8.5    0.3    3.0    0.00   990.17     0   -2.5    1.6    4.8    3.6    4.1    5.8    7.4    -995    -995    -995
 KIN2   133   230     77   -3.0    2.1    2.1    32    7.8    0.3    3.0    0.00   990.24     0   -2.5    1.5   -995   -995   -995   -995   -995    -995    -995    -995
 KIN2   133   235     77   -3.1    1.9    1.8    37    8.0    0.3    2.5    0.00   990.28     0   -2.6    1.2   -995   -995   -995   -995   -995    -995    -995    -995
 KIN2   133   240     77   -3.1    1.8    1.7    37    7.2    0.3    2.5    0.00   990.30     0   -2.6    1.2    4.8    3.5    4.0    5.8    7.4    1.46    1.56    1.40
 KIN2   133   245     77   -3.3    1.7    1.7    31    6.0    0.2    2.2    0.00   990.35     0   -2.6    1.0   -995   -995   -995   -995   -995    -995    -995    -995
 KIN2   133   250     78   -3.4    1.4    1.3    33    7.3    0.3    2.0    0.00   990.48     0   -2.7    0.3   -995   -995   -995   -995   -995    -995    -995    -995
 KIN2   133   255     78   -3.3    0.9    0.9    35    8.4    0.3    1.6    0.00   990.61     0   -2.8    0.0    4.7    3.5    4.0    5.8    7.4    -995    -995    -995
 KIN2   133   260     79   -3.5    0.8    0.8    20    8.2    0.2    1.1    0.00   990.75     0   -2.9    0.0   -995   -995   -995   -995   -995    -995    -995    -995
 KIN2   133   265     79   -3.4    0.5    0.5   358    6.9    0.1    0.8    0.00   990.90     0   -3.0    0.0   -995   -995   -995   -995   -995    -995    -995    -995
 KIN2   133   270     79   -3.3    0.6    0.5   353   10.7    0.1    0.9    0.00   990.98     0   -3.1    0.0    4.7    3.4    3.9    5.8    7.4    1.46    1.55    1.40
 KIN2   133   275     80   -3.7    0.9    0.9    11    6.3    0.1    1.2    0.00   990.95     0   -3.1    0.0   -995   -995   -995   -995   -995    -995    -995    -995
 KIN2   133   280     81   -4.0    0.9    0.9   349   10.7    0.1    1.2    0.00   991.03     0   -3.2    0.0   -995   -995   -995   -995   -995    -995    -995    -995
 KIN2   133   285     82   -4.1    1.0    1.0   342    6.2    0.1    1.4    0.00   991.21     0   -3.2    0.1    4.7    3.3    3.8    5.8    7.4    -995    -995    -995
 KIN2   133   290     82   -4.2    0.8    0.8     7    7.6    0.1    1.2    0.00   991.26     0   -3.3    0.0   -995   -995   -995   -995   -995    -995    -995    -995
 KIN2   133   295     82   -4.4    0.9    0.9     7    6.5    0.2    1.3    0.00   991.27     0   -3.4    0.0   -995   -995   -995   -995   -995    -995    -995    -995
 KIN2   133   300     83   -4.9    1.2    1.2    16    3.5    0.1    1.4    0.00   991.21     0   -3.6    0.0    4.6    3.3    3.7    5.8    7.4    1.46    1.56    1.39
 KIN2   133   305     85   -4.7    1.2    1.2    19    6.1    0.1    1.5    0.00   991.18     0   -3.6    0.0   -995   -995   -995   -995   -995    -995    -995    -995
 KIN2   133   310     85   -4.6    1.2    1.2    26    2.8    0.1    1.6    0.00   991.19     0   -3.6    0.0   -995   -995   -995   -995   -995    -995    -995    -995
 KIN2   133   315     86   -4.6    1.5    1.5    28    3.5    0.1    2.0    0.00   991.23     0   -3.6    0.2    4.6    3.2    3.7    5.8    7.4    -995    -995    -995
 KIN2   133   320     85   -4.4    1.5    1.5    28    3.8    0.2    1.9    0.00   991.21     0   -3.6    0.6   -995   -995   -995   -995   -995    -995    -995    -995
 KIN2   133   325     83   -4.4    1.3    1.3    37    3.2    0.1    1.7    0.00   991.18     0   -3.5    0.0   -995   -995   -995   -995   -995    -995    -995    -995
 KIN2   133   330     82   -4.6    1.1    1.1    40    1.2    0.1    1.3    0.00   991.21     0   -3.6    0.0    4.5    3.1    3.6    5.8    7.4    1.46    1.56    1.40
 KIN2   133   335     83   -5.2    0.8    0.8    57   15.0    0.0    0.9    0.00   991.04     0   -3.9    0.0   -995   -995   -995   -995   -995    -995    -995    -995
 KIN2   133   340     86   -4.9    0.9    0.9    92    6.0    0.2    1.2    0.00   990.90     0   -3.8    0.0   -995   -995   -995   -995   -995    -995    -995    -995
 KIN2   133   345     88   -4.8    0.7    0.6    32   23.2    0.2    1.1    0.00   991.15     0   -3.7    0.3    4.4    3.0    3.5    5.8    7.3    -995    -995    -995
 KIN2   133   350     87   -5.0    0.8    0.8    14   12.4    0.2    1.4    0.00   991.35     0   -3.5    0.9   -995   -995   -995   -995   -995    -995    -995    -995
 KIN2   133   355     86   -5.1    1.0    0.9    21   13.2    0.1    1.4    0.00   991.34     0   -3.5    0.3   -995   -995   -995   -995   -995    -995    -995    -995
 KIN2   133   360     86   -4.7    0.8    0.8    23    6.4    0.1    1.0    0.00   991.37     0   -3.5    0.0    4.4    2.9    3.4    5.7    7.3    1.46    1.55    1.39
 KIN2   133   365     84   -4.9    0.7    0.7    26   11.4    0.2    1.0    0.00   991.39     0   -3.7    0.0   -995   -995   -995   -995   -995    -995    -995    -995
 KIN2   133   370     83   -5.6    0.5    0.5    55    5.3    0.1    0.7    0.00   991.33     0   -3.9    0.0   -995   -995   -995   -995   -995    -995    -995    -995
 KIN2   133   375     86   -5.1    0.4    0.4    60    2.6    0.1    0.7    0.00   991.28     0   -4.0    0.0    4.3    2.8    3.4    5.7    7.3    -995    -995    -995
 KIN2   133   380     86   -5.4    0.9    0.9    15    7.2    0.2    1.2    0.00   991.37     0   -3.9    0.8   -995   -995   -995   -995   -995    -995    -995    -995
 KIN2   133   385     87   -5.4    1.2    1.2     5   13.4    0.2    2.0    0.00   991.46     0   -3.9    0.8   -995   -995   -995   -995   -995    -995    -995    -995
 KIN2   133   390     86   -5.6    1.1    1.1    15    5.4    0.1    1.5    0.00   991.44     0   -3.9    0.3    4.3    2.8    3.3    5.7    7.3    1.46    1.56    1.39
 KIN2   133   395     87   -5.9    0.7    0.7    22    3.8    0.2    1.1    0.00   991.45     0   -4.0    0.0   -995   -995   -995   -995   -995    -995    -995    -995
 KIN2   133   400     88   -6.1    0.7    0.7    38    3.2    0.1    0.9    0.00   991.42     0   -4.2    0.0   -995   -995   -995   -995   -995    -995    -995    -995
 KIN2   133   405     89   -6.0    1.0    1.0    50    1.8    0.1    1.3    0.00   991.43     0   -4.4    0.1    4.2    2.7    3.3    5.7    7.3    -995    -995    -995
 KIN2   133   410     90   -6.1    1.1    1.1    59    7.5    0.1    1.3    0.00   991.32     0   -4.7    0.3   -995   -995   -995   -995   -995    -995    -995    -995
 KIN2   133   415     91   -5.8    1.1    1.1    67    7.3    0.2    1.5    0.00   991.27     0   -4.8    0.4   -995   -995   -995   -995   -995    -995    -995    -995
 KIN2   133   420     92   -5.6    1.7    1.7    51    1.5    0.2    2.0    0.00   991.12     0   -4.7    0.8    4.2    2.6    3.2    5.7    7.3    1.46    1.55    1.39
 KIN2   133   425     92   -5.6    1.7    1.7    59    4.4    0.2    2.1    0.00   991.08     0   -4.6    0.1   -995   -995   -995   -995   -995    -995    -995    -995
 KIN2   133   430     91   -5.2    1.7    1.7    56    5.1    0.2    2.2    0.00   991.04     0   -4.6    0.9   -995   -995   -995   -995   -995    -995    -995    -995
 KIN2   133   435     89   -5.4    1.9    1.9    68    5.9    0.2    2.6    0.00   990.91     0   -4.6    0.6    4.1    2.6    3.1    5.6    7.3    -995    -995    -995
 KIN2   133   440     89   -5.4    2.1    2.1    75    8.9    0.4    3.4    0.00   990.75     0   -4.6    0.9   -995   -995   -995   -995   -995    -995    -995    -995
 KIN2   133   445     86   -5.2    2.2    2.2    67    6.6    0.3    3.1    0.00   990.76     0   -4.5    1.3   -995   -995   -995   -995   -995    -995    -995    -995
 KIN2   133   450     84   -5.1    2.0    2.0    64    5.1    0.2    2.4    0.00   990.68     0   -4.5    1.2    4.1    2.5    3.1    5.6    7.3    1.46    1.55    1.40
 KIN2   133   455     84   -5.2    1.8    1.8    56    5.8    0.3    2.3    0.00   990.65     0   -4.6    1.1   -995   -995   -995   -995   -995    -995    -995    -995
 KIN2   133   460     84   -5.2    2.1    2.1    53    7.8    0.4    3.0    0.00   990.57     0   -4.7    1.4   -995   -995   -995   -995   -995    -995    -995    -995
 KIN2   133   465     84   -5.2    2.2    2.2    59    7.3    0.3    3.1    0.00   990.50     0   -4.7    1.7    4.0    2.4    3.0    5.6    7.2    -995    -995    -995
 KIN2   133   470     83   -5.2    2.8    2.8    56    5.1    0.4    3.7    0.00   990.38     0   -4.8    2.1   -995   -995   -995   -995   -995    -995    -995    -995
 KIN2   133   475     82   -5.1    2.8    2.8    56    6.6    0.4    3.7    0.00   990.26     0   -4.8    2.3   -995   -995   -995   -995   -995    -995    -995    -995
 KIN2   133   480     81   -5.2    2.6    2.5    58    7.3    0.3    3.2    0.00   990.19     0   -4.9    2.0    4.0    2.3    2.9    5.5    7.2    1.46    1.56    1.40
 KIN2   133   485     81   -5.3    2.4    2.3    56    7.3    0.3    3.5    0.00   990.29     0   -4.9    1.7   -995   -995   -995   -995   -995    -995    -995    -995
 KIN2   133   490     80   -5.3    2.6    2.6    55    7.9    0.3    3.4    0.00   990.15     0   -4.9    2.0   -995   -995   -995   -995   -995    -995    -995    -995
 KIN2   133   495     80   -5.4    2.5    2.5    64    7.5    0.3    3.2    0.00   990.09     0   -5.0    1.9    3.9    2.3    2.9    5.5    7.2    -995    -995    -995
 KIN2   133   500     81   -5.6    2.3    2.3    79    9.0    0.4    3.5    0.00   990.13     0   -5.0    1.3   -995   -995   -995   -995   -995    -995    -995    -995
 KIN2   133   505     79   -5.4    2.5    2.4    84    7.8    0.4    3.8    0.00   990.03     0   -5.0    1.5   -995   -995   -995   -995   -995    -995    -995    -995
 KIN2   133   510     78   -5.4    2.6    2.6    95    8.8    0.3    3.4    0.00   990.00     0   -5.0    1.8    3.9    2.2    2.9    5.5    7.2    1.46    1.56    1.39
 KIN2   133   515     78   -5.4    2.5    2.5   103   10.6    0.4    3.2    0.00   990.09     0   -5.1    2.0   -995   -995   -995   -995   -995    -995    -995    -995
 KIN2   133   520     77   -5.6    2.3    2.2   110    8.0    0.4    3.2    0.00   990.30     0   -5.2    1.7   -995   -995   -995   -995   -995    -995    -995    -995
 KIN2   133   525     77   -5.6    1.9    1.8   113    8.6    0.2    2.5    0.00   990.40     0   -5.2    1.5    3.9    2.2    2.8    5.5    7.2    -995    -995    -995
 KIN2   133   530     77   -5.8    2.0    2.0   102    7.7    0.3    2.7    0.00   990.21     0   -5.3    1.5   -995   -995   -995   -995   -995    -995    -995    -995
 KIN2   133   535     77   -5.7    2.5    2.4    99    7.3    0.3    3.1    0.00   990.13     0   -5.3    1.6   -995   -995   -995   -995   -995    -995    -995    -995
 KIN2   133   540     77   -5.7    2.4    2.4    90    8.0    0.4    3.2    0.00   990.10     0   -5.4    1.6    3.8    2.1    2.8    5.5    7.3    1.46    1.56    1.39
 KIN2   133   545     77   -5.9    1.9    1.9    93    7.8    0.3    2.5    0.00   990.09     0   -5.5    1.2   -995   -995   -995   -995   -995    -995    -995    -995
 KIN2   133   550     78   -5.9    2.1    2.0    95    8.9    0.3    3.0    0.00   989.99     0   -5.5    1.3   -995   -995   -995   -995   -995    -995    -995    -995
 KIN2   133   555     78   -5.9    2.0    2.0    93    8.1    0.3    2.5    0.00   989.85     0   -5.5    1.2    3.8    2.1    2.8    5.5    7.3    -995    -995    -995
 KIN2   133   560     77   -5.9    1.5    1.5   126   13.7    0.3    2.1    0.00   989.99     0   -5.6    1.2   -995   -995   -995   -995   -995    -995    -995    -995
 KIN2   133   565     77   -5.9    1.2    1.2   117    9.5    0.3    2.0    0.00   989.99     0   -5.6    0.6   -995   -995   -995   -995   -995    -995    -995    -995
 KIN2   133   570     77   -6.0    1.2    1.2   122   12.6    0.3    1.8    0.00   989.90     0   -5.6    0.5    3.8    2.0    2.8    5.5    7.3    1.46    1.55    1.40
 KIN2   133   575     79   -6.3    1.0    1.0   139   10.8    0.2    1.7    0.00   989.77     0   -5.8    0.3   -995   -995   -995   -995   -995    -995    -995    -995
 KIN2   133   580     81   -6.3    1.9    1.9   126    7.5    0.3    2.8    0.00   989.52     0   -5.8    1.2   -995   -995   -995   -995   -995    -995    -995    -995
 KIN2   133   585     80   -6.1    2.6    2.5   116    7.3    0.4    4.0    0.00   989.27     0   -5.7    1.9    3.7    2.0    2.7    5.5    7.3    -995    -995    -995
 KIN2   133   590     78   -6.0    3.0    3.0   115    7.2    0.4    4.0    0.00   988.92     0   -5.7    2.5   -995   -995   -995   -995   -995    -995    -995    -995
 KIN2   133   595     77   -6.0    2.3    2.3   112   10.1    0.5    4.0    0.00   989.02     0   -5.7    1.8   -995   -995   -995   -995   -995    -995    -995    -995
 KIN2   133   600     77   -6.0    2.1    2.1   118   11.9    0.5    3.3    0.00   989.15     0   -5.7    1.7    3.7    1.9    2.7    5.4    7.3    1.46    1.56    1.40
 KIN2   133   605     76   -6.0    1.9    1.8   125   13.8    0.3    2.8    0.00   989.17     0   -5.7    1.4   -995   -995   -995   -995   -995    -995    -995    -995
 KIN2   133   610     77   -6.0    1.8    1.7   129   11.9    0.4    2.8    0.00   989.05     0   -5.7    1.3   -995   -995   -995   -995   -995    -995    -995    -995
 KIN2   133   615     76   -6.0    2.3    2.3   138    9.0    0.3    3.1    0.00   988.98     0   -5.7    1.9    3.7    1.9    2.7    5.4    7.2    -995    -995    -995
 KIN2   133   620     75   -6.0    2.0    2.0   135    9.3    0.4    3.1    0.00   988.84     0   -5.7    1.5   -995   -995   -995   -995   -995    -995    -995    -995
 KIN2   133   625     77   -6.2    1.6    1.6   145    9.7    0.2    2.2    0.00   988.86     0   -5.9    1.1   -995   -995   -995   -995   -995    -995    -995    -995
 KIN2   133   630     77   -6.3    1.3    1.3   142   15.2    0.4    2.2    0.00   988.96     0   -6.0    0.6    3.6    1.8    2.6    5.4    7.2    1.46    1.56    1.40
 KIN2   133   635     76   -6.3    1.1    1.0   142   11.3    0.3    1.9    0.00   988.90     0   -6.0    0.4   -995   -995   -995   -995   -995    -995    -995    -995
 KIN2   133   640     74   -6.4    1.4    1.3   133   16.8    0.3    2.1    0.00   988.85     0   -6.0    0.9   -995   -995   -995   -995   -995    -995    -995    -995
 KIN2   133   645     70   -6.2    1.9    1.9   128    9.9    0.3    2.7    0.00   988.80     0   -5.9    1.5    3.6    1.8    2.6    5.4    7.2    -995    -995    -995
 KIN2   133   650     68   -6.3    1.9    1.9   119    9.2    0.3    2.6    0.00   988.65     0   -5.9    1.5   -995   -995   -995   -995   -995    -995    -995    -995
 KIN2   133   655     68   -6.2    1.8    1.8   132   12.4    0.3    2.6    0.00   988.57     0   -6.0    1.4   -995   -995   -995   -995   -995    -995    -995    -995
 KIN2   133   660     70   -6.4    2.0    2.0   149    5.5    0.3    2.7    0.00   988.63     0   -6.1    1.5    3.6    1.8    2.6    5.4    7.3    1.46    1.55    1.39
 KIN2   133   665     71   -6.5    1.6    1.5   138    9.1    0.3    2.0    0.00   988.59     0   -6.2    0.8   -995   -995   -995   -995   -995    -995    -995    -995
 KIN2   133   670     71   -6.5    0.9    0.8   117   15.9    0.3    1.5    0.00   988.55     0   -6.2    0.2   -995   -995   -995   -995   -995    -995    -995    -995
 KIN2   133   675     70   -6.5    0.4    0.4   117   14.3    0.2    1.0    0.00   988.68     0   -6.2    0.0    3.6    1.7    2.6    5.3    7.2    -995    -995    -995
 KIN2   133   680     70   -6.6    0.6    0.6    81   12.9    0.3    1.1    0.00   988.65     0   -6.2    0.0   -995   -995   -995   -995   -995    -995    -995    -995
 KIN2   133   685     71   -6.6    1.3    1.3    97   10.4    0.2    1.9    0.00   988.55     0   -6.2    0.6   -995   -995   -995   -995   -995    -995    -995    -995
 KIN2   133   690     71   -6.4    1.3    1.3   103    6.3    0.2    1.7    0.00   988.41     0   -6.2    0.8    3.5    1.7    2.5    5.3    7.2    1.46    1.56    1.40
 KIN2   133   695     72   -6.4    1.3    1.3    83    9.1    0.2    1.7    0.00   988.30     0   -6.2    0.8   -995   -995   -995   -995   -995    -995    -995    -995
 KIN2   133   700     73   -6.5    1.5    1.5    69    7.9    0.2    1.9    0.00   988.30     0   -6.3    1.1   -995   -995   -995   -995   -995    -995    -995    -995
 KIN2   133   705     73   -6.4    1.4    1.4    69    8.1    0.2    1.9    0.00   988.30     0   -6.2    0.9    3.5    1.6    2.5    5.3    7.2    -995    -995    -995
 KIN2   133   710     72   -6.2    1.8    1.8    83   10.6    0.4    2.7    0.00   988.28     0   -6.1    1.2   -995   -995   -995   -995   -995    -995    -995    -995
 KIN2   133   715     71   -6.2    1.7    1.7    89   10.5    0.4    2.8    0.00   988.25     0   -6.1    1.2   -995   -995   -995   -995   -995    -995    -995    -995
 KIN2   133   720     69   -6.2    2.2    2.2    99   10.2    0.3    2.8    0.00   988.12     0   -6.1    1.6    3.4    1.5    2.4    5.2    7.2    1.46    1.56    1.40
 KIN2   133   725     69   -6.2    2.3    2.2    88    9.0    0.5    3.4    0.00   988.10     0   -6.1    1.6   -995   -995   -995   -995   -995    -995    -995    -995
 KIN2   133   730     69   -6.3    2.0    2.0    98   12.2    0.5    3.1    0.00   988.17     0   -6.1    1.4   -995   -995   -995   -995   -995    -995    -995    -995
 KIN2   133   735     69   -6.3    2.0    1.9    98    8.6    0.4    2.8    0.00   988.22     0   -6.1    1.3    3.4    1.5    2.4    5.2    7.2    -995    -995    -995
 KIN2   133   740     67   -6.3    1.7    1.7   106   10.9    0.2    2.3    0.00   988.25     0   -6.1    1.3   -995   -995   -995   -995   -995    -995    -995    -995
 KIN2   133   745     68   -6.3    2.1    2.0   124    9.7    0.4    3.5    0.00   988.28     0   -6.0    1.6   -995   -995   -995   -995   -995    -995    -995    -995
 KIN2   133   750     66   -6.3    2.2    2.2   117   10.9    0.4    3.1    0.00   988.28     0   -6.0    1.8    3.4    1.5    2.4    5.2    7.2    1.46    1.56    1.40
 KIN2   133   755     66   -6.3    1.9    1.8   109   11.7    0.4    2.8    0.00   988.37     0   -6.0    1.3   -995   -995   -995   -995   -995    -995    -995    -995
 KIN2   133   760     66   -6.4    1.4    1.3   108   21.1    0.3    2.3    0.00   988.48     0   -6.1    0.7   -995   -995   -995   -995   -995    -995    -995    -995
 KIN2   133   765     67   -6.4    1.5    1.5   144   10.8    0.2    2.2    0.00   988.48     0   -6.1    1.1    3.4    1.5    2.4    5.2    7.2    -995    -995    -995
 KIN2   133   770     69   -6.5    1.5    1.4   142   12.6    0.4    2.2    0.00   988.49     0   -6.2    0.8   -995   -995   -995   -995   -995    -995    -995    -995
 KIN2   133   775     68   -6.5    1.5    1.5   136    8.4    0.2    2.1    0.00   988.53     0   -6.2    1.1   -995   -995   -995   -995   -995    -995    -995    -995
 KIN2   133   780     69   -6.5    1.0    0.9   145   12.9    0.3    1.4    0.00   988.64     0   -6.3    0.3    3.4    1.4    2.4    5.2    7.2    1.46    1.56    1.40
 KIN2   133   785     71   -6.6    0.8    0.8   188    5.5    0.1    1.0    0.00   988.76     0   -6.3    0.0   -995   -995   -995   -995   -995    -995    -995    -995
 KIN2   133   790     73   -6.9    1.2    1.2   191    5.7    0.1    1.5    0.00   988.83     0   -6.4    0.1   -995   -995   -995   -995   -995    -995    -995    -995
 KIN2   133   795     77   -7.1    1.7    1.7   211   14.4    0.1    2.2    0.00   988.95     0   -6.5    1.0    3.3    1.4    2.4    5.2    7.2    -995    -995    -995
 KIN2   133   800     75   -7.1    2.0    2.0   238    5.7    0.1    2.2    0.00   989.15     0   -6.6    0.9   -995   -995   -995   -995   -995    -995    -995    -995
 KIN2   133   805     77   -7.1    1.8    1.8   240    4.8    0.2    2.2    0.00   989.30     1   -6.6    0.6   -995   -995   -995   -995   -995    -995    -995    -995
 KIN2   133   810     78   -6.8    1.6    1.6   248    7.8    0.3    2.0    0.00   989.46     3   -6.6    0.7    3.3    1.4    2.4    5.2    7.2    1.46    1.56    1.41
 KIN2   133   815     78   -6.6    1.7    1.7   254    7.1    0.2    2.2    0.00   989.68     6   -6.5    0.7   -995   -995   -995   -995   -995    -995    -995    -995
 KIN2   133   820     77   -6.4    1.4    1.3   259   10.5    0.4    2.3    0.00   989.81     7   -6.4    0.5   -995   -995   -995   -995   -995    -995    -995    -995
 KIN2   133   825     75   -6.3    1.3    1.3   250    9.6    0.2    1.9    0.00   989.76     9   -6.2    0.6    3.3    1.3    2.3    5.2    7.2    -995    -995    -995
 KIN2   133   830     73   -6.2    1.0    0.9   245   12.1    0.3    1.9    0.00   989.75    11   -6.2    0.3   -995   -995   -995   -995   -995    -995    -995    -995
 KIN2   133   835     73   -6.1    1.4    1.4   242    7.3    0.2    1.8    0.00   989.79    11   -6.1    0.8   -995   -995   -995   -995   -995    -995    -995    -995
 KIN2   133   840     73   -6.0    1.2    1.2   256   14.6    0.3    1.7    0.00   989.90    13   -6.0    0.8    3.2    1.3    2.3    5.1    7.2    1.46    1.56    1.40
 KIN2   133   845     76   -6.1    0.9    0.9   282    8.9    0.2    1.2    0.00   989.86    17   -6.1    0.0   -995   -995   -995   -995   -995    -995    -995    -995
 KIN2   133   850     76   -6.0    0.7    0.7   289   11.4    0.2    1.1    0.00   989.83    17   -6.0    0.1   -995   -995   -995   -995   -995    -995    -995    -995
 KIN2   133   855     75   -6.0    0.8    0.8   284   12.2    0.2    1.3    0.00   989.96    17   -6.0    0.2    3.2    1.2    2.2    5.1    7.2    -995    -995    -995
 KIN2   133   860     75   -5.9    0.7    0.7   287    7.5    0.2    1.0    0.00   990.07    19   -5.9    0.1   -995   -995   -995   -995   -995    -995    -995    -995
 KIN2   133   865     74   -5.8    0.9    0.9   288    8.9    0.2    1.5    0.00   990.08    24   -5.9    0.3   -995   -995   -995   -995   -995    -995    -995    -995
 KIN2   133   870     74   -5.7    0.8    0.8   261    8.4    0.2    1.4    0.00   990.08    28   -5.8    0.1    3.2    1.2    2.2    5.1    7.1    1.46    1.56    1.40
 KIN2   133   875     73   -5.7    0.8    0.8   259   19.6    0.2    1.2    0.00   990.14    28   -5.7    0.3   -995   -995   -995   -995   -995    -995    -995    -995
 KIN2   133   880     71   -5.5    1.5    1.5   229    7.2    0.3    2.1    0.00   990.22    36   -5.6    1.1   -995   -995   -995   -995   -995    -995    -995    -995
 KIN2   133   885     72   -5.3    1.8    1.8   221    7.0    0.2    2.3    0.00   990.24    44   -5.5    1.5    3.2    1.2    2.2    5.0    7.1    -995    -995    -995
 KIN2   133   890     72   -5.4    2.1    2.1   217    6.9    0.3    2.7    0.00   990.28    44   -5.5    1.7   -995   -995   -995   -995   -995    -995    -995    -995
 KIN2   133   895     72   -5.4    1.8    1.7   208    9.1    0.2    2.4    0.00   990.32    44   -5.5    1.5   -995   -995   -995   -995   -995    -995    -995    -995
 KIN2   133   900     70   -5.2    2.0    2.0   197    7.3    0.4    2.6    0.00   990.36    54   -5.3    1.7    3.1    1.2    2.2    5.0    7.1    1.46    1.56    1.40
 KIN2   133   905     66   -5.2    1.8    1.7   208    5.6    0.3    2.4    0.00   990.32    67   -5.3    1.5   -995   -995   -995   -995   -995    -995    -995    -995
 KIN2   133   910     67   -5.2    1.0    1.0   215   11.2    0.2    1.6    0.00   990.23    65   -5.3    0.8   -995   -995   -995   -995   -995    -995    -995    -995
 KIN2   133   915     68   -5.1    0.7    0.7   202   14.0    0.1    1.0    0.00   990.14    61   -5.2    0.2    3.1    1.2    2.2    5.0    7.1    -995    -995    -995
 KIN2   133   920     68   -5.0    1.4    1.3   210   11.9    0.3    2.1    0.00   990.17    69   -5.1    1.1   -995   -995   -995   -995   -995    -995    -995    -995
 KIN2   133   925     67   -4.8    1.4    1.4   207    5.9    0.3    2.0    0.00   990.20    77   -5.0    1.2   -995   -995   -995   -995   -995    -995    -995    -995
 KIN2   133   930     66   -4.8    1.7    1.7   197    9.0    0.2    2.3    0.00   990.22    87   -5.0    1.5    3.1    1.2    2.2    5.0    7.1    1.47    1.56    1.39
 KIN2   133   935     63   -4.8    2.1    2.1   194    5.9    0.2    2.6    0.00   990.21    88   -5.0    1.9   -995   -995   -995   -995   -995    -995    -995    -995
 KIN2   133   940     65   -4.7    2.5    2.4   195   10.0    0.3    3.0    0.00   990.19    96   -4.9    2.1   -995   -995   -995   -995   -995    -995    -995    -995
 KIN2   133   945     64   -4.5    3.3    3.3   193    6.0    0.3    4.1    0.00   990.19   111   -4.8    2.8    3.1    1.2    2.2    5.0    7.2    -995    -995    -995
 KIN2   133   950     65   -4.4    3.3    3.2   199    6.4    0.5    4.2    0.00   990.20   128   -4.7    2.9   -995   -995   -995   -995   -995    -995    -995    -995
 KIN2   133   955     64   -4.3    3.5    3.5   200    6.2    0.4    4.4    0.00   990.22   130   -4.6    3.1   -995   -995   -995   -995   -995    -995    -995    -995
 KIN2   133   960     62   -4.3    4.1    4.1   209    6.8    0.4    5.1    0.00   990.32   123   -4.5    3.4    3.1    1.2    2.2    5.0    7.2    1.46    1.55    1.40
 KIN2   133   965     62   -4.2    3.5    3.5   202    7.8    0.4    4.6    0.00   990.33   112   -4.5    2.9   -995   -995   -995   -995   -995    -995    -995    -995
 KIN2   133   970     59   -4.2    2.8    2.8   204    9.0    0.3    3.4    0.00   990.28   117   -4.3    2.5   -995   -995   -995   -995   -995    -995    -995    -995
 KIN2   133   975     61   -4.0    3.3    3.3   221    6.0    0.4    4.0    0.00   990.39   136   -4.3    2.5    3.1    1.2    2.3    5.0    7.2    -995    -995    -995
 KIN2   133   980     62   -3.8    2.5    2.5   224    9.8    0.5    3.5    0.00   990.48   153   -4.1    2.0   -995   -995   -995   -995   -995    -995    -995    -995
 KIN2   133   985     62   -3.8    2.3    2.2   231   17.3    0.7    3.5    0.00   990.55   158   -4.0    1.8   -995   -995   -995   -995   -995    -995    -995    -995
 KIN2   133   990     61   -3.9    1.8    1.8   241   13.0    0.3    2.6    0.00   990.54   163   -4.0    1.4    3.1    1.2    2.3    5.0    7.2    1.47    1.56    1.39
 KIN2   133   995     62   -3.6    2.2    2.2   227    8.5    0.4    3.2    0.00   990.49   174   -3.8    1.8   -995   -995   -995   -995   -995    -995    -995    -995
 KIN2   133  1000     61   -3.5    3.0    2.9   225   10.2    0.4    3.8    0.00   990.46   179   -3.7    2.4   -995   -995   -995   -995   -995    -995    -995    -995
 KIN2   133  1005     61   -3.4    3.0    3.0   225    7.3    0.3    3.8    0.00   990.54   168   -3.8    2.3    3.1    1.1    2.3    5.0    7.2    -995    -995    -995
 KIN2   133  1010     63   -3.3    3.1    3.1   223   11.0    0.5    4.1    0.00   990.66   162   -3.6    2.5   -995   -995   -995   -995   -995    -995    -995    -995
 KIN2   133  1015     61   -3.3    2.4    2.4   226    8.6    0.5    3.3    0.00   990.68   191   -3.5    2.0   -995   -995   -995   -995   -995    -995    -995    -995
 KIN2   133  1020     61   -3.2    2.8    2.7   237   10.5    0.5    3.6    0.00   990.76   218   -3.5    2.0    3.1    1.1    2.3    5.0    7.2    1.47    1.56    1.39
 KIN2   133  1025     61   -3.0    2.4    2.4   241   14.0    0.5    3.6    0.00   990.72   209   -3.3    1.9   -995   -995   -995   -995   -995    -995    -995    -995
 KIN2   133  1030     62   -2.7    2.4    2.3   226   12.5    0.4    3.7    0.00   990.55   216   -3.1    1.9   -995   -995   -995   -995   -995    -995    -995    -995
 KIN2   133  1035     58   -2.6    2.7    2.7   242   10.5    0.5    3.8    0.00   990.41   211   -3.0    2.0    3.1    1.1    2.4    5.0    7.2    -995    -995    -995
 KIN2   133  1040     58   -2.7    2.5    2.5   216    9.0    0.4    3.8    0.00   990.33   201   -3.0    2.1   -995   -995   -995   -995   -995    -995    -995    -995
 KIN2   133  1045     59   -2.4    3.0    3.0   209    4.8    0.4    3.9    0.00   990.35   249   -2.8    2.6   -995   -995   -995   -995   -995    -995    -995    -995
 KIN2   133  1050     58   -2.2    2.6    2.6   216    8.3    0.5    3.8    0.00   990.30   348   -2.7    2.1    3.1    1.1    2.4    4.9    7.2    1.47    1.56    1.40
 KIN2   133  1055     58   -1.9    2.4    2.4   223    7.0    0.4    3.8    0.00   990.23   374   -2.4    1.9   -995   -995   -995   -995   -995    -995    -995    -995
 KIN2   133  1060     57   -1.6    2.7    2.7   224   10.6    0.5    3.7    0.00   990.08   417   -2.1    2.3   -995   -995   -995   -995   -995    -995    -995    -995
 KIN2   133  1065     55   -1.2    2.8    2.8   241   12.4    0.7    4.2    0.00   990.02   457   -1.8    1.9    3.0    1.1    2.5    4.9    7.1    -995    -995    -995
 KIN2   133  1070     55   -0.9    3.0    3.0   218    9.8    0.6    4.4    0.00   989.87   485   -1.6    2.6   -995   -995   -995   -995   -995    -995    -995    -995
 KIN2   133  1075     54   -1.0    2.8    2.8   208   13.3    0.4    3.5    0.00   989.77   539   -1.7    2.5   -995   -995   -995   -995   -995    -995    -995    -995
 KIN2   133  1080     54   -0.6    3.1    3.1   208    7.4    0.8    4.3    0.00   989.67   562   -1.3    2.7    3.0    1.0    2.6    4.9    7.1    1.48    1.56    1.39
 KIN2   133  1085     54   -0.6    2.3    2.3   210   14.1    0.5    4.1    0.00   989.61   404   -1.0    2.1   -995   -995   -995   -995   -995    -995    -995    -995
 KIN2   133  1090     54   -0.7    3.0    2.9   218   14.5    0.8    4.5    0.00   989.58   325   -1.2    2.5   -995   -995   -995   -995   -995    -995    -995    -995
 KIN2   133  1095     54   -0.5    4.1    4.0   200    9.8    0.7    5.4    0.00   989.42   327   -1.0    3.5    3.1    1.1    2.8    4.8    7.1    -995    -995    -995
 KIN2   133  1100     53   -0.3    3.7    3.6   218   10.4    0.6    4.8    0.00   989.30   372   -1.0    3.0   -995   -995   -995   -995   -995    -995    -995    -995
 KIN2   133  1105     53   -0.2    4.5    4.4   213    5.6    0.4    5.2    0.00   989.10   330   -0.9    3.8   -995   -995   -995   -995   -995    -995    -995    -995
 KIN2   133  1110     53   -0.4    3.0    2.9   225   10.0    0.5    4.2    0.00   988.95   334   -0.9    2.4    3.2    1.1    3.0    4.9    7.1    1.49    1.56    1.40
 KIN2   133  1115     54    0.1    3.5    3.4   204   10.6    0.7    5.1    0.00   988.81   366   -0.4    3.0   -995   -995   -995   -995   -995    -995    -995    -995
 KIN2   133  1120     53    0.0    3.7    3.6   207    6.8    0.6    4.8    0.00   988.58   401   -0.5    3.2   -995   -995   -995   -995   -995    -995    -995    -995
 KIN2   133  1125     53    0.2    3.7    3.6   205   10.8    0.7    5.0    0.00   988.44   408   -0.3    3.2    3.3    1.2    3.2    4.9    7.2    -995    -995    -995
 KIN2   133  1130     52    0.6    3.4    3.3   224   10.6    0.6    4.5    0.00   988.31   425    0.0    2.7   -995   -995   -995   -995   -995    -995    -995    -995
 KIN2   133  1135     51    0.7    3.5    3.4   218   14.6    0.7    6.1    0.00   988.06   485    0.1    2.9   -995   -995   -995   -995   -995    -995    -995    -995
 KIN2   133  1140     50    0.7    3.8    3.8   230    8.6    0.8    5.6    0.00   987.90   432    0.1    3.1    3.3    1.1    3.3    4.9    7.2    1.49    1.56    1.39
 KIN2   133  1145     50    0.7    4.0    3.9   246    8.1    0.6    5.3    0.00   987.83   388    0.2    2.8   -995   -995   -995   -995   -995    -995    -995    -995
 KIN2   133  1150     51    0.9    2.8    2.8   219   11.2    0.6    4.2    0.00   987.74   372    0.5    2.4   -995   -995   -995   -995   -995    -995    -995    -995
 KIN2   133  1155     50    1.1    3.7    3.6   222   15.6    1.1    6.1    0.00   987.48   328    0.7    3.0    3.4    1.2    3.5    4.9    7.2    -995    -995    -995
 KIN2   133  1160     49    1.3    3.6    3.5   226   12.0    0.9    5.8    0.00   987.26   303    0.8    2.6   -995   -995   -995   -995   -995    -995    -995    -995
 KIN2   133  1165     48    1.3    4.7    4.7   213    7.7    0.6    6.3    0.00   987.07   316    0.8    4.0   -995   -995   -995   -995   -995    -995    -995    -995
 KIN2   133  1170     48    1.5    4.4    4.3   217   10.6    0.6    6.0    0.00   986.89   263    1.0    3.4    3.5    1.4    3.7    5.0    7.2    1.50    1.56    1.40
 KIN2   133  1175     48    1.5    4.6    4.6   224    6.9    0.5    6.2    0.00   986.73   260    1.0    3.5   -995   -995   -995   -995   -995    -995    -995    -995
 KIN2   133  1180     48    1.7    3.2    3.2   221   11.6    0.7    4.5    0.00   986.63   285    1.3    2.6   -995   -995   -995   -995   -995    -995    -995    -995
 KIN2   133  1185     47    1.8    3.7    3.6   235   12.7    0.7    5.2    0.00   986.62   340    1.5    2.8    3.6    1.6    3.8    5.0    7.2    -995    -995    -995
 KIN2   133  1190     44    2.0    4.7    4.5   227   12.1    0.9    6.6    0.00   986.55   211    1.8    3.6   -995   -995   -995   -995   -995    -995    -995    -995
 KIN2   133  1195     45    1.8    5.3    5.3   221    7.8    0.7    7.0    0.00   986.44   150    1.7    4.0   -995   -995   -995   -995   -995    -995    -995    -995
 KIN2   133  1200     44    2.2    3.9    3.9   232    9.4    0.7    5.4    0.00   986.42   335    2.0    3.1    3.7    1.8    3.9    5.0    7.3    1.49    1.56    1.39
 KIN2   133  1205     43    2.6    4.3    4.3   229    7.4    0.6    5.7    0.00   986.24   383    2.2    3.3   -995   -995   -995   -995   -995    -995    -995    -995
 KIN2   133  1210     42    3.1    4.7    4.7   229    9.8    0.7    5.9    0.00   985.94   585    2.5    3.8   -995   -995   -995   -995   -995    -995    -995    -995
 KIN2   133  1215     40    3.4    4.0    3.9   244   11.7    0.7    5.3    0.00   986.13   564    2.8    2.8    3.7    1.9    3.9    5.0    7.2    -995    -995    -995
 KIN2   133  1220     41    3.6    4.9    4.7   233   15.4    0.7    6.1    0.00   986.20   558    2.9    3.7   -995   -995   -995   -995   -995    -995    -995    -995
 KIN2   133  1225     42    3.9    4.8    4.7   225   11.7    1.0    7.6    0.00   986.12   569    3.1    3.9   -995   -995   -995   -995   -995    -995    -995    -995
 KIN2   133  1230     41    3.9    5.1    5.0   231    9.1    0.7    6.4    0.00   986.03   627    3.1    4.0    3.7    2.0    3.9    4.9    7.1    1.49    1.56    1.40
 KIN2   133  1235     41    4.4    4.2    4.1   229   13.0    1.1    7.0    0.00   985.96   685    3.6    3.5   -995   -995   -995   -995   -995    -995    -995    -995
 KIN2   133  1240     40    4.2    4.2    4.0   229   15.8    0.7    5.7    0.00   985.99   358    3.6    3.2   -995   -995   -995   -995   -995    -995    -995    -995
 KIN2   133  1245     43    3.5    4.9    4.8   225    8.5    0.9    6.6    0.00   985.90   242    3.2    3.8    3.8    2.1    4.0    4.9    7.1    -995    -995    -995
 KIN2   133  1250     44    3.2    4.6    4.6   223    6.7    0.9    6.7    0.00   985.76   148    3.0    3.6   -995   -995   -995   -995   -995    -995    -995    -995
 KIN2   133  1255     44    3.4    4.1    4.0   229   12.2    0.7    5.5    0.00   985.72   417    3.2    3.1   -995   -995   -995   -995   -995    -995    -995    -995
 KIN2   133  1260     43    4.0    3.5    3.4   232   12.5    0.5    4.5    0.00   985.82   473    3.5    2.8    3.9    2.5    4.3    5.0    7.2    1.49    1.56    1.41
 KIN2   133  1265     42    4.2    2.9    2.7   242   21.0    0.7    4.4    0.00   985.78   456    4.0    2.4   -995   -995   -995   -995   -995    -995    -995    -995
 KIN2   133  1270     43    4.3    4.2    4.2   226    8.8    0.6    5.2    0.00   985.67   444    3.8    3.4   -995   -995   -995   -995   -995    -995    -995    -995
 KIN2   133  1275     42    4.3    3.8    3.7   232    8.4    0.7    5.7    0.00   985.67   431    3.8    2.8    4.0    2.7    4.3    5.0    7.2    -995    -995    -995
 KIN2   133  1280     43    4.5    3.5    3.4   229   15.2    1.0    5.9    0.00   985.49   417    4.1    2.8   -995   -995   -995   -995   -995    -995    -995    -995
 KIN2   133  1285     42    4.2    3.8    3.8   237   10.9    0.8    5.3    0.00   985.40   405    4.0    2.8   -995   -995   -995   -995   -995    -995    -995    -995
 KIN2   133  1290     42    4.4    3.6    3.5   232   14.7    0.8    4.8    0.00   985.26   394    4.1    2.8    4.1    2.9    4.4    5.0    7.2    1.49    1.56    1.40
 KIN2   133  1295     42    4.6    3.6    3.6   243   12.8    0.9    5.3    0.00   985.12   382    4.3    2.7   -995   -995   -995   -995   -995    -995    -995    -995
 KIN2   133  1300     42    4.8    4.1    4.0   232   11.5    0.9    5.6    0.00   985.07   370    4.5    3.1   -995   -995   -995   -995   -995    -995    -995    -995
 KIN2   133  1305     42    4.6    3.5    3.4   243   11.1    0.7    4.9    0.00   985.10   357    4.3    2.4    4.1    3.1    4.5    5.0    7.2    -995    -995    -995
 KIN2   133  1310     42    4.7    3.5    3.3   228   17.0    0.9    5.2    0.00   985.03   343    4.5    2.8   -995   -995   -995   -995   -995    -995    -995    -995
 KIN2   133  1315     42    4.6    3.4    3.3   218    9.2    0.6    4.5    0.00   984.99   329    4.4    2.8   -995   -995   -995   -995   -995    -995    -995    -995
 KIN2   133  1320     43    4.9    4.4    4.4   230    8.6    0.8    6.0    0.00   985.00   316    4.6    3.3    4.2    3.3    4.6    5.0    7.2    1.49    1.56    1.39
 KIN2   133  1325     42    4.7    3.5    3.4   241    9.1    0.7    5.0    0.00   984.95   300    4.6    2.5   -995   -995   -995   -995   -995    -995    -995    -995
 KIN2   133  1330     43    4.9    3.5    3.5   224    9.7    0.8    5.0    0.00   984.81   285    4.8    2.9   -995   -995   -995   -995   -995    -995    -995    -995
 KIN2   133  1335     44    5.0    4.2    4.1   224   10.2    0.9    6.2    0.00   984.82   268    4.9    3.1    4.3    3.6    4.6    5.1    7.2    -995    -995    -995
 KIN2   133  1340     44    4.9    3.1    3.0   229   10.4    0.7    5.1    0.00   984.81   255    4.9    2.4   -995   -995   -995   -995   -995    -995    -995    -995
 KIN2   133  1345     44    5.0    3.7    3.6   237    9.8    0.9    5.2    0.00   984.82   239    5.0    2.6   -995   -995   -995   -995   -995    -995    -995    -995
 KIN2   133  1350     46    4.9    3.7    3.6   231   11.3    0.6    5.0    0.00   984.84   224    4.9    2.8    4.4    3.7    4.7    5.1    7.2    1.49    1.57    1.40
 KIN2   133  1355     47    4.9    3.5    3.4   232   12.0    0.4    4.4    0.00   984.79   209    4.9    2.6   -995   -995   -995   -995   -995    -995    -995    -995
 KIN2   133  1360     48    4.9    3.5    3.5   237    9.9    0.6    4.9    0.00   984.62   194    4.9    2.5   -995   -995   -995   -995   -995    -995    -995    -995
 KIN2   133  1365     48    4.8    3.6    3.5   228   10.4    0.6    4.7    0.00   984.52   179    4.9    2.6    4.5    3.8    4.7    5.2    7.3    -995    -995    -995
 KIN2   133  1370     49    4.6    4.2    4.1   220    5.9    0.6    5.2    0.00   984.40   165    4.7    3.3   -995   -995   -995   -995   -995    -995    -995    -995
 KIN2   133  1375     50    4.4    4.3    4.3   221    7.1    0.5    5.6    0.00   984.30   151    4.7    3.5   -995   -995   -995   -995   -995    -995    -995    -995
 KIN2   133  1380     51    4.3    4.2    4.2   220    6.4    0.6    5.4    0.00   984.25   137    4.6    3.2    4.5    3.8    4.7    5.2    7.3    1.49    1.56    1.40
 KIN2   133  1385     52    4.2    4.3    4.3   225    6.6    0.6    5.7    0.00   984.24   120    4.6    3.0   -995   -995   -995   -995   -995    -995    -995    -995
 KIN2   133  1390     53    4.0    4.1    4.0   216    6.3    0.5    5.5    0.00   984.30   103    4.5    3.0   -995   -995   -995   -995   -995    -995    -995    -995
 KIN2   133  1395     53    3.9    4.1    4.1   213    5.8    0.4    5.2    0.00   984.28    86    4.4    3.1    4.6    3.9    4.7    5.3    7.3    -995    -995    -995
 KIN2   133  1400     55    3.6    3.3    3.3   212    4.1    0.4    4.2    0.00   984.28    69    4.2    2.4   -995   -995   -995   -995   -995    -995    -995    -995
 KIN2   133  1405     56    3.2    3.3    3.2   213    4.2    0.3    3.9    0.00   984.29    54    4.1    2.1   -995   -995   -995   -995   -995    -995    -995    -995
 KIN2   133  1410     58    2.9    3.2    3.2   212    3.9    0.2    3.6    0.00   984.25    30    4.0    2.1    4.6    3.9    4.7    5.3    7.4    1.49    1.56    1.40
 KIN2   133  1415     59    2.5    3.1    3.1   211    3.8    0.2    3.6    0.00   984.22    17    3.8    1.9   -995   -995   -995   -995   -995    -995    -995    -995
 KIN2   133  1420     62    1.7    2.9    2.9   203    4.0    0.1    3.1    0.00   984.22    13    3.5    1.6   -995   -995   -995   -995   -995    -995    -995    -995
 KIN2   133  1425     67    0.8    3.0    2.9   192    2.1    0.1    3.2    0.00   984.28     8    3.1    1.4    4.7    3.9    4.7    5.4    7.5    -995    -995    -995
 KIN2   133  1430     70    0.1    3.3    3.3   188    1.2    0.1    3.5    0.00   984.38     5    2.9    1.4   -995   -995   -995   -995   -995    -995    -995    -995
 KIN2   133  1435     73   -0.5    3.4    3.4   188    1.1    0.1    3.6    0.00   984.40     3    2.8    1.5   -995   -995   -995   -995   -995    -995    -995    -995
</pre>