<pre>  101 ! (c) 2019 Oklahoma Climatological Survey and the Oklahoma Mesonet - all rights reserved
  21 2019 06 04 00 00 00
 STID  STNM  TIME   RELH   TAIR   WSPD   WVEC  WDIR   WDSD   WSSD   WMAX    RAIN     PRES  SRAD   TA9M   WS2M   TS10   TB10   TS05   TS25   TS60    TR05    TR25    TR60
 KIN2   133     0     58   29.7    5.6    5.5   158   10.5    1.1    8.1    0.00   972.81   262   29.9    4.1   26.1   32.5   26.9   23.2   21.2    1.45    1.48    1.34
 KIN2   133     5     58   29.4    6.7    6.7   167    8.0    1.1    9.3    0.00   972.83   234   29.5    5.0   -995   -995   -995   -995   -995    -995    -995    -995
 KIN2   133    10     59   29.0    6.6    6.5   156    8.8    0.8    8.8    0.00   972.86   225   29.2    4.8   -995   -995   -995   -995   -995    -995    -995    -995
 KIN2   133    15     60   29.0    5.1    5.0   162   10.1    0.9    6.9    0.00   972.93   212   29.4    3.6   26.1   32.4   26.7   23.3   21.2    -995    -995    -995
 KIN2   133    20     58   28.9    6.4    6.3   170    8.7    1.1    8.5    0.00   972.91   195   29.2    4.8   -995   -995   -995   -995   -995    -995    -995    -995
 KIN2   133    25     59   28.7    5.5    5.4   168    8.7    1.1    8.2    0.00   972.96   181   29.1    4.0   -995   -995   -995   -995   -995    -995    -995    -995
 KIN2   133    30     60   28.6    5.6    5.5   156    9.5    1.2    8.2    0.00   973.03   166   28.9    4.2   26.0   32.3   26.5   23.3   21.2    1.46    1.48    1.34
 KIN2   133    35     60   28.5    4.5    4.4   161    9.6    0.9    6.6    0.00   973.04   150   28.9    3.3   -995   -995   -995   -995   -995    -995    -995    -995
 KIN2   133    40     60   28.4    4.9    4.8   158   10.3    0.9    7.2    0.00   973.11   137   28.8    3.4   -995   -995   -995   -995   -995    -995    -995    -995
 KIN2   133    45     60   28.3    4.1    4.1   164    9.5    0.7    6.3    0.00   973.16   123   28.8    3.2   26.0   32.1   26.4   23.4   21.2    -995    -995    -995
 KIN2   133    50     61   28.1    5.8    5.8   168    8.4    1.0    7.9    0.00   973.24   109   28.5    4.1   -995   -995   -995   -995   -995    -995    -995    -995
 KIN2   133    55     61   27.8    5.1    5.1   163    8.2    0.7    6.4    0.00   973.28    90   28.4    3.6   -995   -995   -995   -995   -995    -995    -995    -995
 KIN2   133    60     61   27.6    4.6    4.5   160    8.4    0.5    5.6    0.00   973.33    76   28.3    3.2   25.9   31.9   26.2   23.4   21.2    1.48    1.47    1.34
 KIN2   133    65     62   27.4    3.8    3.8   163    7.6    0.7    5.1    0.00   973.37    38   28.1    2.5   -995   -995   -995   -995   -995    -995    -995    -995
 KIN2   133    70     63   27.1    3.2    3.2   163    7.4    0.5    4.4    0.00   973.40    21   27.8    2.2   -995   -995   -995   -995   -995    -995    -995    -995
 KIN2   133    75     65   26.7    3.3    3.3   159    7.6    0.5    4.4    0.00   973.42    13   27.6    2.0   25.9   31.6   26.0   23.4   21.2    -995    -995    -995
 KIN2   133    80     67   26.6    3.5    3.4   160    8.2    0.4    4.6    0.00   973.50    14   27.5    2.3   -995   -995   -995   -995   -995    -995    -995    -995
 KIN2   133    85     68   26.4    3.7    3.7   166    7.6    0.6    5.1    0.00   973.52    16   27.3    2.4   -995   -995   -995   -995   -995    -995    -995    -995
 KIN2   133    90     70   26.4    4.1    4.1   176    8.2    0.5    5.3    0.00   973.57    11   27.1    2.7   25.8   31.3   25.9   23.5   21.2    1.51    1.48    1.34
 KIN2   133    95     72   26.2    4.4    4.4   179    6.0    0.5    5.6    0.00   973.62     8   26.9    2.9   -995   -995   -995   -995   -995    -995    -995    -995
 KIN2   133   100     74   26.0    4.2    4.1   174    6.9    0.4    5.3    0.00   973.61     5   26.6    2.8   -995   -995   -995   -995   -995    -995    -995    -995
 KIN2   133   105     75   25.8    4.1    4.0   173    6.8    0.5    5.3    0.00   973.69     3   26.5    2.5   25.7   31.0   25.7   23.5   21.2    -995    -995    -995
 KIN2   133   110     76   25.6    3.4    3.4   173    5.7    0.4    4.5    0.00   973.80     2   26.3    1.8   -995   -995   -995   -995   -995    -995    -995    -995
 KIN2   133   115     77   25.2    3.4    3.3   176    6.2    0.4    4.2    0.00   973.90     1   26.0    1.9   -995   -995   -995   -995   -995    -995    -995    -995
 KIN2   133   120     79   24.9    3.4    3.4   179    5.7    0.4    4.5    0.00   973.96     0   25.8    1.9   25.6   30.7   25.5   23.5   21.2    1.51    1.49    1.34
 KIN2   133   125     79   24.8    3.2    3.2   176    5.8    0.4    4.2    0.00   974.03     0   25.7    1.8   -995   -995   -995   -995   -995    -995    -995    -995
 KIN2   133   130     80   24.7    3.5    3.5   176    6.2    0.5    4.7    0.00   973.99     0   25.6    2.0   -995   -995   -995   -995   -995    -995    -995    -995
 KIN2   133   135     80   24.7    3.5    3.5   175    5.9    0.4    4.4    0.00   974.09     0   25.5    2.1   25.5   30.4   25.4   23.5   21.2    -995    -995    -995
 KIN2   133   140     80   24.8    3.2    3.2   170    6.4    0.4    4.1    0.00   974.19     0   25.5    2.0   -995   -995   -995   -995   -995    -995    -995    -995
 KIN2   133   145     80   24.6    2.8    2.8   168    6.9    0.4    4.0    0.00   974.26     0   25.5    1.5   -995   -995   -995   -995   -995    -995    -995    -995
 KIN2   133   150     81   24.6    2.9    2.8   173    8.2    0.3    3.7    0.00   974.34     0   25.5    1.6   25.4   30.0   25.2   23.5   21.2    1.53    1.48    1.34
 KIN2   133   155     81   24.5    3.1    3.1   181    6.6    0.4    4.3    0.00   974.31     0   25.3    1.8   -995   -995   -995   -995   -995    -995    -995    -995
 KIN2   133   160     82   24.4    3.4    3.4   184    6.2    0.4    4.7    0.00   974.37     0   25.2    2.1   -995   -995   -995   -995   -995    -995    -995    -995
 KIN2   133   165     83   24.1    3.2    3.2   188    5.2    0.3    3.9    0.00   974.46     0   24.8    1.9   25.3   29.7   25.1   23.4   21.1    -995    -995    -995
 KIN2   133   170     84   23.7    3.0    3.0   184    5.3    0.3    3.7    0.00   974.56     0   24.6    1.7   -995   -995   -995   -995   -995    -995    -995    -995
 KIN2   133   175     86   23.5    2.8    2.8   184    6.6    0.3    3.6    0.00   974.68     0   24.5    1.5   -995   -995   -995   -995   -995    -995    -995    -995
 KIN2   133   180     86   23.5    3.0    3.0   188    5.9    0.3    4.0    0.00   974.82     0   24.3    1.7   25.2   29.4   25.0   23.4   21.1    1.55    1.49    1.34
 KIN2   133   185     87   23.3    3.1    3.1   189    6.2    0.3    3.9    0.00   974.87     0   24.1    1.7   -995   -995   -995   -995   -995    -995    -995    -995
 KIN2   133   190     88   23.3    3.2    3.2   186    5.7    0.4    4.1    0.00   974.95     0   24.0    1.8   -995   -995   -995   -995   -995    -995    -995    -995
 KIN2   133   195     88   23.3    3.7    3.7   185    5.9    0.4    4.4    0.00   975.02     0   24.0    2.2   25.1   29.2   24.8   23.4   21.1    -995    -995    -995
 KIN2   133   200     88   23.3    3.9    3.8   181    5.7    0.4    4.7    0.00   975.01     0   24.0    2.4   -995   -995   -995   -995   -995    -995    -995    -995
 KIN2   133   205     88   23.4    4.0    4.0   183    5.8    0.4    4.8    0.00   975.05     0   24.0    2.6   -995   -995   -995   -995   -995    -995    -995    -995
 KIN2   133   210     88   23.3    3.9    3.9   184    6.2    0.3    5.2    0.00   975.11     0   24.0    2.3   25.0   28.9   24.7   23.4   21.1    1.55    1.49    1.34
 KIN2   133   215     88   23.3    3.7    3.7   181    6.0    0.3    4.4    0.00   975.12     0   23.9    2.2   -995   -995   -995   -995   -995    -995    -995    -995
 KIN2   133   220     88   23.2    4.0    3.9   180    5.6    0.5    5.1    0.00   975.06     0   24.0    2.3   -995   -995   -995   -995   -995    -995    -995    -995
 KIN2   133   225     87   23.3    4.3    4.3   181    4.9    0.3    5.4    0.00   975.07     0   24.0    2.6   24.9   28.6   24.6   23.4   21.1    -995    -995    -995
 KIN2   133   230     87   23.3    4.1    4.1   182    5.2    0.4    5.1    0.00   975.11     0   23.9    2.4   -995   -995   -995   -995   -995    -995    -995    -995
 KIN2   133   235     88   23.2    3.6    3.6   184    6.9    0.4    4.4    0.00   975.17     0   23.8    2.2   -995   -995   -995   -995   -995    -995    -995    -995
 KIN2   133   240     88   23.2    3.6    3.5   183    5.6    0.4    4.5    0.00   975.23     0   23.8    2.3   24.8   28.4   24.5   23.4   21.1    1.56    1.48    1.34
 KIN2   133   245     88   23.1    3.8    3.8   182    5.9    0.4    4.8    0.00   975.30     0   23.7    2.4   -995   -995   -995   -995   -995    -995    -995    -995
 KIN2   133   250     88   23.4    5.0    4.9   179   10.0    0.7    7.2    0.00   975.23     0   24.0    3.3   -995   -995   -995   -995   -995    -995    -995    -995
 KIN2   133   255     86   23.9    6.7    6.6   176    8.0    0.9    8.9    0.00   975.21     0   24.5    4.8   24.7   28.1   24.4   23.4   21.1    -995    -995    -995
 KIN2   133   260     85   24.1    6.6    6.6   174    7.7    0.8    8.6    0.00   975.23     0   24.5    4.8   -995   -995   -995   -995   -995    -995    -995    -995
 KIN2   133   265     86   23.9    5.4    5.4   172    7.8    1.0    7.6    0.00   975.14     0   24.4    3.7   -995   -995   -995   -995   -995    -995    -995    -995
 KIN2   133   270     86   23.9    5.3    5.2   173    7.2    0.8    6.6    0.00   975.17     0   24.3    3.8   24.6   27.9   24.3   23.4   21.0    1.58    1.48    1.34
 KIN2   133   275     86   23.8    5.5    5.5   171    7.5    0.8    7.3    0.00   975.16     0   24.2    3.7   -995   -995   -995   -995   -995    -995    -995    -995
 KIN2   133   280     87   23.8    5.8    5.7   168    7.2    1.2    8.2    0.00   975.16     0   24.2    4.2   -995   -995   -995   -995   -995    -995    -995    -995
 KIN2   133   285     87   23.8    5.9    5.8   168    7.5    1.1    8.3    0.00   975.09     0   24.1    4.2   24.6   27.7   24.2   23.3   21.0    -995    -995    -995
 KIN2   133   290     87   23.7    5.4    5.3   168   10.2    0.9    8.2    0.00   975.01     0   24.0    3.8   -995   -995   -995   -995   -995    -995    -995    -995
 KIN2   133   295     88   23.6    5.2    5.2   172    8.8    0.9    8.0    0.00   975.03     0   24.0    3.9   -995   -995   -995   -995   -995    -995    -995    -995
 KIN2   133   300     87   23.5    5.3    5.3   178    8.2    1.1    8.3    0.00   975.07     0   23.9    3.8   24.5   27.5   24.2   23.3   21.0    1.59    1.49    1.34
 KIN2   133   305     87   23.5    5.4    5.3   178    8.2    0.8    7.7    0.00   975.13     0   23.9    3.8   -995   -995   -995   -995   -995    -995    -995    -995
 KIN2   133   310     86   23.4    5.7    5.7   176    8.3    1.1    8.6    0.00   975.06     0   23.8    4.0   -995   -995   -995   -995   -995    -995    -995    -995
 KIN2   133   315     85   23.4    6.4    6.3   182    7.5    1.2    9.1    0.00   975.12     0   23.8    4.6   24.4   27.3   24.1   23.4   21.0    -995    -995    -995
 KIN2   133   320     85   23.3    6.1    6.0   178    8.7    1.1    8.4    0.00   975.02     0   23.7    4.3   -995   -995   -995   -995   -995    -995    -995    -995
 KIN2   133   325     85   23.3    6.5    6.4   179    6.7    0.9    9.1    0.00   974.97     0   23.7    5.0   -995   -995   -995   -995   -995    -995    -995    -995
 KIN2   133   330     86   23.2    5.4    5.3   176    8.4    0.8    7.8    0.00   975.14     0   23.6    3.6   24.4   27.1   24.1   23.4   21.1    1.59    1.48    1.34
 KIN2   133   335     86   23.1    4.6    4.5   178   10.4    0.8    7.0    0.00   975.29     0   23.5    3.3   -995   -995   -995   -995   -995    -995    -995    -995
 KIN2   133   340     86   23.0    4.9    4.8   179    9.4    0.8    7.3    0.00   975.38     0   23.5    3.3   -995   -995   -995   -995   -995    -995    -995    -995
 KIN2   133   345     86   23.0    5.2    5.2   178    6.6    0.7    7.1    0.00   975.36     0   23.4    3.6   24.3   27.0   24.0   23.4   21.1    -995    -995    -995
 KIN2   133   350     86   22.9    5.4    5.4   184    7.6    0.7    7.4    0.00   975.25     0   23.4    3.7   -995   -995   -995   -995   -995    -995    -995    -995
 KIN2   133   355     86   22.8    5.5    5.5   184    7.4    0.9    7.5    0.00   975.14     0   23.2    3.9   -995   -995   -995   -995   -995    -995    -995    -995
 KIN2   133   360     86   22.8    5.8    5.7   185    6.9    0.9    7.3    0.00   975.07     0   23.2    4.0   24.3   26.8   24.0   23.4   21.1    1.60    1.48    1.34
 KIN2   133   365     86   22.7    5.8    5.7   184    7.5    0.9    7.6    0.00   974.95     0   23.1    4.1   -995   -995   -995   -995   -995    -995    -995    -995
 KIN2   133   370     86   22.6    5.5    5.5   184    8.2    1.0    7.9    0.00   974.92     0   23.0    4.0   -995   -995   -995   -995   -995    -995    -995    -995
 KIN2   133   375     86   22.6    5.5    5.4   186    8.1    0.9    7.3    0.00   974.97     0   23.0    4.0   24.2   26.6   23.9   23.3   21.1    -995    -995    -995
 KIN2   133   380     86   22.6    5.3    5.2   188    7.7    0.7    6.9    0.00   975.11     0   22.9    3.6   -995   -995   -995   -995   -995    -995    -995    -995
 KIN2   133   385     86   22.5    4.5    4.5   187    9.4    0.7    6.0    0.00   975.22     0   22.9    3.2   -995   -995   -995   -995   -995    -995    -995    -995
 KIN2   133   390     87   22.3    3.8    3.7   193   10.6    0.6    5.1    0.00   975.32     0   22.7    2.6   24.2   26.5   23.8   23.3   21.1    1.60    1.48    1.36
 KIN2   133   395     87   22.3    3.5    3.4   192    9.3    0.6    5.0    0.00   975.45     0   22.7    2.4   -995   -995   -995   -995   -995    -995    -995    -995
 KIN2   133   400     88   22.2    3.6    3.6   190    7.0    0.6    5.0    0.00   975.47     0   22.6    2.5   -995   -995   -995   -995   -995    -995    -995    -995
 KIN2   133   405     88   22.0    3.6    3.5   190    8.8    0.6    5.0    0.00   975.45     0   22.5    2.3   24.1   26.3   23.8   23.3   21.1    -995    -995    -995
 KIN2   133   410     88   22.0    4.2    4.2   186    6.4    0.5    5.5    0.00   975.34     0   22.4    3.0   -995   -995   -995   -995   -995    -995    -995    -995
 KIN2   133   415     89   21.9    4.7    4.7   184    6.2    0.6    6.0    0.00   975.20     0   22.3    3.2   -995   -995   -995   -995   -995    -995    -995    -995
 KIN2   133   420     89   21.8    5.1    5.0   183    6.8    0.7    6.6    0.00   975.09     0   22.2    3.3   24.1   26.1   23.7   23.3   21.1    1.62    1.49    1.36
 KIN2   133   425     90   21.8    4.7    4.6   188    8.0    0.7    6.3    0.00   975.12     0   22.1    3.2   -995   -995   -995   -995   -995    -995    -995    -995
 KIN2   133   430     90   21.7    4.2    4.2   189    8.2    0.7    6.0    0.00   975.21     0   22.1    3.0   -995   -995   -995   -995   -995    -995    -995    -995
 KIN2   133   435     90   21.7    4.2    4.2   190    8.2    0.6    6.0    0.00   975.29     0   22.1    3.0   24.0   26.0   23.7   23.3   21.1    -995    -995    -995
 KIN2   133   440     90   21.6    3.6    3.6   192    8.9    0.5    4.9    0.00   975.43     0   22.0    2.3   -995   -995   -995   -995   -995    -995    -995    -995
 KIN2   133   445     90   21.6    3.3    3.3   194    7.1    0.5    4.4    0.00   975.47     0   22.0    2.2   -995   -995   -995   -995   -995    -995    -995    -995
 KIN2   133   450     90   21.5    3.3    3.3   193    8.3    0.5    4.2    0.00   975.49     0   21.9    2.1   24.0   25.8   23.6   23.3   21.1    1.62    1.48    1.34
 KIN2   133   455     91   21.5    4.0    4.0   191    6.3    0.5    5.6    0.00   975.43     0   21.9    2.9   -995   -995   -995   -995   -995    -995    -995    -995
 KIN2   133   460     90   21.5    5.0    5.0   193    7.0    0.8    7.0    0.00   975.28     0   21.9    3.5   -995   -995   -995   -995   -995    -995    -995    -995
 KIN2   133   465     91   21.5    5.0    5.0   194    6.7    0.8    7.5    0.00   975.19     0   21.8    3.5   23.9   25.7   23.5   23.3   21.1    -995    -995    -995
 KIN2   133   470     91   21.5    5.3    5.2   196    8.1    0.7    6.7    0.00   975.21     0   21.9    3.7   -995   -995   -995   -995   -995    -995    -995    -995
 KIN2   133   475     90   21.6    5.0    5.0   195    8.0    0.8    7.1    0.00   975.27     0   21.9    3.4   -995   -995   -995   -995   -995    -995    -995    -995
 KIN2   133   480     91   21.5    4.1    4.0   197    8.4    0.7    6.4    0.00   975.31     0   21.8    2.7   23.9   25.5   23.5   23.3   21.1    1.62    1.48    1.34
 KIN2   133   485     91   21.5    3.5    3.5   202   10.6    0.6    4.9    0.00   975.44     0   21.8    2.3   -995   -995   -995   -995   -995    -995    -995    -995
 KIN2   133   490     91   21.5    3.0    3.0   211    8.3    0.5    4.5    0.00   975.58     0   21.8    2.1   -995   -995   -995   -995   -995    -995    -995    -995
 KIN2   133   495     91   21.6    3.0    2.9   222    8.6    0.6    4.3    0.00   975.69     0   21.8    1.9   23.8   25.4   23.4   23.2   21.1    -995    -995    -995
 KIN2   133   500     91   21.6    2.7    2.7   228    8.8    0.5    3.8    0.00   975.71     0   21.8    1.7   -995   -995   -995   -995   -995    -995    -995    -995
 KIN2   133   505     91   21.6    2.5    2.4   225   10.3    0.6    3.6    0.00   975.78     0   21.8    1.5   -995   -995   -995   -995   -995    -995    -995    -995
 KIN2   133   510     91   21.6    2.2    2.0   247   26.4    0.4    3.2    0.00   975.95     0   21.7    1.5   23.8   25.3   23.4   23.2   21.1    1.62    1.49    1.36
 KIN2   133   515     92   21.6    3.9    3.8   320   13.4    0.8    6.2    0.00   976.60     0   21.7    2.7   -995   -995   -995   -995   -995    -995    -995    -995
 KIN2   133   520     92   21.7    3.5    3.4   330   14.6    1.1    6.9    0.00   976.65     0   21.9    2.5   -995   -995   -995   -995   -995    -995    -995    -995
 KIN2   133   525     90   22.0    3.8    3.6   327   15.9    1.1    6.3    0.00   976.69     0   22.2    2.6   23.7   25.1   23.4   23.2   21.1    -995    -995    -995
 KIN2   133   530     84   22.1    4.4    4.2   344   14.5    1.0    6.8    0.00   976.88     0   22.3    3.3   -995   -995   -995   -995   -995    -995    -995    -995
 KIN2   133   535     76   21.8    4.1    4.0   335   15.3    1.3    7.8    0.00   977.27     0   22.1    2.9   -995   -995   -995   -995   -995    -995    -995    -995
 KIN2   133   540     76   21.4    5.7    5.5   323   15.7    1.5    9.7    0.00   977.65     0   21.7    3.9   23.6   25.1   23.3   23.2   21.1    1.63    1.48    1.34
 KIN2   133   545     80   20.3    7.9    7.7   319   13.0    1.6   12.0    0.00   977.60     0   20.4    5.7   -995   -995   -995   -995   -995    -995    -995    -995
 KIN2   133   550     87   19.1    5.9    5.7   317   14.3    1.7   10.3    0.00   977.60     0   19.2    4.1   -995   -995   -995   -995   -995    -995    -995    -995
 KIN2   133   555     91   18.6    5.8    5.5   309   15.6    1.6    9.5    0.76   977.53     0   18.7    4.0   23.7   25.0   23.4   23.2   21.2    -995    -995    -995
 KIN2   133   560     94   18.3    4.6    4.5   311   15.8    1.2    7.8    0.76   977.14     0   18.4    3.3   -995   -995   -995   -995   -995    -995    -995    -995
 KIN2   133   565     94   18.3    3.8    3.6   288   16.8    1.0    6.4    0.76   977.28     0   18.4    2.5   -995   -995   -995   -995   -995    -995    -995    -995
 KIN2   133   570     94   18.2    3.1    2.9   293   15.9    0.9    5.9    1.02   977.15     0   18.4    2.0   23.7   25.0   23.4   23.3   21.3    1.62    1.48    1.34
 KIN2   133   575     95   18.2    2.8    2.7   311   13.9    0.6    4.2    1.27   976.88     0   18.3    2.1   -995   -995   -995   -995   -995    -995    -995    -995
 KIN2   133   580     95   18.2    1.3    1.2   269   20.6    0.7    2.8    1.78   977.32     0   18.3    0.7   -995   -995   -995   -995   -995    -995    -995    -995
 KIN2   133   585     95   18.2    1.4    0.7   189   59.4    0.4    2.0    3.05   977.57     0   18.3    0.8   23.6   24.8   23.3   23.3   21.3    -995    -995    -995
 KIN2   133   590     96   18.1    1.9    1.9   167    6.2    0.2    2.5    3.81   977.85     0   18.2    1.2   -995   -995   -995   -995   -995    -995    -995    -995
 KIN2   133   595     96   18.1    1.5    1.4   172   20.4    0.3    2.0    4.32   977.84     0   18.2    0.9   -995   -995   -995   -995   -995    -995    -995    -995
 KIN2   133   600     96   18.2    2.1    2.0   230   17.4    0.3    2.7    4.83   978.02     0   18.3    1.2   23.6   24.6   23.1   23.2   21.3    1.59    1.49    1.34
 KIN2   133   605     96   18.1    2.2    2.2   292   12.6    0.4    3.2    5.33   977.65     0   18.2    1.2   -995   -995   -995   -995   -995    -995    -995    -995
 KIN2   133   610     97   18.1    1.5    1.4   282   13.2    0.7    3.2    5.59   977.50     0   18.1    0.6   -995   -995   -995   -995   -995    -995    -995    -995
 KIN2   133   615     97   18.0    0.8    0.7   250   18.9    0.3    1.3    5.59   977.65     0   18.1    0.0   23.5   24.4   22.9   23.2   21.2    -995    -995    -995
 KIN2   133   620     97   18.0    0.9    0.8   186   32.7    0.2    1.4    5.84   977.57     0   18.1    0.3   -995   -995   -995   -995   -995    -995    -995    -995
 KIN2   133   625     97   18.0    1.4    1.4   121    5.1    0.2    1.8    5.84   977.37     0   18.1    0.9   -995   -995   -995   -995   -995    -995    -995    -995
 KIN2   133   630     97   18.0    0.9    0.8   162   29.6    0.2    1.3    5.84   977.37     0   18.1    0.3   23.4   24.2   22.8   23.1   21.2    1.46    1.49    1.36
 KIN2   133   635     97   18.1    0.9    0.9   214    7.5    0.2    1.2    5.84   977.49     0   18.1    0.1   -995   -995   -995   -995   -995    -995    -995    -995
 KIN2   133   640     97   18.1    1.6    1.6   204    6.5    0.3    2.1    5.84   977.50     0   18.2    1.0   -995   -995   -995   -995   -995    -995    -995    -995
 KIN2   133   645     97   18.1    1.1    1.0   206   10.3    0.4    1.9    5.84   977.48     0   18.1    0.2   23.3   24.0   22.7   23.1   21.2    -995    -995    -995
 KIN2   133   650     97   18.1    1.3    1.2   229   11.2    0.3    2.0    5.84   977.49     0   18.1    0.4   -995   -995   -995   -995   -995    -995    -995    -995
 KIN2   133   655     97   18.0    1.4    1.4   235   12.4    0.2    1.9    6.10   977.48     0   18.1    0.6   -995   -995   -995   -995   -995    -995    -995    -995
 KIN2   133   660     97   18.1    2.0    2.0   221    8.0    0.5    2.8    6.10   977.66     0   18.1    1.3   23.2   23.9   22.7   23.1   21.2    1.46    1.49    1.36
 KIN2   133   665     97   18.1    2.0    1.9   251   14.2    0.3    3.0    6.10   977.77     0   18.2    1.1   -995   -995   -995   -995   -995    -995    -995    -995
 KIN2   133   670     98   18.1    2.7    2.7   257   11.2    0.7    4.1    6.10   977.88     0   18.1    1.4   -995   -995   -995   -995   -995    -995    -995    -995
 KIN2   133   675     97   18.1    2.9    2.8   242   12.2    0.7    5.0    6.35   977.83     0   18.1    1.8   23.2   23.7   22.6   23.1   21.2    -995    -995    -995
 KIN2   133   680     97   18.0    2.2    2.2   216   17.0    0.9    4.6    6.60   977.78     1   18.1    1.5   -995   -995   -995   -995   -995    -995    -995    -995
 KIN2   133   685     97   18.0    1.1    1.1   146   10.9    0.3    1.6    6.86   977.28     2   18.1    0.6   -995   -995   -995   -995   -995    -995    -995    -995
 KIN2   133   690     97   18.0    0.6    0.6   139   13.6    0.3    1.0    7.37   977.16     5   18.1    0.0   23.1   23.6   22.6   23.0   21.2    1.45    1.49    1.34
 KIN2   133   695     97   18.0    1.4    1.4   252   14.0    0.5    2.4    7.37   977.13     8   18.1    0.8   -995   -995   -995   -995   -995    -995    -995    -995
 KIN2   133   700     98   18.1    2.6    2.6   217   10.5    0.5    3.4    7.37   977.32    11   18.1    1.8   -995   -995   -995   -995   -995    -995    -995    -995
 KIN2   133   705     98   18.1    3.5    3.5   188    6.9    0.5    4.6    7.37   977.45    12   18.1    2.4   23.0   23.5   22.5   23.0   21.2    -995    -995    -995
 KIN2   133   710     98   18.1    4.2    4.1   182    7.7    0.5    5.3    7.37   977.59    17   18.1    3.0   -995   -995   -995   -995   -995    -995    -995    -995
 KIN2   133   715     98   18.1    3.7    3.7   187    7.2    1.0    5.6    7.37   977.56    26   18.2    2.5   -995   -995   -995   -995   -995    -995    -995    -995
 KIN2   133   720     97   18.1    2.4    2.4   188    7.8    0.4    3.2    7.37   977.20    24   18.3    1.7   23.0   23.3   22.5   23.0   21.2    1.45    1.48    1.36
 KIN2   133   725     97   18.1    1.8    1.8   166   10.2    0.3    2.5    7.37   976.75    16   18.2    1.0   -995   -995   -995   -995   -995    -995    -995    -995
 KIN2   133   730     97   18.1    2.2    2.1   132    9.9    0.3    2.9    7.37   976.22    13   18.3    1.5   -995   -995   -995   -995   -995    -995    -995    -995
 KIN2   133   735     97   18.2    2.7    2.7   148    8.9    0.4    3.7    7.37   976.09    13   18.3    2.0   22.9   23.2   22.5   23.0   21.2    -995    -995    -995
 KIN2   133   740     97   18.2    3.5    3.4   147    8.1    0.4    4.2    7.37   975.95    18   18.3    2.3   -995   -995   -995   -995   -995    -995    -995    -995
 KIN2   133   745     97   18.2    3.7    3.7   159    7.2    0.5    4.6    7.37   976.05    25   18.4    2.6   -995   -995   -995   -995   -995    -995    -995    -995
 KIN2   133   750     97   18.3    3.5    3.5   150    7.9    0.6    4.7    7.37   975.76    35   18.4    2.5   22.9   23.1   22.4   23.0   21.2    1.45    1.49    1.34
 KIN2   133   755     97   18.3    3.5    3.5   142    8.5    0.5    5.0    7.37   975.45    50   18.4    2.5   -995   -995   -995   -995   -995    -995    -995    -995
 KIN2   133   760     97   18.3    5.7    5.6   139    8.3    1.0    8.0    7.37   974.90    70   18.4    4.3   -995   -995   -995   -995   -995    -995    -995    -995
 KIN2   133   765     97   18.3    4.1    4.0   138   11.5    1.0    6.3    7.37   974.53    91   18.4    3.1   22.9   23.0   22.4   22.9   21.2    -995    -995    -995
 KIN2   133   770     97   18.4    4.3    4.2   152    8.4    0.6    5.7    7.37   974.64    99   18.5    3.2   -995   -995   -995   -995   -995    -995    -995    -995
 KIN2   133   775     96   18.6    3.0    2.9   150    8.9    0.6    4.7    7.37   974.50   118   18.7    2.2   -995   -995   -995   -995   -995    -995    -995    -995
 KIN2   133   780     96   18.9    3.4    3.4   153    9.1    0.5    4.4    7.37   974.41   159   19.0    2.5   22.8   22.9   22.4   22.9   21.2    1.45    1.48    1.34
 KIN2   133   785     94   19.1    3.9    3.9   163    7.2    0.6    5.1    7.37   974.32   127   19.2    2.8   -995   -995   -995   -995   -995    -995    -995    -995
 KIN2   133   790     94   19.1    5.0    5.0   171    6.7    0.8    7.0    7.37   974.22   147   19.2    3.7   -995   -995   -995   -995   -995    -995    -995    -995
 KIN2   133   795     94   19.3    4.4    4.4   178   10.0    0.7    6.3    7.37   974.20   176   19.4    3.4   22.7   22.8   22.3   22.9   21.1    -995    -995    -995
 KIN2   133   800     94   19.6    4.5    4.4   177    8.2    0.8    6.2    7.37   974.34   349   19.6    3.3   -995   -995   -995   -995   -995    -995    -995    -995
 KIN2   133   805     93   20.1    3.9    3.8   178   10.6    0.8    5.5    7.37   974.35   357   20.0    2.9   -995   -995   -995   -995   -995    -995    -995    -995
 KIN2   133   810     92   20.4    3.9    3.8   179    9.0    0.6    5.4    7.37   974.36   344   20.2    3.0   22.6   22.7   22.3   22.8   21.1    1.45    1.48    1.34
 KIN2   133   815     90   20.5    4.7    4.6   177    7.7    0.7    6.9    7.37   974.16   393   20.4    3.6   -995   -995   -995   -995   -995    -995    -995    -995
 KIN2   133   820     88   20.7    6.3    6.2   177    6.0    0.6    7.4    7.37   973.89   417   20.6    4.7   -995   -995   -995   -995   -995    -995    -995    -995
 KIN2   133   825     87   21.0    6.4    6.3   177    5.8    0.7    7.6    7.37   973.62   479   20.8    4.7   22.5   22.6   22.3   22.7   21.0    -995    -995    -995
 KIN2   133   830     87   21.4    6.0    6.0   182    6.2    1.0    7.8    7.37   973.46   522   21.2    4.5   -995   -995   -995   -995   -995    -995    -995    -995
 KIN2   133   835     85   21.7    6.5    6.4   184    7.1    1.0    8.6    7.37   973.36   579   21.5    4.8   -995   -995   -995   -995   -995    -995    -995    -995
 KIN2   133   840     84   21.8    5.6    5.6   185    8.4    1.0    7.8    7.37   973.16   432   21.7    4.3   22.5   22.7   22.3   22.7   21.0    1.45    1.48    1.36
 KIN2   133   845     83   21.7    5.7    5.6   191    8.7    0.9    8.0    7.37   973.04   233   21.7    4.3   -995   -995   -995   -995   -995    -995    -995    -995
 KIN2   133   850     84   21.7    4.7    4.6   188    9.5    0.9    6.7    7.37   973.09   265   21.8    3.4   -995   -995   -995   -995   -995    -995    -995    -995
 KIN2   133   855     83   21.8    4.5    4.4   186    8.8    1.1    6.9    7.37   973.14   226   21.9    3.3   22.6   22.9   22.5   22.7   21.1    -995    -995    -995
 KIN2   133   860     83   21.7    5.4    5.3   188    7.3    0.8    7.6    7.37   973.22   147   21.9    4.1   -995   -995   -995   -995   -995    -995    -995    -995
 KIN2   133   865     82   22.3    6.7    6.7   187    7.0    1.1    9.3    7.37   973.23   653   22.5    5.0   -995   -995   -995   -995   -995    -995    -995    -995
 KIN2   133   870     79   23.3    6.4    6.3   193    9.0    1.1    9.5    7.37   973.40   523   23.1    4.8   22.6   23.2   22.6   22.7   21.1    1.44    1.48    1.34
 KIN2   133   875     78   22.9    8.6    8.6   189    7.6    1.1   10.7    7.37   973.33   241   22.9    6.3   -995   -995   -995   -995   -995    -995    -995    -995
 KIN2   133   880     79   22.5    7.3    7.2   188    7.5    0.9    9.7    7.37   973.04   243   22.8    5.4   -995   -995   -995   -995   -995    -995    -995    -995
 KIN2   133   885     80   22.7    6.5    6.4   192    8.2    1.3    9.4    7.37   972.94   290   22.8    4.7   22.6   23.3   22.7   22.7   21.1    -995    -995    -995
 KIN2   133   890     79   23.4    6.4    6.3   189    8.6    1.0    8.4    7.37   973.00   668   23.4    4.8   -995   -995   -995   -995   -995    -995    -995    -995
 KIN2   133   895     76   24.3    5.1    5.1   184   10.9    0.8    6.8    7.37   973.21   711   24.1    3.9   -995   -995   -995   -995   -995    -995    -995    -995
 KIN2   133   900     74   24.9    5.5    5.4   184   10.5    1.6    8.4    7.37   973.34   720   24.4    4.1   22.6   23.4   22.8   22.7   21.1    1.44    1.48    1.34
 KIN2   133   905     74   24.3    6.0    6.0   191    8.4    0.6    7.5    7.37   973.21   303   24.1    4.5   -995   -995   -995   -995   -995    -995    -995    -995
 KIN2   133   910     76   24.4    5.8    5.8   192    7.1    1.0    7.5    7.37   973.26   771   24.1    4.3   -995   -995   -995   -995   -995    -995    -995    -995
 KIN2   133   915     72   25.1    5.9    5.9   185    6.0    0.8    7.3    7.37   973.29   808   24.6    4.5   22.6   23.4   22.9   22.6   21.1    -995    -995    -995
 KIN2   133   920     70   25.1    3.5    3.4   193   11.8    0.9    5.6    7.37   973.44   795   24.7    2.8   -995   -995   -995   -995   -995    -995    -995    -995
 KIN2   133   925     69   25.0    2.8    2.8   201    9.2    0.7    4.6    7.37   973.56   473   24.9    2.1   -995   -995   -995   -995   -995    -995    -995    -995
 KIN2   133   930     69   25.3    2.2    2.2   192   13.9    0.5    3.7    7.37   973.70   670   25.1    1.8   22.6   23.6   23.0   22.6   21.1    1.45    1.48    1.36
 KIN2   133   935     68   25.8    3.1    2.9   210   16.0    0.7    4.6    7.37   973.78   781   25.5    2.4   -995   -995   -995   -995   -995    -995    -995    -995
 KIN2   133   940     67   26.1    4.5    4.4   221   11.0    0.6    5.8    7.37   973.67   707   25.6    3.4   -995   -995   -995   -995   -995    -995    -995    -995
 KIN2   133   945     66   26.1    4.4    4.4   217    9.4    0.8    6.2    7.37   973.73   624   25.8    3.3   22.7   23.9   23.3   22.6   21.1    -995    -995    -995
 KIN2   133   950     65   26.8    4.4    4.4   207   10.2    1.0    6.5    7.37   973.91   938   26.3    3.5   -995   -995   -995   -995   -995    -995    -995    -995
 KIN2   133   955     63   27.4    4.4    4.2   192   17.5    0.8    6.4    7.37   973.94   844   26.9    3.3   -995   -995   -995   -995   -995    -995    -995    -995
 KIN2   133   960     62   26.7    4.1    3.9   205   16.3    0.9    5.9    7.37   973.90   363   26.5    3.0   22.8   24.2   23.6   22.6   21.1    1.45    1.48    1.36
 KIN2   133   965     63   26.3    3.9    3.7   207   19.2    0.6    5.1    7.37   973.93   333   26.3    3.1   -995   -995   -995   -995   -995    -995    -995    -995
 KIN2   133   970     64   26.5    4.9    4.9   204    7.6    1.0    7.0    7.37   973.99   378   26.4    3.8   -995   -995   -995   -995   -995    -995    -995    -995
 KIN2   133   975     64   26.5    5.6    5.5   207    8.4    0.9    7.2    7.37   974.01   416   26.4    4.2   23.0   24.7   24.0   22.7   21.2    -995    -995    -995
 KIN2   133   980     63   26.9    6.9    6.8   210    9.7    1.3    9.2    7.37   974.15   584   26.7    5.0   -995   -995   -995   -995   -995    -995    -995    -995
 KIN2   133   985     61   27.1    7.3    7.3   207    8.1    1.0    9.5    7.37   974.33   687   26.8    5.6   -995   -995   -995   -995   -995    -995    -995    -995
 KIN2   133   990     60   27.4    6.6    6.5   213    9.8    1.0    8.9    7.37   974.41   670   27.1    4.9   23.1   25.0   24.2   22.7   21.2    1.44    1.49    1.33
 KIN2   133   995     59   27.2    6.6    6.6   210    8.1    0.8    8.7    7.37   974.58   478   27.0    5.3   -995   -995   -995   -995   -995    -995    -995    -995
 KIN2   133  1000     59   27.3    6.1    6.0   210   10.6    1.1    8.6    7.37   974.78   476   27.2    4.3   -995   -995   -995   -995   -995    -995    -995    -995
 KIN2   133  1005     60   27.1    6.2    6.1   216   10.3    0.8    8.2    7.37   974.98   423   27.1    4.6   23.2   25.2   24.3   22.7   21.3    -995    -995    -995
 KIN2   133  1010     60   27.3    6.2    6.1   206    8.7    1.1    8.3    7.37   975.13   479   27.2    4.7   -995   -995   -995   -995   -995    -995    -995    -995
 KIN2   133  1015     62   27.3    6.1    6.0   211   10.5    1.1    8.3    7.37   975.25   464   27.1    4.6   -995   -995   -995   -995   -995    -995    -995    -995
 KIN2   133  1020     60   27.2    7.0    6.9   219    9.4    1.2    9.3    7.37   975.31   631   26.9    4.8   23.4   25.4   24.4   22.7   21.3    1.43    1.48    1.34
 KIN2   133  1025     61   27.4    5.6    5.6   218    8.1    0.9    7.5    7.37   975.37   509   27.0    4.0   -995   -995   -995   -995   -995    -995    -995    -995
 KIN2   133  1030     60   27.4    5.3    5.2   223   10.3    0.9    7.3    7.37   975.34   485   27.2    3.9   -995   -995   -995   -995   -995    -995    -995    -995
 KIN2   133  1035     59   27.5    6.2    6.1   214    9.2    1.3    8.8    7.37   975.42   515   27.4    4.7   23.4   25.4   24.4   22.7   21.3    -995    -995    -995
 KIN2   133  1040     61   27.6    6.0    5.9   213   10.3    1.0    7.6    7.37   975.51   532   27.3    4.3   -995   -995   -995   -995   -995    -995    -995    -995
 KIN2   133  1045     57   28.4    7.3    7.1   208   10.5    1.5   11.4    7.37   975.47   940   28.1    5.4   -995   -995   -995   -995   -995    -995    -995    -995
 KIN2   133  1050     54   29.2    8.7    8.6   211   10.1    1.4   11.2    7.37   975.39  1096   28.4    6.3   23.5   25.5   24.5   22.7   21.3    1.44    1.49    1.34
 KIN2   133  1055     54   29.5    8.1    8.0   204    9.2    1.6   11.2    7.37   975.43   883   28.9    6.0   -995   -995   -995   -995   -995    -995    -995    -995
 KIN2   133  1060     55   29.0    9.6    9.5   203   10.6    1.3   12.1    7.37   975.46   595   28.5    7.0   -995   -995   -995   -995   -995    -995    -995    -995
 KIN2   133  1065     55   29.2    9.1    9.0   199    9.5    1.7   12.4    7.37   975.53  1066   28.7    6.8   23.5   25.6   24.6   22.7   21.2    -995    -995    -995
 KIN2   133  1070     54   29.8    8.5    8.4   204   11.2    1.7   13.1    7.37   975.45   928   29.1    6.3   -995   -995   -995   -995   -995    -995    -995    -995
 KIN2   133  1075     54   29.7    8.7    8.6   203   10.8    1.5   11.9    7.37   975.40   904   29.0    6.5   -995   -995   -995   -995   -995    -995    -995    -995
 KIN2   133  1080     54   29.5    8.6    8.4   208    9.5    1.3   11.2    7.37   975.37   784   28.9    6.7   23.6   25.8   24.7   22.7   21.2    1.44    1.49    1.34
 KIN2   133  1085     56   29.1    8.3    8.1   209   10.7    1.2   11.0    7.37   975.32   669   28.7    6.2   -995   -995   -995   -995   -995    -995    -995    -995
 KIN2   133  1090     56   29.3    8.8    8.6   212    9.7    1.4   12.1    7.37   975.29   869   28.8    6.5   -995   -995   -995   -995   -995    -995    -995    -995
 KIN2   133  1095     55   29.9    8.4    8.2   201   10.7    1.8   11.5    7.37   975.24   942   29.1    6.4   23.8   26.0   25.0   22.7   21.2    -995    -995    -995
 KIN2   133  1100     55   29.8    9.1    9.0   200    8.5    1.5   11.7    7.37   975.19   964   28.9    6.8   -995   -995   -995   -995   -995    -995    -995    -995
 KIN2   133  1105     54   29.8    8.8    8.7   203   10.0    2.3   13.8    7.37   975.11   902   28.9    6.6   -995   -995   -995   -995   -995    -995    -995    -995
 KIN2   133  1110     52   29.3    8.6    8.5   218    8.8    1.5   11.7    7.37   975.13   841   28.6    6.3   23.9   26.2   25.2   22.8   21.2    1.44    1.49    1.34
 KIN2   133  1115     54   29.5    7.3    7.2   218   11.2    1.1   10.0    7.37   975.11  1024   28.8    5.4   -995   -995   -995   -995   -995    -995    -995    -995
 KIN2   133  1120     52   30.0    8.5    8.4   210    9.9    1.6   12.1    7.37   975.11  1073   29.0    6.2   -995   -995   -995   -995   -995    -995    -995    -995
 KIN2   133  1125     51   30.2    8.3    8.2   209    9.7    1.3   11.2    7.37   975.04  1100   29.2    6.4   24.0   26.4   25.4   22.8   21.3    -995    -995    -995
 KIN2   133  1130     52   30.3    6.9    6.7   220   12.7    1.2    9.4    7.37   974.95   966   29.5    4.9   -995   -995   -995   -995   -995    -995    -995    -995
 KIN2   133  1135     53   29.9    7.3    7.2   214   11.7    1.3   10.0    7.37   974.92   634   29.3    5.3   -995   -995   -995   -995   -995    -995    -995    -995
 KIN2   133  1140     53   29.5    7.7    7.6   202    8.7    1.1    9.6    7.37   974.93   598   29.1    5.7   24.2   26.6   25.6   22.8   21.2    1.44    1.49    1.36
 KIN2   133  1145     53   29.9    8.3    8.2   208    9.6    1.5   11.6    7.37   974.89   999   29.4    6.1   -995   -995   -995   -995   -995    -995    -995    -995
 KIN2   133  1150     51   30.7    8.3    8.2   206   10.6    1.2   12.1    7.37   974.78  1085   29.9    6.3   -995   -995   -995   -995   -995    -995    -995    -995
 KIN2   133  1155     51   31.0    8.5    8.4   199    8.6    1.5   12.8    7.37   974.66  1148   30.1    6.4   24.3   26.9   25.8   22.8   21.3    -995    -995    -995
 KIN2   133  1160     51   30.9    9.1    9.0   203    8.9    1.4   12.7    7.37   974.57   879   30.0    7.0   -995   -995   -995   -995   -995    -995    -995    -995
 KIN2   133  1165     52   30.5    8.3    8.2   205    9.2    1.0   10.7    7.37   974.54   739   29.9    6.1   -995   -995   -995   -995   -995    -995    -995    -995
 KIN2   133  1170     52   30.7    8.5    8.4   205    9.3    1.3   11.1    7.37   974.53   835   30.0    6.3   24.5   27.0   25.9   22.8   21.2    1.44    1.49    1.36
 KIN2   133  1175     52   30.6    8.4    8.3   202    8.4    1.2   10.8    7.37   974.52   799   30.1    6.3   -995   -995   -995   -995   -995    -995    -995    -995
 KIN2   133  1180     52   31.0    7.7    7.5   208   10.4    1.2   10.2    7.37   974.55   805   30.4    6.0   -995   -995   -995   -995   -995    -995    -995    -995
 KIN2   133  1185     51   31.4    7.5    7.3   217   11.3    1.5   10.9    7.37   974.51   991   30.8    5.4   24.6   27.2   26.0   22.8   21.2    -995    -995    -995
 KIN2   133  1190     51   30.7    7.1    7.0   210   10.4    1.0    9.2    7.37   974.48   402   30.3    5.3   -995   -995   -995   -995   -995    -995    -995    -995
 KIN2   133  1195     54   30.0    6.0    5.9   219    9.1    0.9    8.1    7.37   974.47   375   30.0    4.2   -995   -995   -995   -995   -995    -995    -995    -995
 KIN2   133  1200     54   29.9    7.6    7.5   206    9.9    1.5   10.6    7.37   974.40   330   29.8    5.7   24.7   27.3   26.2   22.9   21.2    1.43    1.48    1.36
 KIN2   133  1205     54   29.7    7.6    7.5   205    8.1    1.3   10.2    7.37   974.37   350   29.7    5.6   -995   -995   -995   -995   -995    -995    -995    -995
 KIN2   133  1210     54   29.9    6.8    6.6   201   10.9    1.3    9.2    7.37   974.33   524   29.9    5.1   -995   -995   -995   -995   -995    -995    -995    -995
 KIN2   133  1215     54   30.2    7.5    7.4   193    9.4    1.2    9.8    7.37   974.26   684   29.9    5.6   24.9   27.5   26.2   22.9   21.3    -995    -995    -995
 KIN2   133  1220     53   30.4    7.9    7.9   199    8.0    1.1   10.2    7.37   974.20   547   29.9    5.9   -995   -995   -995   -995   -995    -995    -995    -995
 KIN2   133  1225     54   29.9    6.5    6.4   205   10.4    1.2    9.0    7.37   974.18   450   29.7    4.8   -995   -995   -995   -995   -995    -995    -995    -995
 KIN2   133  1230     55   30.0    7.1    7.0   203    9.5    0.9    8.9    7.37   974.12   612   29.8    5.3   25.0   27.4   26.2   23.0   21.3    1.43    1.49    1.34
 KIN2   133  1235     54   30.4    7.7    7.6   199    7.9    1.1    9.8    7.37   974.10   663   29.9    5.5   -995   -995   -995   -995   -995    -995    -995    -995
 KIN2   133  1240     55   30.2    7.8    7.6   196   12.0    1.0    9.4    7.37   974.06   599   29.8    5.9   -995   -995   -995   -995   -995    -995    -995    -995
 KIN2   133  1245     55   30.3    7.2    7.1   208    9.0    0.9    9.4    7.37   974.00   622   29.9    5.6   25.0   27.4   26.1   23.0   21.3    -995    -995    -995
 KIN2   133  1250     56   30.3    6.2    6.1   203    9.6    1.1    8.8    7.37   973.95   621   29.8    4.6   -995   -995   -995   -995   -995    -995    -995    -995
 KIN2   133  1255     56   30.6    7.0    6.9   202    9.4    1.3    9.0    7.37   973.87   600   30.2    5.1   -995   -995   -995   -995   -995    -995    -995    -995
 KIN2   133  1260     57   30.2    6.9    6.8   202    9.2    1.1    9.1    7.37   973.83   479   29.7    5.0   25.1   27.4   26.1   23.0   21.3    1.43    1.49    1.34
 KIN2   133  1265     57   30.5    5.6    5.5   215   12.7    1.2    7.6    7.37   973.80   841   30.2    4.4   -995   -995   -995   -995   -995    -995    -995    -995
 KIN2   133  1270     55   30.8    6.7    6.6   216   10.4    0.9    8.5    7.37   973.72   730   30.2    4.8   -995   -995   -995   -995   -995    -995    -995    -995
 KIN2   133  1275     55   30.7    5.8    5.6   205   13.7    1.1    7.9    7.37   973.64   704   30.2    4.3   25.1   27.4   26.1   23.0   21.3    -995    -995    -995
 KIN2   133  1280     55   31.0    6.1    6.0   220   11.4    1.6    9.2    7.37   973.58   815   30.5    4.8   -995   -995   -995   -995   -995    -995    -995    -995
 KIN2   133  1285     54   31.2    7.1    7.0   219    9.8    1.0   10.3    7.37   973.51   939   30.5    5.1   -995   -995   -995   -995   -995    -995    -995    -995
 KIN2   133  1290     52   31.8    7.0    6.9   216   10.4    1.1    9.7    7.37   973.45   926   31.1    5.2   25.1   27.5   26.1   23.0   21.2    1.43    1.48    1.34
 KIN2   133  1295     52   31.5    7.5    7.4   224   11.3    2.0   12.5    7.37   973.36   843   30.7    5.3   -995   -995   -995   -995   -995    -995    -995    -995
 KIN2   133  1300     52   31.5    7.3    7.2   214   11.9    1.2   10.4    7.37   973.31   662   31.1    5.6   -995   -995   -995   -995   -995    -995    -995    -995
 KIN2   133  1305     53   31.0    7.2    7.0   219   11.1    1.5   10.7    7.37   973.25   514   30.6    5.1   25.2   27.6   26.2   23.0   21.2    -995    -995    -995
 KIN2   133  1310     54   30.4    6.6    6.6   216    8.8    1.1    9.4    7.37   973.19   308   30.2    4.8   -995   -995   -995   -995   -995    -995    -995    -995
 KIN2   133  1315     55   30.8    6.0    5.9   216   11.2    1.2    8.5    7.37   973.12   741   30.5    4.6   -995   -995   -995   -995   -995    -995    -995    -995
 KIN2   133  1320     54   31.4    5.5    5.4   221   12.6    1.2    8.4    7.37   973.03   699   31.0    4.1   25.3   27.8   26.4   23.1   21.3    1.43    1.48    1.36
 KIN2   133  1325     52   31.5    6.1    6.1   224    9.3    1.1    9.0    7.37   972.95   585   31.2    4.5   -995   -995   -995   -995   -995    -995    -995    -995
 KIN2   133  1330     53   31.6    5.7    5.6   214   12.1    1.3    9.1    7.37   972.91   768   31.3    4.4   -995   -995   -995   -995   -995    -995    -995    -995
 KIN2   133  1335     51   32.1    5.7    5.6   215    9.5    1.0    7.5    7.37   972.87   782   31.5    4.2   25.4   27.9   26.3   23.1   21.3    -995    -995    -995
 KIN2   133  1340     51   31.8    6.7    6.6   212    9.6    1.1    8.7    7.37   972.77   716   31.1    5.3   -995   -995   -995   -995   -995    -995    -995    -995
 KIN2   133  1345     51   31.6    6.4    6.3   226   11.7    1.0    8.8    7.37   972.74   631   31.2    4.4   -995   -995   -995   -995   -995    -995    -995    -995
 KIN2   133  1350     51   31.6    5.8    5.7   227    9.2    1.1    8.1    7.37   972.69   613   31.3    4.2   25.4   28.0   26.4   23.1   21.3    1.43    1.49    1.36
 KIN2   133  1355     50   31.9    4.8    4.7   228   12.7    1.3    8.2    7.37   972.64   576   31.7    3.4   -995   -995   -995   -995   -995    -995    -995    -995
 KIN2   133  1360     50   31.7    6.5    6.4   221   11.1    1.2    8.9    7.37   972.58   543   31.4    4.5   -995   -995   -995   -995   -995    -995    -995    -995
 KIN2   133  1365     50   31.5    6.9    6.8   220    8.4    1.0    9.4    7.37   972.52   521   31.3    5.0   25.5   28.2   26.4   23.2   21.3    -995    -995    -995
 KIN2   133  1370     51   31.4    6.8    6.7   224    7.8    0.8    8.5    7.37   972.53   499   31.2    4.5   -995   -995   -995   -995   -995    -995    -995    -995
 KIN2   133  1375     51   31.5    7.0    6.9   211   10.0    1.1   10.9    7.37   972.51   482   31.3    5.2   -995   -995   -995   -995   -995    -995    -995    -995
 KIN2   133  1380     52   31.5    6.6    6.6   208    8.0    1.4    9.6    7.37   972.44   461   31.4    5.2   25.6   28.4   26.5   23.2   21.3    1.43    1.49    1.34
 KIN2   133  1385     52   31.5    6.8    6.7   203    8.4    1.0    9.3    7.37   972.34   444   31.3    4.9   -995   -995   -995   -995   -995    -995    -995    -995
 KIN2   133  1390     52   31.4    6.2    6.1   204   10.0    1.1    8.5    7.37   972.25   428   31.3    4.8   -995   -995   -995   -995   -995    -995    -995    -995
 KIN2   133  1395     51   31.4    7.4    7.3   207    8.6    1.0    9.5    7.37   972.15   411   31.3    5.5   25.6   28.5   26.4   23.3   21.4    -995    -995    -995
 KIN2   133  1400     50   31.2    6.3    6.2   216    9.9    1.3    9.1    7.37   972.07   397   31.2    4.8   -995   -995   -995   -995   -995    -995    -995    -995
 KIN2   133  1405     51   31.2    6.7    6.5   211   12.4    1.3    9.7    7.37   972.02   376   31.2    4.8   -995   -995   -995   -995   -995    -995    -995    -995
 KIN2   133  1410     51   31.1    7.3    7.2   205   10.3    1.1   10.0    7.37   971.91   364   31.1    5.5   25.7   28.6   26.4   23.4   21.4    1.43    1.49    1.34
 KIN2   133  1415     51   31.1    6.3    6.2   213    7.8    0.9    8.1    7.37   971.85   349   31.1    4.7   -995   -995   -995   -995   -995    -995    -995    -995
 KIN2   133  1420     51   31.1    5.8    5.8   219    9.0    1.4    9.5    7.37   971.79   328   31.2    4.0   -995   -995   -995   -995   -995    -995    -995    -995
 KIN2   133  1425     53   30.9    6.5    6.5   211    9.1    1.1    8.8    7.37   971.74   315   31.0    4.7   25.7   28.6   26.3   23.4   21.4    -995    -995    -995
 KIN2   133  1430     56   30.9    5.2    5.1   198   10.5    0.8    6.8    7.37   971.74   298   31.0    3.8   -995   -995   -995   -995   -995    -995    -995    -995
 KIN2   133  1435     57   30.8    5.5    5.4   206    9.0    1.1    8.3    7.37   971.63   281   30.9    4.1   -995   -995   -995   -995   -995    -995    -995    -995
</pre>