<pre>  101 ! (c) 2019 Oklahoma Climatological Survey and the Oklahoma Mesonet - all rights reserved
  21 2019 06 25 00 00 00
 STID  STNM  TIME   RELH   TAIR   WSPD   WVEC  WDIR   WDSD   WSSD   WMAX    RAIN     PRES  SRAD   TA9M   WS2M   TS10   TB10   TS05   TS25   TS60    TR05    TR25    TR60
 KIN2   133     0     36   30.0    4.8    4.7   136   11.5    0.8    6.1    0.00   972.97   292   29.6    3.9   25.5   33.7   24.9   24.4   23.0    2.36    1.73    1.33
 KIN2   133     5     36   29.8    4.5    4.4   135   14.3    0.8    6.1    0.00   972.99   275   29.5    3.7   -995   -995   -995   -995   -995    -995    -995    -995
 KIN2   133    10     37   29.7    4.3    4.2   118    9.8    0.6    5.7    0.00   972.96   260   29.4    3.5   -995   -995   -995   -995   -995    -995    -995    -995
 KIN2   133    15     37   29.7    3.6    3.6   124   11.4    0.7    5.7    0.00   972.93   244   29.5    3.1   25.5   33.5   24.9   24.5   23.0    -995    -995    -995
 KIN2   133    20     37   29.4    4.5    4.4   134    8.7    0.8    6.3    0.00   972.95   227   29.3    3.9   -995   -995   -995   -995   -995    -995    -995    -995
 KIN2   133    25     37   29.4    4.1    4.1   130   10.0    0.6    5.5    0.00   973.02   212   29.3    3.4   -995   -995   -995   -995   -995    -995    -995    -995
 KIN2   133    30     38   29.2    4.4    4.4   133    7.0    0.8    6.0    0.00   973.10   196   29.2    3.7   25.5   33.4   24.9   24.5   23.0    2.36    1.73    1.32
 KIN2   133    35     37   29.2    3.9    3.9   135    8.8    0.6    5.3    0.00   973.15   181   29.2    3.2   -995   -995   -995   -995   -995    -995    -995    -995
 KIN2   133    40     37   29.1    3.3    3.2   137    9.5    0.6    4.6    0.00   973.14   167   29.2    2.7   -995   -995   -995   -995   -995    -995    -995    -995
 KIN2   133    45     38   29.0    3.8    3.7   138    8.1    0.6    5.2    0.00   973.16   153   29.1    3.1   25.4   33.2   24.8   24.5   23.0    -995    -995    -995
 KIN2   133    50     39   28.8    3.6    3.6   133    8.3    0.6    5.0    0.00   973.21   139   29.0    2.9   -995   -995   -995   -995   -995    -995    -995    -995
 KIN2   133    55     38   28.7    4.3    4.3   140    8.0    0.6    5.6    0.00   973.27   125   28.9    3.5   -995   -995   -995   -995   -995    -995    -995    -995
 KIN2   133    60     39   28.5    3.8    3.8   140    8.2    0.6    5.2    0.00   973.34   111   28.8    3.1   25.4   32.9   24.8   24.5   23.0    2.37    1.74    1.32
 KIN2   133    65     39   28.3    3.8    3.8   140    8.6    0.6    5.2    0.00   973.34    95   28.7    3.0   -995   -995   -995   -995   -995    -995    -995    -995
 KIN2   133    70     41   28.0    3.2    3.1   136    8.9    0.6    4.2    0.00   973.36    67   28.5    2.4   -995   -995   -995   -995   -995    -995    -995    -995
 KIN2   133    75     42   27.7    2.8    2.8   131    6.2    0.5    3.9    0.00   973.39    28   28.3    2.2   25.3   32.6   24.7   24.5   23.0    -995    -995    -995
 KIN2   133    80     44   27.5    2.9    2.8   125    8.4    0.6    4.2    0.00   973.41    22   28.1    2.3   -995   -995   -995   -995   -995    -995    -995    -995
 KIN2   133    85     47   27.2    2.8    2.7   122    9.0    0.7    4.8    0.00   973.51    24   27.8    2.0   -995   -995   -995   -995   -995    -995    -995    -995
 KIN2   133    90     49   26.9    2.9    2.9   119    9.1    0.4    3.9    0.00   973.55    16   27.6    2.1   25.2   32.3   24.7   24.6   23.1    2.37    1.75    1.32
 KIN2   133    95     51   26.5    2.7    2.7   114    7.5    0.5    4.2    0.00   973.60    14   27.3    1.9   -995   -995   -995   -995   -995    -995    -995    -995
 KIN2   133   100     53   26.4    3.0    3.0   115    7.9    0.6    4.3    0.00   973.64    11   27.0    2.5   -995   -995   -995   -995   -995    -995    -995    -995
 KIN2   133   105     55   25.9    2.9    2.9   118    7.8    0.4    3.9    0.00   973.76     9   26.7    2.0   25.2   32.0   24.6   24.6   23.1    -995    -995    -995
 KIN2   133   110     56   25.6    2.9    2.8   122    8.9    0.4    4.1    0.00   973.87     6   26.4    2.1   -995   -995   -995   -995   -995    -995    -995    -995
 KIN2   133   115     57   25.5    3.2    3.2   124    8.1    0.5    4.6    0.00   973.89     4   26.2    2.4   -995   -995   -995   -995   -995    -995    -995    -995
 KIN2   133   120     58   25.3    2.9    2.9   129    8.3    0.3    3.8    0.00   973.91     3   26.0    2.2   25.1   31.7   24.6   24.6   23.1    2.38    1.75    1.32
 KIN2   133   125     60   24.8    3.0    3.0   136    6.1    0.4    4.0    0.00   974.01     1   25.7    2.0   -995   -995   -995   -995   -995    -995    -995    -995
 KIN2   133   130     61   24.5    2.9    2.9   142    5.9    0.4    3.7    0.00   974.11     1   25.5    1.9   -995   -995   -995   -995   -995    -995    -995    -995
 KIN2   133   135     63   24.3    2.9    2.9   144    7.1    0.4    4.0    0.00   974.24     0   25.2    1.8   25.0   31.4   24.5   24.6   23.0    -995    -995    -995
 KIN2   133   140     62   24.3    3.0    2.9   144    6.8    0.5    4.1    0.00   974.24     0   25.2    2.0   -995   -995   -995   -995   -995    -995    -995    -995
 KIN2   133   145     63   24.1    2.7    2.7   145    6.6    0.5    3.7    0.00   974.27     0   25.0    1.7   -995   -995   -995   -995   -995    -995    -995    -995
 KIN2   133   150     64   23.8    2.3    2.3   145    6.2    0.3    3.5    0.00   974.36     0   24.8    1.4   25.0   31.0   24.4   24.5   23.0    2.38    1.75    1.32
 KIN2   133   155     65   23.6    2.3    2.3   147    6.3    0.2    2.9    0.00   974.45     0   24.7    1.3   -995   -995   -995   -995   -995    -995    -995    -995
 KIN2   133   160     66   23.5    2.2    2.2   143    7.2    0.2    2.8    0.00   974.44     0   24.6    1.1   -995   -995   -995   -995   -995    -995    -995    -995
 KIN2   133   165     66   23.5    2.4    2.4   146    6.2    0.3    3.2    0.00   974.42     0   24.6    1.4   24.9   30.7   24.3   24.5   23.0    -995    -995    -995
 KIN2   133   170     67   23.2    2.5    2.5   150    4.4    0.2    2.9    0.00   974.53     0   24.5    1.2   -995   -995   -995   -995   -995    -995    -995    -995
 KIN2   133   175     69   22.8    2.2    2.2   141    7.3    0.2    2.8    0.00   974.60     0   24.2    0.7   -995   -995   -995   -995   -995    -995    -995    -995
 KIN2   133   180     69   22.9    2.5    2.4   140    5.7    0.2    2.9    0.00   974.66     0   24.2    1.4   24.9   30.4   24.2   24.5   22.9    2.39    1.76    1.33
 KIN2   133   185     70   22.8    2.4    2.4   144    5.3    0.3    3.2    0.00   974.67     0   24.0    1.2   -995   -995   -995   -995   -995    -995    -995    -995
 KIN2   133   190     70   22.9    2.5    2.5   150    6.3    0.3    3.2    0.00   974.63     0   24.0    1.5   -995   -995   -995   -995   -995    -995    -995    -995
 KIN2   133   195     71   22.7    2.7    2.7   157    4.5    0.2    3.5    0.00   974.64     0   23.9    1.5   24.8   30.1   24.1   24.5   22.9    -995    -995    -995
 KIN2   133   200     73   22.4    3.0    3.0   154    5.2    0.2    3.6    0.00   974.77     0   23.7    1.6   -995   -995   -995   -995   -995    -995    -995    -995
 KIN2   133   205     73   22.6    3.4    3.3   154    5.2    0.2    3.9    0.00   974.95     0   23.5    2.0   -995   -995   -995   -995   -995    -995    -995    -995
 KIN2   133   210     73   22.5    3.3    3.3   162    4.6    0.3    4.1    0.00   974.99     0   23.5    2.0   24.7   29.9   24.0   24.5   22.9    2.39    1.75    1.33
 KIN2   133   215     74   22.3    3.2    3.2   159    4.9    0.3    3.8    0.00   974.99     0   23.4    1.8   -995   -995   -995   -995   -995    -995    -995    -995
 KIN2   133   220     75   22.3    2.8    2.8   151    5.7    0.3    3.4    0.00   975.06     0   23.2    1.6   -995   -995   -995   -995   -995    -995    -995    -995
 KIN2   133   225     75   22.3    2.8    2.8   150    6.1    0.3    3.4    0.00   975.11     0   23.1    1.7   24.6   29.6   24.0   24.4   22.9    -995    -995    -995
 KIN2   133   230     74   22.3    2.8    2.8   157    5.8    0.3    3.6    0.00   975.02     0   23.2    1.6   -995   -995   -995   -995   -995    -995    -995    -995
 KIN2   133   235     75   22.1    2.9    2.8   156    8.1    0.3    3.6    0.00   975.06     0   23.2    1.6   -995   -995   -995   -995   -995    -995    -995    -995
 KIN2   133   240     75   22.2    3.1    3.1   160    5.7    0.3    3.9    0.00   975.13     0   23.0    1.9   24.6   29.3   23.9   24.4   22.9    2.40    1.75    1.33
 KIN2   133   245     76   22.0    3.0    3.0   161    5.5    0.3    3.7    0.00   975.16     0   22.9    1.8   -995   -995   -995   -995   -995    -995    -995    -995
 KIN2   133   250     76   21.9    2.7    2.7   148    6.3    0.3    3.7    0.00   975.12     0   22.9    1.5   -995   -995   -995   -995   -995    -995    -995    -995
 KIN2   133   255     76   21.9    2.7    2.7   151    6.3    0.3    3.4    0.00   975.12     0   22.8    1.6   24.5   29.1   23.9   24.4   22.8    -995    -995    -995
 KIN2   133   260     76   22.0    2.7    2.6   146    7.8    0.4    3.5    0.00   975.11     0   22.8    1.7   -995   -995   -995   -995   -995    -995    -995    -995
 KIN2   133   265     76   22.0    2.9    2.9   156    5.2    0.3    3.6    0.00   975.08     0   22.8    1.8   -995   -995   -995   -995   -995    -995    -995    -995
 KIN2   133   270     76   21.9    2.8    2.8   149    6.0    0.3    4.0    0.00   975.02     0   22.8    1.7   24.5   28.8   23.8   24.4   22.8    2.40    1.76    1.33
 KIN2   133   275     76   21.9    2.7    2.6   153    6.9    0.2    3.2    0.00   975.01     0   22.7    1.6   -995   -995   -995   -995   -995    -995    -995    -995
 KIN2   133   280     76   22.0    2.6    2.6   157    6.8    0.3    3.2    0.00   974.98     0   22.8    1.6   -995   -995   -995   -995   -995    -995    -995    -995
 KIN2   133   285     75   22.0    2.9    2.9   166    7.3    0.3    3.8    0.00   974.99     0   22.9    1.8   24.4   28.6   23.8   24.3   22.8    -995    -995    -995
 KIN2   133   290     76   21.8    2.2    2.2   144   13.7    0.4    3.4    0.00   974.89     0   22.7    1.3   -995   -995   -995   -995   -995    -995    -995    -995
 KIN2   133   295     76   21.9    2.9    2.8   136   14.1    0.5    4.4    0.00   974.80     0   22.7    1.9   -995   -995   -995   -995   -995    -995    -995    -995
 KIN2   133   300     76   21.7    2.7    2.6   141    7.9    0.4    3.5    0.00   974.78     0   22.4    1.7   24.4   28.4   23.7   24.3   22.8    2.40    1.75    1.33
 KIN2   133   305     77   21.6    2.8    2.8   152    7.8    0.4    3.9    0.00   974.79     0   22.4    1.8   -995   -995   -995   -995   -995    -995    -995    -995
 KIN2   133   310     77   21.5    3.0    3.0   161    6.8    0.3    3.7    0.00   974.80     0   22.3    1.8   -995   -995   -995   -995   -995    -995    -995    -995
 KIN2   133   315     78   21.3    3.2    3.2   164    5.1    0.3    3.8    0.00   974.78     0   22.2    2.0   24.3   28.2   23.7   24.3   22.8    -995    -995    -995
 KIN2   133   320     80   21.0    3.3    3.3   165    5.0    0.3    3.8    0.00   974.81     0   22.1    1.7   -995   -995   -995   -995   -995    -995    -995    -995
 KIN2   133   325     79   21.2    2.8    2.8   158    6.8    0.3    3.6    0.00   974.73     0   22.1    1.5   -995   -995   -995   -995   -995    -995    -995    -995
 KIN2   133   330     79   21.3    2.9    2.8   155    6.4    0.3    3.4    0.00   974.73     0   22.2    1.7   24.3   28.0   23.7   24.3   22.8    2.40    1.76    1.33
 KIN2   133   335     78   21.4    2.9    2.9   159    6.1    0.3    3.7    0.00   974.70     0   22.3    1.7   -995   -995   -995   -995   -995    -995    -995    -995
 KIN2   133   340     77   21.5    2.9    2.9   163    6.0    0.3    3.5    0.00   974.61     0   22.3    1.8   -995   -995   -995   -995   -995    -995    -995    -995
 KIN2   133   345     77   21.5    2.9    2.9   164    6.8    0.3    4.2    0.00   974.57     0   22.4    1.7   24.2   27.8   23.6   24.3   22.8    -995    -995    -995
 KIN2   133   350     78   21.4    2.8    2.8   156    6.2    0.3    3.7    0.00   974.52     0   22.2    1.6   -995   -995   -995   -995   -995    -995    -995    -995
 KIN2   133   355     78   21.3    3.0    3.0   155    5.6    0.3    4.0    0.00   974.51     0   22.1    1.9   -995   -995   -995   -995   -995    -995    -995    -995
 KIN2   133   360     78   21.3    3.2    3.2   154    6.5    0.3    3.8    0.00   974.50     0   22.0    2.2   24.2   27.6   23.6   24.3   22.8    2.41    1.75    1.33
 KIN2   133   365     79   21.1    3.0    2.9   153    6.0    0.3    3.7    0.00   974.45     0   21.8    1.8   -995   -995   -995   -995   -995    -995    -995    -995
 KIN2   133   370     80   21.0    2.8    2.7   156    5.5    0.3    3.4    0.00   974.41     0   21.7    1.7   -995   -995   -995   -995   -995    -995    -995    -995
 KIN2   133   375     80   20.9    3.1    3.1   151    5.2    0.3    3.8    0.00   974.33     0   21.7    2.0   24.1   27.4   23.5   24.2   22.8    -995    -995    -995
 KIN2   133   380     80   21.0    3.5    3.5   154    5.7    0.3    4.2    0.00   974.27     0   21.7    2.3   -995   -995   -995   -995   -995    -995    -995    -995
 KIN2   133   385     80   21.0    3.5    3.5   158    6.2    0.4    4.6    0.00   974.22     0   21.7    2.4   -995   -995   -995   -995   -995    -995    -995    -995
 KIN2   133   390     80   21.0    3.6    3.6   157    5.9    0.4    4.8    0.00   974.17     0   21.7    2.3   24.1   27.2   23.5   24.2   22.8    2.40    1.74    1.32
 KIN2   133   395     80   21.1    3.4    3.4   156    5.3    0.4    4.3    0.00   974.15     0   21.8    2.2   -995   -995   -995   -995   -995    -995    -995    -995
 KIN2   133   400     79   21.2    3.5    3.5   155    6.4    0.4    4.5    0.00   974.14     0   21.9    2.4   -995   -995   -995   -995   -995    -995    -995    -995
 KIN2   133   405     80   21.1    3.3    3.3   156    7.0    0.4    4.4    0.00   974.08     0   21.8    2.2   24.0   27.0   23.5   24.2   22.8    -995    -995    -995
 KIN2   133   410     80   21.2    3.4    3.3   154    6.8    0.5    4.5    0.00   974.02     0   21.8    2.3   -995   -995   -995   -995   -995    -995    -995    -995
 KIN2   133   415     81   21.2    3.2    3.2   156    6.2    0.5    4.7    0.00   973.96     0   21.8    2.3   -995   -995   -995   -995   -995    -995    -995    -995
 KIN2   133   420     82   21.1    3.6    3.5   154    7.0    0.4    4.6    0.00   973.99     0   21.8    2.3   24.0   26.8   23.5   24.2   22.8    2.40    1.75    1.33
 KIN2   133   425     82   21.1    3.7    3.7   150    5.5    0.4    4.9    0.00   974.03     0   21.7    2.5   -995   -995   -995   -995   -995    -995    -995    -995
 KIN2   133   430     83   20.9    3.3    3.3   154    7.1    0.4    4.4    0.00   974.10     0   21.5    2.1   -995   -995   -995   -995   -995    -995    -995    -995
 KIN2   133   435     84   20.9    3.3    3.2   153    6.8    0.4    4.3    0.00   974.15     0   21.5    2.2   24.0   26.7   23.4   24.2   22.8    -995    -995    -995
 KIN2   133   440     84   20.9    3.0    3.0   152    6.5    0.5    4.3    0.00   974.13     0   21.4    2.0   -995   -995   -995   -995   -995    -995    -995    -995
 KIN2   133   445     85   20.8    2.2    2.2   152    7.1    0.4    3.2    0.00   974.07     0   21.4    1.4   -995   -995   -995   -995   -995    -995    -995    -995
 KIN2   133   450     85   20.7    2.6    2.6   149    7.3    0.3    3.0    0.00   974.01     0   21.4    1.5   23.9   26.5   23.4   24.2   22.8    2.40    1.76    1.33
 KIN2   133   455     86   20.6    2.6    2.6   155    7.1    0.3    3.3    0.00   973.95     0   21.4    1.4   -995   -995   -995   -995   -995    -995    -995    -995
 KIN2   133   460     87   20.4    2.2    2.2   168    7.1    0.4    3.0    0.00   973.93     0   21.3    1.1   -995   -995   -995   -995   -995    -995    -995    -995
 KIN2   133   465     88   20.0    1.6    1.6   178    7.6    0.2    2.1    0.00   973.99     0   20.9    0.7   23.9   26.4   23.4   24.2   22.8    -995    -995    -995
 KIN2   133   470     89   20.3    1.6    1.5   187   11.3    0.2    2.2    0.00   974.06     0   20.8    0.9   -995   -995   -995   -995   -995    -995    -995    -995
 KIN2   133   475     88   20.3    1.3    1.3   196    3.9    0.1    1.6    0.00   974.10     0   20.9    0.0   -995   -995   -995   -995   -995    -995    -995    -995
 KIN2   133   480     89   19.9    1.0    1.0   197    4.5    0.1    1.2    0.00   974.11     0   20.7    0.0   23.9   26.2   23.4   24.2   22.8    2.40    1.75    1.33
 KIN2   133   485     90   19.7    0.9    0.9   217    6.2    0.1    1.1    0.00   974.14     0   20.6    0.2   -995   -995   -995   -995   -995    -995    -995    -995
 KIN2   133   490     91   19.5    0.9    0.9   230    7.4    0.1    1.0    0.00   974.19     0   20.7    0.1   -995   -995   -995   -995   -995    -995    -995    -995
 KIN2   133   495     92   19.3    1.0    1.0   235    6.8    0.1    1.3    0.00   974.19     0   20.7    0.4   23.9   26.1   23.4   24.2   22.9    -995    -995    -995
 KIN2   133   500     92   19.3    1.3    1.2   223   11.0    0.2    1.8    0.00   974.20     0   20.7    0.2   -995   -995   -995   -995   -995    -995    -995    -995
 KIN2   133   505     92   18.8    1.1    1.1   222    7.1    0.1    1.4    0.00   974.23     0   20.5    0.1   -995   -995   -995   -995   -995    -995    -995    -995
 KIN2   133   510     93   18.8    1.2    1.2   228    9.8    0.2    1.7    0.00   974.25     0   20.5    0.3   23.9   26.0   23.4   24.2   22.9    2.41    1.75    1.32
 KIN2   133   515     94   18.3    0.7    0.7   244    5.7    0.3    1.3    0.00   974.30     0   20.4    0.0   -995   -995   -995   -995   -995    -995    -995    -995
 KIN2   133   520     94   18.2    0.5    0.5   260   10.6    0.1    0.7    0.00   974.35     0   20.1    0.0   -995   -995   -995   -995   -995    -995    -995    -995
 KIN2   133   525     95   18.5    0.3    0.3   271    1.1    0.2    0.6    0.00   974.39     0   19.9    0.0   23.8   25.8   23.3   24.2   22.9    -995    -995    -995
 KIN2   133   530     96   18.5    0.2    0.2   276    3.0    0.2    0.6    0.00   974.44     0   19.7    0.0   -995   -995   -995   -995   -995    -995    -995    -995
 KIN2   133   535     96   18.5    0.6    0.6   268   10.6    0.2    1.1    0.00   974.45     0   19.6    0.0   -995   -995   -995   -995   -995    -995    -995    -995
 KIN2   133   540     96   18.2    1.2    1.2   235   10.9    0.1    1.4    0.00   974.46     0   20.0    0.0   23.8   25.7   23.3   24.1   22.9    2.41    1.76    1.33
 KIN2   133   545     96   17.7    1.7    1.7   222    4.3    0.1    2.0    0.00   974.53     0   20.2    0.0   -995   -995   -995   -995   -995    -995    -995    -995
 KIN2   133   550     97   17.8    2.0    2.0   210    1.5    0.1    2.1    0.00   974.60     0   20.4    0.2   -995   -995   -995   -995   -995    -995    -995    -995
 KIN2   133   555     98   19.1    2.1    2.1   211    1.6    0.1    2.2    0.00   974.69     0   20.5    0.8   23.7   25.5   23.2   24.1   22.9    -995    -995    -995
 KIN2   133   560     97   19.6    2.2    2.2   209    2.3    0.1    2.4    0.00   974.77     0   20.5    1.0   -995   -995   -995   -995   -995    -995    -995    -995
 KIN2   133   565     95   19.2    1.9    1.9   222    9.9    0.2    2.2    0.00   974.80     0   20.1    0.8   -995   -995   -995   -995   -995    -995    -995    -995
 KIN2   133   570     95   18.8    1.4    1.3   228    8.4    0.2    1.8    0.00   974.79     0   19.7    0.0   23.6   25.3   23.1   24.1   22.8    2.41    1.76    1.33
 KIN2   133   575     95   18.5    1.2    1.2   209    3.2    0.1    1.5    0.00   974.80     0   19.5    0.0   -995   -995   -995   -995   -995    -995    -995    -995
 KIN2   133   580     95   17.6    1.7    1.7   191    2.2    0.2    2.2    0.00   974.78     0   19.5    0.1   -995   -995   -995   -995   -995    -995    -995    -995
 KIN2   133   585     96   17.4    2.1    2.1   186    1.5    0.1    2.3    0.00   974.80     0   19.4    0.2   23.6   25.2   23.0   24.0   22.8    -995    -995    -995
 KIN2   133   590     97   17.6    2.2    2.2   181    2.6    0.1    2.5    0.00   974.80     0   19.3    0.7   -995   -995   -995   -995   -995    -995    -995    -995
 KIN2   133   595     97   17.9    2.3    2.3   176    2.5    0.1    2.6    0.00   974.75     0   19.3    0.9   -995   -995   -995   -995   -995    -995    -995    -995
 KIN2   133   600     98   18.2    2.5    2.5   170    4.1    0.3    3.1    0.00   974.71     0   19.5    0.6   23.6   25.1   23.0   24.0   22.8    2.42    1.76    1.33
 KIN2   133   605     98   19.0    3.2    3.2   167    3.6    0.2    3.7    0.00   974.71     0   19.9    1.6   -995   -995   -995   -995   -995    -995    -995    -995
 KIN2   133   610     98   19.3    2.8    2.8   170    4.8    0.3    3.5    0.00   974.72     0   20.1    1.5   -995   -995   -995   -995   -995    -995    -995    -995
 KIN2   133   615     98   19.4    3.2    3.2   173    4.0    0.2    3.8    0.00   974.71     0   20.2    1.7   23.5   24.9   22.9   24.0   22.8    -995    -995    -995
 KIN2   133   620     97   19.5    3.1    3.1   179    5.8    0.3    3.9    0.00   974.76     0   20.2    1.8   -995   -995   -995   -995   -995    -995    -995    -995
 KIN2   133   625     97   19.5    3.2    3.2   185    3.8    0.2    3.6    0.00   974.81     0   20.2    2.0   -995   -995   -995   -995   -995    -995    -995    -995
 KIN2   133   630     97   19.5    3.3    3.3   188    4.8    0.2    3.8    0.00   974.85     0   20.1    2.0   23.4   24.7   22.9   23.9   22.8    2.42    1.75    1.33
 KIN2   133   635     97   19.4    2.7    2.7   193    4.7    0.3    3.5    0.00   974.86     0   20.0    1.5   -995   -995   -995   -995   -995    -995    -995    -995
 KIN2   133   640     97   19.2    2.4    2.3   201    4.5    0.2    2.9    0.00   974.90     0   19.8    1.4   -995   -995   -995   -995   -995    -995    -995    -995
 KIN2   133   645     97   19.2    2.3    2.2   214    8.9    0.2    2.6    0.00   974.95     0   19.7    1.2   23.4   24.6   22.9   23.9   22.7    -995    -995    -995
 KIN2   133   650     97   18.8    1.2    1.1   252   12.3    0.2    2.0    0.00   975.03     0   19.4    0.5   -995   -995   -995   -995   -995    -995    -995    -995
 KIN2   133   655     97   18.9    1.2    1.2   238   19.4    0.2    1.6    0.00   975.01     0   19.4    0.2   -995   -995   -995   -995   -995    -995    -995    -995
 KIN2   133   660     97   18.9    1.2    1.2   190    8.8    0.1    1.5    0.00   975.05     0   19.5    0.0   23.4   24.5   22.9   23.9   22.8    2.42    1.76    1.33
 KIN2   133   665     97   18.3    1.2    1.2   174    3.1    0.1    1.4    0.00   975.10     1   19.5    0.0   -995   -995   -995   -995   -995    -995    -995    -995
 KIN2   133   670     98   18.5    1.1    1.1   186    3.3    0.1    1.2    0.00   975.17     2   19.4    0.0   -995   -995   -995   -995   -995    -995    -995    -995
 KIN2   133   675     98   18.8    1.1    1.1   195    3.0    0.1    1.3    0.00   975.23     3   19.4    0.0   23.4   24.5   22.9   23.9   22.8    -995    -995    -995
 KIN2   133   680     98   18.8    1.1    1.1   192    4.8    0.1    1.3    0.00   975.25     4   19.5    0.0   -995   -995   -995   -995   -995    -995    -995    -995
 KIN2   133   685     98   19.0    1.1    1.1   201    5.8    0.1    1.4    0.00   975.32     9   19.6    0.1   -995   -995   -995   -995   -995    -995    -995    -995
 KIN2   133   690     98   18.9    1.0    1.0   217    2.8    0.0    1.1    0.00   975.37    14   19.6    0.0   23.4   24.4   22.9   23.9   22.8    2.41    1.76    1.32
 KIN2   133   695     98   19.0    0.9    0.9   222    2.1    0.1    1.0    0.00   975.38    21   19.8    0.0   -995   -995   -995   -995   -995    -995    -995    -995
 KIN2   133   700     98   19.2    1.0    1.0   210    6.6    0.1    1.1    0.00   975.41    28   19.8    0.0   -995   -995   -995   -995   -995    -995    -995    -995
 KIN2   133   705     98   19.2    1.2    1.2   197    2.9    0.1    1.4    0.00   975.40    37   19.9    0.0   23.3   24.2   22.8   23.9   22.8    -995    -995    -995
 KIN2   133   710     98   19.1    1.5    1.5   187    2.0    0.0    1.6    0.00   975.38    47   20.0    0.0   -995   -995   -995   -995   -995    -995    -995    -995
 KIN2   133   715     98   19.1    1.6    1.6   184    1.5    0.1    1.7    0.00   975.40    57   20.0    0.0   -995   -995   -995   -995   -995    -995    -995    -995
 KIN2   133   720     98   19.5    1.4    1.4   185    2.7    0.1    1.5    0.00   975.48    70   20.1    0.0   23.2   24.1   22.8   23.8   22.8    2.42    1.75    1.33
 KIN2   133   725     98   19.9    1.1    1.1   195    4.7    0.1    1.5    0.00   975.53    87   20.3    0.0   -995   -995   -995   -995   -995    -995    -995    -995
 KIN2   133   730     98   20.1    1.3    1.3   182    6.7    0.3    1.8    0.00   975.55   102   20.4    0.3   -995   -995   -995   -995   -995    -995    -995    -995
 KIN2   133   735     98   20.4    1.6    1.6   160    7.0    0.2    2.0    0.00   975.56   118   20.6    1.0   23.2   24.0   22.7   23.8   22.7    -995    -995    -995
 KIN2   133   740     97   20.7    1.4    1.3   170    8.3    0.2    1.8    0.00   975.54   133   20.8    0.8   -995   -995   -995   -995   -995    -995    -995    -995
 KIN2   133   745     97   21.0    1.6    1.6   166    7.5    0.2    2.1    0.00   975.56   145   21.1    1.3   -995   -995   -995   -995   -995    -995    -995    -995
 KIN2   133   750     96   21.2    1.6    1.6   164    8.4    0.2    2.2    0.00   975.62   157   21.3    1.1   23.1   23.9   22.7   23.7   22.7    2.43    1.76    1.34
 KIN2   133   755     95   21.5    1.4    1.4   159    7.4    0.2    2.0    0.00   975.64   171   21.5    1.1   -995   -995   -995   -995   -995    -995    -995    -995
 KIN2   133   760     94   21.8    1.8    1.8   150    6.5    0.3    2.5    0.00   975.61   184   21.7    1.5   -995   -995   -995   -995   -995    -995    -995    -995
 KIN2   133   765     92   21.9    2.2    2.2   154    6.2    0.2    2.6    0.00   975.62   198   21.8    1.8   23.1   23.9   22.7   23.6   22.6    -995    -995    -995
 KIN2   133   770     92   22.1    2.2    2.2   151    8.8    0.3    2.6    0.00   975.67   216   22.0    1.8   -995   -995   -995   -995   -995    -995    -995    -995
 KIN2   133   775     91   22.2    2.3    2.2   147    5.8    0.3    2.7    0.00   975.66   228   22.1    1.8   -995   -995   -995   -995   -995    -995    -995    -995
 KIN2   133   780     90   22.4    1.9    1.9   151    9.2    0.3    2.6    0.00   975.68   246   22.3    1.6   23.1   23.9   22.7   23.6   22.6    2.42    1.75    1.32
 KIN2   133   785     89   22.5    1.7    1.7   160   11.4    0.3    2.3    0.00   975.72   270   22.5    1.3   -995   -995   -995   -995   -995    -995    -995    -995
 KIN2   133   790     89   22.9    1.9    1.8   149   16.3    0.3    2.5    0.00   975.75   285   22.6    1.5   -995   -995   -995   -995   -995    -995    -995    -995
 KIN2   133   795     88   22.9    2.2    2.2   156   15.2    0.5    3.2    0.00   975.84   288   22.7    1.8   23.0   23.9   22.8   23.6   22.6    -995    -995    -995
 KIN2   133   800     88   23.1    2.5    2.4   163   10.9    0.5    3.5    0.00   975.88   311   22.8    2.1   -995   -995   -995   -995   -995    -995    -995    -995
 KIN2   133   805     87   23.3    2.8    2.8   152    9.7    0.4    3.8    0.00   975.92   333   22.9    2.3   -995   -995   -995   -995   -995    -995    -995    -995
 KIN2   133   810     87   23.6    2.1    2.1   160    9.8    0.4    3.0    0.00   976.04   349   23.3    1.8   23.0   23.9   22.8   23.6   22.6    2.42    1.76    1.33
 KIN2   133   815     85   24.2    3.2    3.1   166    9.8    0.5    4.3    0.00   976.12   354   23.7    2.7   -995   -995   -995   -995   -995    -995    -995    -995
 KIN2   133   820     83   24.4    4.3    4.3   186    8.8    0.9    6.6    0.00   976.12   359   23.8    3.5   -995   -995   -995   -995   -995    -995    -995    -995
 KIN2   133   825     82   24.5    4.6    4.5   174    8.3    0.8    6.3    0.00   976.12   370   24.0    3.7   23.0   24.1   22.9   23.5   22.6    -995    -995    -995
 KIN2   133   830     80   24.8    3.9    3.9   171    8.8    0.6    5.3    0.00   976.11   406   24.1    3.2   -995   -995   -995   -995   -995    -995    -995    -995
 KIN2   133   835     78   25.1    4.1    4.1   186    8.7    0.6    5.2    0.00   976.10   431   24.4    3.4   -995   -995   -995   -995   -995    -995    -995    -995
 KIN2   133   840     76   25.4    4.2    4.1   174    7.2    0.6    5.4    0.00   976.14   449   24.6    3.4   23.0   24.2   23.0   23.6   22.6    2.42    1.75    1.32
 KIN2   133   845     75   25.9    3.9    3.9   179    9.9    0.5    5.1    0.00   976.15   467   25.1    3.4   -995   -995   -995   -995   -995    -995    -995    -995
 KIN2   133   850     74   25.8    4.8    4.7   179    7.4    0.7    6.4    0.00   976.16   483   24.9    3.8   -995   -995   -995   -995   -995    -995    -995    -995
 KIN2   133   855     74   25.9    4.9    4.9   183    9.7    0.7    6.3    0.00   976.24   499   25.1    4.1   23.0   24.4   23.1   23.5   22.6    -995    -995    -995
 KIN2   133   860     74   26.1    4.0    3.9   173    8.7    0.5    5.1    0.00   976.26   478   25.4    3.5   -995   -995   -995   -995   -995    -995    -995    -995
 KIN2   133   865     71   26.5    4.8    4.7   188   11.1    0.6    6.2    0.00   976.27   521   25.6    4.0   -995   -995   -995   -995   -995    -995    -995    -995
 KIN2   133   870     72   26.3    5.1    5.1   173    6.8    1.0    7.3    0.00   976.34   543   25.2    4.3   23.0   24.6   23.1   23.5   22.6    2.41    1.76    1.33
 KIN2   133   875     73   26.2    5.2    5.2   175    7.4    0.8    6.8    0.00   976.39   555   25.2    4.4   -995   -995   -995   -995   -995    -995    -995    -995
 KIN2   133   880     72   26.4    4.7    4.6   174   11.2    0.7    6.1    0.00   976.38   574   25.3    3.8   -995   -995   -995   -995   -995    -995    -995    -995
 KIN2   133   885     72   26.4    4.9    4.9   171    9.3    0.6    6.5    0.00   976.42   588   25.3    4.1   23.1   24.9   23.2   23.6   22.7    -995    -995    -995
 KIN2   133   890     70   27.0    4.6    4.5   193    8.4    0.7    5.8    0.00   976.46   603   25.8    3.8   -995   -995   -995   -995   -995    -995    -995    -995
 KIN2   133   895     71   26.7    4.6    4.5   194    8.7    0.6    5.9    0.00   976.52   620   25.4    3.9   -995   -995   -995   -995   -995    -995    -995    -995
 KIN2   133   900     70   27.1    3.5    3.3   187   15.7    0.6    4.9    0.00   976.57   641   26.0    3.0   23.1   25.2   23.3   23.6   22.7    2.42    1.77    1.33
 KIN2   133   905     70   27.0    3.8    3.8   200    7.2    0.9    5.9    0.00   976.61   649   25.9    3.2   -995   -995   -995   -995   -995    -995    -995    -995
 KIN2   133   910     68   27.3    3.9    3.9   197   11.1    1.0    6.4    0.00   976.55   611   26.2    3.4   -995   -995   -995   -995   -995    -995    -995    -995
 KIN2   133   915     63   28.0    4.9    4.8   186   10.9    0.8    7.2    0.00   976.54   686   26.8    4.1   23.1   25.5   23.4   23.6   22.7    -995    -995    -995
 KIN2   133   920     62   28.0    4.9    4.8   200   11.5    1.0    6.5    0.00   976.56   698   26.5    4.1   -995   -995   -995   -995   -995    -995    -995    -995
 KIN2   133   925     61   28.3    5.2    5.1   205   11.1    0.8    6.8    0.00   976.57   710   26.9    4.3   -995   -995   -995   -995   -995    -995    -995    -995
 KIN2   133   930     60   28.3    5.2    5.1   202   12.0    1.1    8.0    0.00   976.56   723   26.8    4.3   23.2   25.8   23.5   23.6   22.7    2.41    1.77    1.32
 KIN2   133   935     61   28.1    4.0    3.8   204   16.8    0.8    6.0    0.00   976.59   738   26.8    3.4   -995   -995   -995   -995   -995    -995    -995    -995
 KIN2   133   940     58   28.7    5.5    5.4   203   11.6    1.0    7.1    0.00   976.53   753   27.2    4.6   -995   -995   -995   -995   -995    -995    -995    -995
 KIN2   133   945     57   28.9    5.3    5.2   183    8.5    0.6    6.5    0.00   976.47   767   27.2    4.3   23.3   26.2   23.6   23.6   22.7    -995    -995    -995
 KIN2   133   950     57   29.0    5.0    4.9   194   11.7    0.7    6.5    0.00   976.45   779   27.6    4.2   -995   -995   -995   -995   -995    -995    -995    -995
 KIN2   133   955     56   29.0    4.7    4.6   193   10.7    0.9    6.5    0.00   976.49   793   27.5    4.0   -995   -995   -995   -995   -995    -995    -995    -995
 KIN2   133   960     56   29.2    3.6    3.5   208   15.1    0.9    5.6    0.00   976.54   803   28.0    2.9   23.3   26.6   23.7   23.6   22.7    2.42    1.77    1.32
 KIN2   133   965     56   29.2    3.6    3.6   213   11.4    1.1    6.3    0.00   976.55   815   28.0    3.2   -995   -995   -995   -995   -995    -995    -995    -995
 KIN2   133   970     55   29.7    4.4    4.3   213   13.0    0.9    6.8    0.00   976.55   826   28.2    3.7   -995   -995   -995   -995   -995    -995    -995    -995
 KIN2   133   975     56   29.4    4.2    4.1   216   11.5    1.1    7.0    0.00   976.57   834   28.1    3.2   23.4   26.9   23.8   23.6   22.7    -995    -995    -995
 KIN2   133   980     54   29.8    5.2    5.1   218    8.1    0.7    6.5    0.00   976.59   844   28.1    4.3   -995   -995   -995   -995   -995    -995    -995    -995
 KIN2   133   985     54   29.9    4.7    4.6   213    7.8    0.9    7.0    0.00   976.65   855   28.5    3.9   -995   -995   -995   -995   -995    -995    -995    -995
 KIN2   133   990     52   30.1    4.4    4.3   200   10.5    0.6    6.1    0.00   976.73   869   28.6    3.8   23.4   27.4   24.0   23.6   22.7    2.43    1.79    1.33
 KIN2   133   995     53   30.1    4.2    4.0   218   15.4    0.8    6.0    0.00   976.72   874   28.6    3.2   -995   -995   -995   -995   -995    -995    -995    -995
 KIN2   133  1000     53   29.8    3.6    3.4   217   15.8    1.0    5.6    0.00   976.72   880   28.7    2.8   -995   -995   -995   -995   -995    -995    -995    -995
 KIN2   133  1005     51   30.5    4.0    3.9   208   13.4    0.9    6.1    0.00   976.68   893   29.1    3.4   23.5   27.8   24.1   23.6   22.8    -995    -995    -995
 KIN2   133  1010     51   30.6    3.7    3.6   204   13.1    0.8    5.6    0.00   976.68   903   29.2    3.3   -995   -995   -995   -995   -995    -995    -995    -995
 KIN2   133  1015     52   30.1    3.7    3.7   199   11.2    0.6    5.1    0.00   976.69   907   28.9    3.2   -995   -995   -995   -995   -995    -995    -995    -995
 KIN2   133  1020     52   30.4    4.0    3.8   203   18.2    0.9    6.1    0.00   976.66   915   29.1    3.4   23.6   28.2   24.2   23.6   22.8    2.43    1.79    1.32
 KIN2   133  1025     51   30.7    4.0    3.9   202   13.1    1.1    6.2    0.00   976.66   921   29.2    3.4   -995   -995   -995   -995   -995    -995    -995    -995
 KIN2   133  1030     49   31.2    4.2    4.1   194   12.4    1.0    6.2    0.00   976.62   924   29.5    3.5   -995   -995   -995   -995   -995    -995    -995    -995
 KIN2   133  1035     48   31.2    3.4    3.3   185   13.6    0.9    5.1    0.00   976.65   934   29.7    3.0   23.7   28.7   24.3   23.6   22.8    -995    -995    -995
 KIN2   133  1040     48   30.9    3.7    3.6   207   11.0    0.9    5.3    0.00   976.65   944   29.6    3.2   -995   -995   -995   -995   -995    -995    -995    -995
 KIN2   133  1045     48   30.8    1.2    0.8   220   44.4    0.8    3.5    0.00   976.67   948   30.0    1.0   -995   -995   -995   -995   -995    -995    -995    -995
 KIN2   133  1050     47   31.3    3.5    3.4   185   13.4    1.2    5.8    0.00   976.69   948   29.9    3.1   23.8   29.1   24.4   23.7   22.8    2.44    1.82    1.33
 KIN2   133  1055     48   31.1    2.6    2.4   180   23.3    1.0    5.3    0.00   976.68   957   29.8    2.2   -995   -995   -995   -995   -995    -995    -995    -995
 KIN2   133  1060     49   31.0    3.0    2.7   214   25.3    1.7    5.5    0.00   976.68   957   30.2    2.5   -995   -995   -995   -995   -995    -995    -995    -995
 KIN2   133  1065     48   31.4    3.8    3.4   203   24.5    0.7    5.2    0.00   976.73   958   30.1    3.2   23.9   29.6   24.6   23.7   22.8    -995    -995    -995
 KIN2   133  1070     48   30.9    2.5    2.4   190   17.1    0.8    4.9    0.00   976.71   965   30.2    2.0   -995   -995   -995   -995   -995    -995    -995    -995
 KIN2   133  1075     48   31.2    3.5    3.5   207   10.6    0.9    6.2    0.00   976.69   966   29.8    3.1   -995   -995   -995   -995   -995    -995    -995    -995
 KIN2   133  1080     49   30.8    1.7    1.6   204   20.4    0.7    3.3    0.00   976.70   966   30.1    1.5   24.0   30.0   24.8   23.7   22.8    2.44    1.82    1.33
 KIN2   133  1085     47   31.8    3.4    3.3   222   15.1    0.8    5.7    0.00   976.73   971   30.6    2.6   -995   -995   -995   -995   -995    -995    -995    -995
 KIN2   133  1090     47   31.6    3.1    2.2   212   43.2    1.5    8.1    0.00   976.70   965   30.6    2.7   -995   -995   -995   -995   -995    -995    -995    -995
 KIN2   133  1095     46   31.0    1.5    1.4   142   24.0    0.9    3.9    0.00   976.69   971   30.5    1.5   24.1   30.5   25.0   23.8   22.8    -995    -995    -995
 KIN2   133  1100     47   31.6    2.6    2.4   177   26.1    1.2    5.1    0.00   976.61   968   30.4    2.2   -995   -995   -995   -995   -995    -995    -995    -995
 KIN2   133  1105     47   31.7    1.9    1.5   214   36.9    0.9    3.9    0.00   976.57   969   30.8    1.4   -995   -995   -995   -995   -995    -995    -995    -995
 KIN2   133  1110     46   31.6    2.0    1.9   237   20.8    0.8    3.6    0.00   976.55   974   30.8    1.5   24.2   31.0   25.1   23.8   22.8    2.45    1.83    1.33
 KIN2   133  1115     45   31.9    3.2    3.1   203   11.4    1.0    5.1    0.00   976.55   973   30.8    2.9   -995   -995   -995   -995   -995    -995    -995    -995
 KIN2   133  1120     44   31.9    3.7    3.5   207   14.2    1.0    6.3    0.00   976.53   972   30.6    3.1   -995   -995   -995   -995   -995    -995    -995    -995
 KIN2   133  1125     44   32.0    2.9    2.7   221   21.4    0.6    4.1    0.00   976.52   972   30.7    2.4   24.4   31.4   25.2   23.8   22.8    -995    -995    -995
 KIN2   133  1130     45   31.6    2.5    2.3   259   19.8    0.7    4.0    0.00   976.42   966   30.7    1.9   -995   -995   -995   -995   -995    -995    -995    -995
 KIN2   133  1135     46   32.0    2.2    1.9   248   31.6    0.9    4.2    0.00   976.31   967   31.1    1.9   -995   -995   -995   -995   -995    -995    -995    -995
 KIN2   133  1140     45   32.3    2.2    2.1   241   21.8    0.9    4.4    0.00   976.32   964   31.4    1.7   24.6   31.9   25.3   23.8   22.8    2.46    1.84    1.33
 KIN2   133  1145     44   32.4    2.1    1.6   194   40.0    0.7    3.9    0.00   976.30   956   31.6    1.8   -995   -995   -995   -995   -995    -995    -995    -995
 KIN2   133  1150     43   32.6    3.2    3.2   141   13.7    0.8    5.0    0.00   976.22   966   31.5    3.0   -995   -995   -995   -995   -995    -995    -995    -995
 KIN2   133  1155     43   32.8    2.9    2.7   157   21.6    1.0    7.0    0.00   976.22   958   31.7    2.5   24.7   32.4   25.4   23.8   22.8    -995    -995    -995
 KIN2   133  1160     42   32.5    3.6    3.5   161   15.2    1.4    7.3    0.00   976.19   956   31.4    3.1   -995   -995   -995   -995   -995    -995    -995    -995
 KIN2   133  1165     41   32.5    3.4    3.2   145   17.0    0.9    5.4    0.00   976.15   955   31.2    3.0   -995   -995   -995   -995   -995    -995    -995    -995
 KIN2   133  1170     41   32.5    2.4    2.3    96   13.7    0.9    3.7    0.00   976.10   953   31.6    2.0   24.9   32.8   25.5   23.8   22.8    2.46    1.86    1.33
 KIN2   133  1175     42   32.5    1.5    1.4   140   24.3    0.8    3.9    0.00   976.08   949   32.2    1.2   -995   -995   -995   -995   -995    -995    -995    -995
 KIN2   133  1180     41   32.7    2.7    2.5   159   20.6    0.7    4.1    0.00   976.04   938   31.6    2.4   -995   -995   -995   -995   -995    -995    -995    -995
 KIN2   133  1185     42   33.0    3.3    3.2   156   14.3    1.4    5.5    0.00   975.99   932   31.8    2.8   24.9   33.1   25.6   23.8   22.8    -995    -995    -995
 KIN2   133  1190     41   32.7    3.1    2.9   138   20.0    0.6    4.9    0.00   975.96   932   31.7    2.7   -995   -995   -995   -995   -995    -995    -995    -995
 KIN2   133  1195     42   32.6    1.4    1.1    92   38.2    0.6    3.4    0.00   975.91   925   32.0    1.1   -995   -995   -995   -995   -995    -995    -995    -995
 KIN2   133  1200     40   32.9    2.2    2.0   167   24.0    1.2    4.9    0.00   975.87   919   32.3    1.8   25.0   33.4   25.7   23.8   22.8    2.47    1.87    1.33
 KIN2   133  1205     40   32.7    2.2    1.9   151   28.1    1.3    4.8    0.00   975.83   917   31.7    2.0   -995   -995   -995   -995   -995    -995    -995    -995
 KIN2   133  1210     41   32.5    2.4    1.9   170   37.6    1.3    6.4    0.00   975.73   910   32.0    1.8   -995   -995   -995   -995   -995    -995    -995    -995
 KIN2   133  1215     40   33.4    4.3    4.2   146   12.7    1.2    6.4    0.00   975.70   903   32.1    3.8   25.1   33.7   25.7   23.9   22.8    -995    -995    -995
 KIN2   133  1220     40   33.1    2.4    2.2   114   20.7    1.0    5.3    0.00   975.60   894   32.0    2.1   -995   -995   -995   -995   -995    -995    -995    -995
 KIN2   133  1225     39   33.3    3.3    3.0   134   26.7    0.6    4.5    0.00   975.45   893   31.8    2.8   -995   -995   -995   -995   -995    -995    -995    -995
 KIN2   133  1230     40   33.5    5.5    5.4   157   13.4    0.9    8.1    0.00   975.30   887   32.1    4.6   25.1   34.0   25.8   23.9   22.8    2.47    1.88    1.33
 KIN2   133  1235     39   33.2    5.4    5.1   165   18.4    1.2    7.8    0.00   975.17   872   31.8    4.7   -995   -995   -995   -995   -995    -995    -995    -995
 KIN2   133  1240     39   33.1    3.6    3.3   143   23.8    1.3    6.7    0.00   975.06   862   32.2    3.1   -995   -995   -995   -995   -995    -995    -995    -995
 KIN2   133  1245     38   33.7    4.8    4.7   150   12.7    0.8    6.7    0.00   975.01   856   32.3    4.1   25.3   34.3   25.8   24.0   22.8    -995    -995    -995
 KIN2   133  1250     39   33.2    3.6    3.5   165   14.0    1.6    7.4    0.00   975.00   842   32.0    3.1   -995   -995   -995   -995   -995    -995    -995    -995
 KIN2   133  1255     39   33.6    5.0    4.7   171   20.4    0.8    6.5    0.00   974.95   830   32.1    4.3   -995   -995   -995   -995   -995    -995    -995    -995
 KIN2   133  1260     39   34.0    5.0    4.8   175   19.0    1.1    7.1    0.00   974.91   816   32.5    4.2   25.3   34.5   25.9   24.0   22.8    2.49    1.89    1.33
 KIN2   133  1265     40   33.4    4.5    4.4   134    9.4    1.1    7.1    0.00   974.93   803   32.1    3.8   -995   -995   -995   -995   -995    -995    -995    -995
 KIN2   133  1270     41   33.3    4.1    4.0   142   12.4    1.5    7.3    0.00   974.85   789   32.2    3.5   -995   -995   -995   -995   -995    -995    -995    -995
 KIN2   133  1275     40   33.8    5.5    5.4   150   13.8    1.3    8.1    0.00   974.84   773   32.4    4.5   25.4   34.7   25.9   24.0   22.8    -995    -995    -995
 KIN2   133  1280     40   33.6    5.0    4.9   163    9.5    1.1    7.1    0.00   974.78   770   32.2    4.1   -995   -995   -995   -995   -995    -995    -995    -995
 KIN2   133  1285     40   33.6    5.4    5.2   176   13.2    0.8    7.3    0.00   974.69   752   32.3    4.5   -995   -995   -995   -995   -995    -995    -995    -995
 KIN2   133  1290     39   33.8    6.6    6.5   157    7.5    0.9    8.8    0.00   974.66   741   32.5    5.5   25.4   34.9   25.9   24.0   22.8    2.50    1.90    1.33
 KIN2   133  1295     38   33.5    4.8    4.8   159    9.0    1.0    7.3    0.00   974.59   731   32.3    4.2   -995   -995   -995   -995   -995    -995    -995    -995
 KIN2   133  1300     39   33.9    5.6    5.4   152   15.0    0.9    7.4    0.00   974.51   718   32.6    4.7   -995   -995   -995   -995   -995    -995    -995    -995
 KIN2   133  1305     38   33.8    5.3    5.2   148   10.7    1.2    8.4    0.00   974.48   703   32.6    4.5   25.5   35.0   25.9   24.1   22.8    -995    -995    -995
 KIN2   133  1310     38   33.7    5.5    5.3   156   15.9    1.4    7.5    0.00   974.45   636   32.7    4.7   -995   -995   -995   -995   -995    -995    -995    -995
 KIN2   133  1315     38   33.8    5.4    5.2   155   14.2    0.9    7.6    0.00   974.44   675   32.6    4.5   -995   -995   -995   -995   -995    -995    -995    -995
 KIN2   133  1320     38   33.6    5.4    5.3   137    8.2    1.0    7.9    0.00   974.39   662   32.6    4.7   25.5   35.1   25.9   24.1   22.8    2.50    1.90    1.32
 KIN2   133  1325     39   33.8    6.5    6.4   149    9.4    1.5    9.7    0.00   974.36   646   32.5    5.3   -995   -995   -995   -995   -995    -995    -995    -995
 KIN2   133  1330     38   33.6    6.4    6.2   152   14.5    0.8    8.6    0.00   974.29   634   32.4    5.2   -995   -995   -995   -995   -995    -995    -995    -995
 KIN2   133  1335     40   33.7    6.1    6.0   143   11.5    0.8    8.2    0.00   974.17   617   32.6    5.0   25.5   35.2   25.9   24.2   22.8    -995    -995    -995
 KIN2   133  1340     41   33.7    7.3    7.1   165   11.0    0.9    9.8    0.00   974.09   602   32.5    5.7   -995   -995   -995   -995   -995    -995    -995    -995
 KIN2   133  1345     42   33.7    6.2    6.1   151    9.6    0.9    8.2    0.00   974.03   583   32.6    5.1   -995   -995   -995   -995   -995    -995    -995    -995
 KIN2   133  1350     43   33.5    6.7    6.6   161   12.1    1.0    8.9    0.00   973.99   570   32.5    5.5   25.5   35.3   25.8   24.2   22.8    2.51    1.92    1.33
 KIN2   133  1355     42   33.4    7.3    7.2   151    9.1    0.8    8.7    0.00   974.02   555   32.4    5.9   -995   -995   -995   -995   -995    -995    -995    -995
 KIN2   133  1360     42   33.2    6.8    6.6   159   11.1    1.0    8.6    0.00   974.03   545   32.3    5.4   -995   -995   -995   -995   -995    -995    -995    -995
 KIN2   133  1365     42   33.6    6.8    6.8   167    9.3    1.0    9.1    0.00   974.02   526   32.5    5.4   25.5   35.3   25.8   24.2   22.8    -995    -995    -995
 KIN2   133  1370     43   33.4    7.1    7.0   160    9.7    1.3    9.5    0.00   973.99   509   32.4    5.6   -995   -995   -995   -995   -995    -995    -995    -995
 KIN2   133  1375     45   33.1    7.7    7.6   154    8.9    1.0   10.0    0.00   973.92   490   32.1    6.1   -995   -995   -995   -995   -995    -995    -995    -995
 KIN2   133  1380     44   32.9    7.7    7.6   149    7.3    1.0    9.6    0.00   973.83   475   32.2    6.2   25.5   35.3   25.8   24.3   22.9    2.52    1.93    1.33
 KIN2   133  1385     45   32.9    7.9    7.8   158    7.4    1.0   11.0    0.00   973.77   458   32.1    6.2   -995   -995   -995   -995   -995    -995    -995    -995
 KIN2   133  1390     44   32.9    7.1    7.0   143    9.7    1.3   10.1    0.00   973.76   442   32.2    5.9   -995   -995   -995   -995   -995    -995    -995    -995
 KIN2   133  1395     44   33.0    6.7    6.6   142   10.6    1.3    9.8    0.00   973.73   427   32.3    5.5   25.5   35.2   25.8   24.3   22.9    -995    -995    -995
 KIN2   133  1400     46   32.9    6.3    6.3   155    9.6    1.2    8.7    0.00   973.72   410   32.2    5.2   -995   -995   -995   -995   -995    -995    -995    -995
 KIN2   133  1405     47   32.6    7.9    7.8   166    6.7    1.3   11.0    0.00   973.70   394   31.9    6.4   -995   -995   -995   -995   -995    -995    -995    -995
 KIN2   133  1410     46   32.5    8.2    8.1   169    8.1    1.2   10.9    0.00   973.74   377   31.9    6.4   25.5   35.2   25.7   24.3   22.9    2.52    1.93    1.33
 KIN2   133  1415     46   32.6    7.5    7.4   163    8.5    1.2   10.6    0.00   973.80   364   32.1    6.1   -995   -995   -995   -995   -995    -995    -995    -995
 KIN2   133  1420     46   32.5    8.1    8.0   161    7.8    0.9   10.1    0.00   973.84   346   31.8    6.3   -995   -995   -995   -995   -995    -995    -995    -995
 KIN2   133  1425     47   32.4    7.5    7.4   169   10.2    1.1   10.9    0.00   973.86   326   31.8    5.8   25.5   35.1   25.7   24.4   22.9    -995    -995    -995
 KIN2   133  1430     47   32.1    7.1    7.0   158   10.3    1.1    9.5    0.00   973.89   265   31.7    5.8   -995   -995   -995   -995   -995    -995    -995    -995
 KIN2   133  1435     47   32.1    7.6    7.5   162   10.2    0.9    9.5    0.00   973.97   305   31.7    5.8   -995   -995   -995   -995   -995    -995    -995    -995
</pre>