<pre>  101 ! (c) 2019 Oklahoma Climatological Survey and the Oklahoma Mesonet - all rights reserved
  21 2019 01 03 00 00 00
 STID  STNM  TIME   RELH   TAIR   WSPD   WVEC  WDIR   WDSD   WSSD   WMAX    RAIN     PRES  SRAD   TA9M   WS2M   TS10   TB10   TS05   TS25   TS60    TR05    TR25    TR60
 KIN2   133     0     70   -1.2    2.6    2.6   188    6.4    0.3    3.1    0.00   982.50     0   -1.2    2.0    4.7    1.7    4.4    5.8    8.1    1.46    1.57    1.44
 KIN2   133     5     69   -1.2    2.2    2.2   183    7.3    0.4    3.2    0.00   982.59     0   -1.2    1.9   -995   -995   -995   -995   -995    -995    -995    -995
 KIN2   133    10     69   -1.2    2.8    2.8   177    5.0    0.4    3.4    0.00   982.46     0   -1.3    2.3   -995   -995   -995   -995   -995    -995    -995    -995
 KIN2   133    15     70   -1.2    2.7    2.7   166    4.3    0.3    3.3    0.00   982.29     0   -1.3    2.2    4.7    1.7    4.4    5.8    8.0    -995    -995    -995
 KIN2   133    20     70   -1.2    2.5    2.5   161    6.3    0.3    3.3    0.00   982.14     0   -1.3    2.1   -995   -995   -995   -995   -995    -995    -995    -995
 KIN2   133    25     70   -1.3    2.9    2.9   158    3.0    0.2    3.4    0.00   982.13     0   -1.3    2.4   -995   -995   -995   -995   -995    -995    -995    -995
 KIN2   133    30     70   -1.3    2.3    2.3   160    5.1    0.2    2.6    0.00   982.00     0   -1.3    1.9    4.7    1.7    4.3    5.8    8.0    1.46    1.56    1.44
 KIN2   133    35     71   -1.2    2.6    2.6   164    3.9    0.4    3.2    0.00   981.99     0   -1.3    2.1   -995   -995   -995   -995   -995    -995    -995    -995
 KIN2   133    40     72   -1.2    2.4    2.4   162    5.3    0.3    3.0    0.00   982.02     0   -1.3    1.8   -995   -995   -995   -995   -995    -995    -995    -995
 KIN2   133    45     71   -1.2    2.3    2.3   153    6.1    0.3    2.8    0.00   981.99     0   -1.3    1.8    4.7    1.7    4.3    5.8    8.0    -995    -995    -995
 KIN2   133    50     70   -1.3    2.7    2.7   153    4.8    0.2    3.2    0.00   982.12     0   -1.3    2.3   -995   -995   -995   -995   -995    -995    -995    -995
 KIN2   133    55     71   -1.2    2.4    2.4   161    4.4    0.4    3.2    0.00   982.20     0   -1.3    2.0   -995   -995   -995   -995   -995    -995    -995    -995
 KIN2   133    60     72   -1.2    2.9    2.9   168    5.7    0.4    3.7    0.00   982.27     0   -1.3    2.3    4.6    1.7    4.3    5.8    8.0    1.46    1.56    1.45
 KIN2   133    65     73   -1.2    2.9    2.8   176    5.6    0.3    3.4    0.00   982.38     0   -1.3    2.3   -995   -995   -995   -995   -995    -995    -995    -995
 KIN2   133    70     73   -1.2    2.8    2.8   176    5.0    0.3    3.4    0.00   982.42     0   -1.3    2.3   -995   -995   -995   -995   -995    -995    -995    -995
 KIN2   133    75     73   -1.2    2.9    2.9   168    4.4    0.2    3.4    0.00   982.35     0   -1.3    2.3    4.6    1.7    4.2    5.8    8.0    -995    -995    -995
 KIN2   133    80     74   -1.3    2.8    2.8   161    7.2    0.3    3.6    0.00   982.16     0   -1.3    2.2   -995   -995   -995   -995   -995    -995    -995    -995
 KIN2   133    85     74   -1.3    3.0    3.0   150    5.3    0.3    3.6    0.00   982.06     0   -1.4    2.5   -995   -995   -995   -995   -995    -995    -995    -995
 KIN2   133    90     74   -1.3    2.5    2.5   162    7.6    0.3    3.4    0.00   982.26     0   -1.3    1.9    4.6    1.7    4.2    5.8    8.0    1.46    1.56    1.45
 KIN2   133    95     74   -1.3    2.3    2.3   171    6.6    0.3    2.9    0.00   982.55     0   -1.3    1.9   -995   -995   -995   -995   -995    -995    -995    -995
 KIN2   133   100     75   -1.2    2.4    2.4   174    4.3    0.3    3.0    0.00   982.64     0   -1.3    2.1   -995   -995   -995   -995   -995    -995    -995    -995
 KIN2   133   105     75   -1.2    3.3    3.3   182    3.8    0.4    4.0    0.00   982.54     0   -1.3    2.7    4.6    1.7    4.2    5.8    8.0    -995    -995    -995
 KIN2   133   110     75   -1.2    2.8    2.8   176    6.1    0.4    3.6    0.00   982.52     0   -1.2    2.3   -995   -995   -995   -995   -995    -995    -995    -995
 KIN2   133   115     75   -1.2    2.5    2.4   174    7.6    0.2    3.1    0.00   982.48     0   -1.2    2.0   -995   -995   -995   -995   -995    -995    -995    -995
 KIN2   133   120     74   -1.2    2.7    2.6   173    4.9    0.4    3.5    0.00   982.36     0   -1.2    2.2    4.6    1.7    4.2    5.8    8.0    1.46    1.56    1.44
 KIN2   133   125     74   -1.2    2.3    2.3   174    7.1    0.3    3.2    0.00   982.33     0   -1.2    1.8   -995   -995   -995   -995   -995    -995    -995    -995
 KIN2   133   130     75   -1.1    1.9    1.9   164    6.2    0.4    2.6    0.00   982.36     0   -1.2    1.4   -995   -995   -995   -995   -995    -995    -995    -995
 KIN2   133   135     74   -1.1    1.3    1.3   143   11.1    0.1    1.7    0.00   982.29     0   -1.2    1.0    4.6    1.7    4.2    5.8    8.0    -995    -995    -995
 KIN2   133   140     74   -1.1    1.5    1.5   150    7.1    0.2    2.1    0.00   982.28     0   -1.2    1.2   -995   -995   -995   -995   -995    -995    -995    -995
 KIN2   133   145     74   -1.1    1.5    1.5   153    6.3    0.2    2.0    0.00   982.34     0   -1.2    1.1   -995   -995   -995   -995   -995    -995    -995    -995
 KIN2   133   150     73   -1.1    1.6    1.6   158    4.1    0.3    2.3    0.00   982.37     0   -1.2    1.3    4.6    1.7    4.1    5.8    8.0    1.46    1.56    1.45
 KIN2   133   155     74   -1.1    2.3    2.3   172    4.3    0.2    2.8    0.00   982.57     0   -1.1    1.8   -995   -995   -995   -995   -995    -995    -995    -995
 KIN2   133   160     75   -1.0    2.5    2.5   182    6.1    0.5    3.5    0.00   982.60     0   -1.1    2.0   -995   -995   -995   -995   -995    -995    -995    -995
 KIN2   133   165     75   -1.0    3.2    3.2   187    4.2    0.3    4.1    0.00   982.91     0   -1.1    2.6    4.6    1.7    4.1    5.8    8.0    -995    -995    -995
 KIN2   133   170     74   -1.0    2.7    2.7   189    5.6    0.3    3.3    0.00   983.10     0   -1.0    2.2   -995   -995   -995   -995   -995    -995    -995    -995
 KIN2   133   175     74   -1.0    2.0    2.0   200    6.5    0.5    2.9    0.00   983.16     0   -1.0    1.5   -995   -995   -995   -995   -995    -995    -995    -995
 KIN2   133   180     74   -0.9    0.7    0.6   217   11.2    0.3    1.4    0.00   983.02     0   -1.0    0.1    4.6    1.7    4.1    5.8    8.0    1.46    1.57    1.45
 KIN2   133   185     73   -0.9    0.5    0.5   267   12.5    0.2    1.0    0.00   982.94     0   -0.9    0.1   -995   -995   -995   -995   -995    -995    -995    -995
 KIN2   133   190     72   -0.9    0.4    0.4   233   14.0    0.1    0.6    0.00   982.80     0   -0.9    0.0   -995   -995   -995   -995   -995    -995    -995    -995
 KIN2   133   195     74   -0.9    0.9    0.9   228    9.9    0.3    1.4    0.00   982.81     0   -0.9    0.4    4.5    1.7    4.1    5.8    8.0    -995    -995    -995
 KIN2   133   200     75   -0.9    1.1    1.1   218   13.3    0.3    1.6    0.00   982.74     0   -1.0    0.7   -995   -995   -995   -995   -995    -995    -995    -995
 KIN2   133   205     75   -1.0    0.9    0.9   215   14.5    0.2    1.3    0.00   982.71     0   -1.0    0.5   -995   -995   -995   -995   -995    -995    -995    -995
 KIN2   133   210     75   -0.9    1.1    1.1   228    8.8    0.2    1.6    0.00   982.65     0   -1.0    0.6    4.5    1.7    4.1    5.8    8.0    1.46    1.56    1.44
 KIN2   133   215     74   -0.9    0.9    0.9   256   11.9    0.3    1.3    0.00   982.57     0   -1.0    0.2   -995   -995   -995   -995   -995    -995    -995    -995
 KIN2   133   220     74   -0.9    0.7    0.7   239   20.2    0.2    1.1    0.00   982.57     0   -0.9    0.2   -995   -995   -995   -995   -995    -995    -995    -995
 KIN2   133   225     75   -0.9    1.2    1.2   214    3.3    0.3    1.7    0.00   982.59     0   -0.9    0.9    4.5    1.7    4.1    5.8    8.0    -995    -995    -995
 KIN2   133   230     75   -0.9    1.3    1.3   214    4.6    0.2    1.8    0.00   982.67     0   -0.9    0.8   -995   -995   -995   -995   -995    -995    -995    -995
 KIN2   133   235     75   -0.9    1.1    1.1   204    7.5    0.2    1.5    0.00   982.71     0   -0.9    0.8   -995   -995   -995   -995   -995    -995    -995    -995
 KIN2   133   240     76   -0.8    1.3    1.3   208    4.2    0.1    1.7    0.00   982.86     0   -0.9    1.1    4.5    1.7    4.1    5.8    8.0    1.46    1.56    1.44
 KIN2   133   245     76   -0.8    1.3    1.3   217    5.6    0.2    1.6    0.00   982.95     0   -0.8    0.9   -995   -995   -995   -995   -995    -995    -995    -995
 KIN2   133   250     77   -0.7    1.5    1.5   212    5.8    0.2    1.8    0.00   982.99     0   -0.8    1.1   -995   -995   -995   -995   -995    -995    -995    -995
 KIN2   133   255     76   -0.7    1.1    1.1   206    6.9    0.2    1.6    0.00   982.87     0   -0.8    0.7    4.5    1.7    4.1    5.8    8.0    -995    -995    -995
 KIN2   133   260     75   -0.7    1.1    1.0   238   18.7    0.2    1.5    0.00   982.92     0   -0.7    0.6   -995   -995   -995   -995   -995    -995    -995    -995
 KIN2   133   265     75   -0.6    1.1    1.0   232   14.2    0.2    1.4    0.00   982.99     0   -0.7    0.5   -995   -995   -995   -995   -995    -995    -995    -995
 KIN2   133   270     77   -0.6    0.7    0.7   216    7.9    0.2    1.1    0.00   982.94     0   -0.7    0.2    4.5    1.7    4.1    5.8    8.0    1.46    1.56    1.44
 KIN2   133   275     76   -0.6    0.1    0.1   205    0.0    0.1    0.4    0.00   982.79     0   -0.7    0.0   -995   -995   -995   -995   -995    -995    -995    -995
 KIN2   133   280     76   -0.6    0.4    0.4    46    7.8    0.3    0.9    0.00   982.56     0   -0.6    0.0   -995   -995   -995   -995   -995    -995    -995    -995
 KIN2   133   285     76   -0.6    1.3    1.2    85   16.8    0.2    1.7    0.00   982.46     0   -0.6    0.9    4.5    1.7    4.1    5.8    8.0    -995    -995    -995
 KIN2   133   290     77   -0.6    1.6    1.6   123   10.0    0.1    1.9    0.00   982.57     0   -0.6    1.3   -995   -995   -995   -995   -995    -995    -995    -995
 KIN2   133   295     77   -0.6    0.7    0.6   111   30.4    0.3    1.6    0.00   982.66     0   -0.6    0.1   -995   -995   -995   -995   -995    -995    -995    -995
 KIN2   133   300     76   -0.5    0.3    0.3   119   26.9    0.2    0.5    0.00   982.71     0   -0.5    0.0    4.5    1.7    4.1    5.8    8.0    1.46    1.56    1.44
 KIN2   133   305     75   -0.5    1.5    1.5    67    9.8    0.6    2.4    0.00   982.13     0   -0.6    1.2   -995   -995   -995   -995   -995    -995    -995    -995
 KIN2   133   310     75   -0.6    1.8    1.8    63    5.6    0.2    2.2    0.00   981.78     0   -0.6    1.3   -995   -995   -995   -995   -995    -995    -995    -995
 KIN2   133   315     75   -0.6    1.8    1.8    53    5.1    0.3    2.5    0.00   981.54     0   -0.6    1.5    4.5    1.7    4.2    5.8    8.0    -995    -995    -995
 KIN2   133   320     75   -0.7    2.3    2.3    55    5.1    0.3    2.9    0.00   981.24     0   -0.6    1.9   -995   -995   -995   -995   -995    -995    -995    -995
 KIN2   133   325     75   -0.7    2.1    2.1    48    9.3    0.3    2.8    0.00   981.18     0   -0.7    1.7   -995   -995   -995   -995   -995    -995    -995    -995
 KIN2   133   330     76   -0.8    2.5    2.4    41    8.2    0.3    3.1    0.00   980.94     0   -0.8    2.0    4.5    1.7    4.2    5.8    8.0    1.46    1.56    1.44
 KIN2   133   335     77   -0.9    2.1    2.1    48   10.1    0.4    3.3    0.00   980.78     0   -0.8    1.7   -995   -995   -995   -995   -995    -995    -995    -995
 KIN2   133   340     78   -1.0    3.1    3.1    52    5.7    0.5    4.4    0.00   980.43     0   -0.9    2.6   -995   -995   -995   -995   -995    -995    -995    -995
 KIN2   133   345     78   -1.1    2.9    2.8    60    7.3    0.6    4.1    0.00   980.45     0   -1.0    2.2    4.5    1.7    4.2    5.8    8.0    -995    -995    -995
 KIN2   133   350     79   -1.2    1.3    0.9    97   46.1    0.5    2.8    0.00   981.37     0   -1.0    0.8   -995   -995   -995   -995   -995    -995    -995    -995
 KIN2   133   355     79   -1.3    0.6    0.6   121   18.8    0.2    1.2    0.00   981.52     0   -1.1    0.1   -995   -995   -995   -995   -995    -995    -995    -995
 KIN2   133   360     79   -1.4    0.7    0.5   109   39.4    0.2    1.1    0.00   981.65     0   -1.0    0.0    4.5    1.7    4.2    5.9    8.0    1.46    1.56    1.44
 KIN2   133   365     79   -1.4    0.5    0.4   194   14.6    0.4    1.2    0.00   981.90     0   -1.1    0.2   -995   -995   -995   -995   -995    -995    -995    -995
 KIN2   133   370     82   -1.5    1.8    1.7   208    8.3    0.5    2.4    0.00   982.35     0   -1.0    1.4   -995   -995   -995   -995   -995    -995    -995    -995
 KIN2   133   375     84   -1.4    1.5    1.5   232   12.4    0.3    2.0    0.00   982.48     0   -1.1    0.5    4.5    1.8    4.1    5.9    8.0    -995    -995    -995
 KIN2   133   380     83   -1.1    1.9    1.8   225    9.4    0.3    2.4    0.00   982.85     0   -1.0    1.0   -995   -995   -995   -995   -995    -995    -995    -995
 KIN2   133   385     82   -0.9    1.8    1.8   210    5.7    0.3    2.3    0.00   982.81     0   -0.9    1.3   -995   -995   -995   -995   -995    -995    -995    -995
 KIN2   133   390     81   -0.9    1.1    1.1   230    8.0    0.3    1.9    0.00   982.80     0   -0.9    0.5    4.5    1.7    4.1    5.8    8.0    1.46    1.56    1.44
 KIN2   133   395     81   -0.9    0.9    0.7   281   38.3    0.2    1.2    0.00   982.53     0   -0.9    0.3   -995   -995   -995   -995   -995    -995    -995    -995
 KIN2   133   400     81   -0.9    1.0    0.9   333   15.7    0.2    1.4    0.00   982.05     0   -0.9    0.5   -995   -995   -995   -995   -995    -995    -995    -995
 KIN2   133   405     81   -0.8    1.4    1.4   346    8.1    0.2    1.8    0.00   981.77     0   -0.9    0.9    4.5    1.7    4.0    5.8    7.9    -995    -995    -995
 KIN2   133   410     80   -0.8    1.2    1.1   332   16.0    0.3    1.6    0.00   981.84     0   -0.9    0.7   -995   -995   -995   -995   -995    -995    -995    -995
 KIN2   133   415     79   -0.8    0.3    0.2   330   36.5    0.2    1.1    0.00   981.93     0   -0.8    0.0   -995   -995   -995   -995   -995    -995    -995    -995
 KIN2   133   420     79   -0.8    0.0    0.0    56    0.1    0.1    0.4    0.00   982.01     0   -0.8    0.0    4.5    1.7    4.0    5.8    7.9    1.46    1.56    1.44
 KIN2   133   425     79   -0.8    0.0    0.0     0    0.0    0.0    0.0    0.00   982.11     0   -0.8    0.0   -995   -995   -995   -995   -995    -995    -995    -995
 KIN2   133   430     79   -0.8    0.4    0.4   172    4.4    0.4    0.9    0.00   982.13     0   -0.8    0.1   -995   -995   -995   -995   -995    -995    -995    -995
 KIN2   133   435     80   -0.8    0.6    0.6   150   10.1    0.1    0.9    0.00   981.98     0   -0.8    0.0    4.5    1.7    4.0    5.8    7.9    -995    -995    -995
 KIN2   133   440     79   -0.8    0.6    0.6   132    4.7    0.2    0.8    0.00   981.91     0   -0.8    0.0   -995   -995   -995   -995   -995    -995    -995    -995
 KIN2   133   445     79   -0.8    0.1    0.1   157   35.7    0.2    0.5    0.00   982.04     0   -0.8    0.0   -995   -995   -995   -995   -995    -995    -995    -995
 KIN2   133   450     79   -0.7    0.9    0.9   252    6.5    0.3    1.5    0.00   982.22     0   -0.8    0.3    4.5    1.7    4.0    5.8    7.9    1.46    1.57    1.44
 KIN2   133   455     80   -0.7    1.2    1.2   266    8.0    0.3    1.7    0.00   982.33     0   -0.8    0.3   -995   -995   -995   -995   -995    -995    -995    -995
 KIN2   133   460     81   -0.7    0.9    0.9   266   10.5    0.2    1.4    0.00   982.21     0   -0.7    0.2   -995   -995   -995   -995   -995    -995    -995    -995
 KIN2   133   465     81   -0.7    1.1    1.0   269    8.6    0.3    1.6    0.00   982.16     0   -0.7    0.3    4.5    1.7    4.0    5.8    7.9    -995    -995    -995
 KIN2   133   470     81   -0.7    1.4    1.4   256    6.8    0.2    1.8    0.00   982.20     0   -0.7    0.9   -995   -995   -995   -995   -995    -995    -995    -995
 KIN2   133   475     80   -0.7    1.2    1.2   278    6.8    0.4    1.8    0.00   981.92     0   -0.7    0.5   -995   -995   -995   -995   -995    -995    -995    -995
 KIN2   133   480     79   -0.7    0.4    0.4     3   14.3    0.5    1.4    0.00   981.56     0   -0.7    0.3    4.5    1.7    4.1    5.8    7.9    1.46    1.56    1.45
 KIN2   133   485     79   -0.6    1.6    1.6     5    7.4    0.2    2.0    0.00   981.27     0   -0.7    1.3   -995   -995   -995   -995   -995    -995    -995    -995
 KIN2   133   490     80   -0.7    1.8    1.8    24    6.6    0.3    2.3    0.00   981.01     0   -0.7    1.5   -995   -995   -995   -995   -995    -995    -995    -995
 KIN2   133   495     80   -0.6    1.1    1.1    25    8.8    0.2    1.5    0.00   981.10     0   -0.7    0.7    4.5    1.7    4.1    5.8    7.9    -995    -995    -995
 KIN2   133   500     80   -0.6    1.1    1.1    52    9.4    0.3    1.7    0.00   981.07     0   -0.7    0.7   -995   -995   -995   -995   -995    -995    -995    -995
 KIN2   133   505     80   -0.7    1.5    1.4    71   13.9    0.2    2.0    0.00   981.12     0   -0.7    1.1   -995   -995   -995   -995   -995    -995    -995    -995
 KIN2   133   510     81   -0.6    1.4    1.3   108   14.8    0.1    1.6    0.00   981.34     0   -0.6    1.0    4.5    1.7    4.1    5.8    7.9    1.46    1.56    1.44
 KIN2   133   515     81   -0.6    1.5    1.5    79    7.8    0.2    1.8    0.00   981.02     0   -0.6    0.8   -995   -995   -995   -995   -995    -995    -995    -995
 KIN2   133   520     81   -0.5    1.5    1.4    90   14.7    0.3    2.1    0.00   981.09     0   -0.6    1.1   -995   -995   -995   -995   -995    -995    -995    -995
 KIN2   133   525     81   -0.5    1.3    1.2   124   22.8    0.2    1.9    0.00   981.26     0   -0.5    0.7    4.5    1.7    4.1    5.8    7.9    -995    -995    -995
 KIN2   133   530     80   -0.5    1.6    1.5   165    6.4    0.2    1.9    0.00   981.35     0   -0.5    1.2   -995   -995   -995   -995   -995    -995    -995    -995
 KIN2   133   535     80   -0.5    0.7    0.7   172   20.3    0.2    1.0    0.00   981.34     0   -0.5    0.0   -995   -995   -995   -995   -995    -995    -995    -995
 KIN2   133   540     80   -0.5    1.1    1.1   132    1.9    0.1    1.2    0.00   981.24     0   -0.5    0.7    4.5    1.7    4.1    5.8    7.9    1.46    1.56    1.44
 KIN2   133   545     81   -0.5    0.6    0.6   126    3.8    0.4    1.1    0.00   981.30     0   -0.5    0.0   -995   -995   -995   -995   -995    -995    -995    -995
 KIN2   133   550     80   -0.5    0.3    0.3    91    5.5    0.2    0.6    0.00   981.16     0   -0.5    0.0   -995   -995   -995   -995   -995    -995    -995    -995
 KIN2   133   555     80   -0.5    0.7    0.7    75   10.2    0.2    0.9    0.00   981.02     0   -0.5    0.1    4.5    1.7    4.1    5.8    7.9    -995    -995    -995
 KIN2   133   560     81   -0.5    1.0    1.0    88    4.2    0.1    1.2    0.00   980.96     0   -0.5    0.1   -995   -995   -995   -995   -995    -995    -995    -995
 KIN2   133   565     81   -0.5    1.7    1.7   112    6.6    0.3    2.1    0.00   981.04     0   -0.5    1.4   -995   -995   -995   -995   -995    -995    -995    -995
 KIN2   133   570     81   -0.4    1.9    1.9   108    8.0    0.2    2.3    0.00   980.80     0   -0.4    1.5    4.5    1.7    4.1    5.8    7.9    1.46    1.56    1.44
 KIN2   133   575     80   -0.4    1.5    1.5   120    9.6    0.2    2.0    0.00   980.68     0   -0.4    1.0   -995   -995   -995   -995   -995    -995    -995    -995
 KIN2   133   580     81   -0.4    2.0    2.0   144    4.7    0.6    3.6    0.00   980.86     0   -0.5    1.5   -995   -995   -995   -995   -995    -995    -995    -995
 KIN2   133   585     81   -0.5    2.9    2.9   144    3.8    0.5    3.7    0.00   981.04     0   -0.5    2.3    4.5    1.7    4.1    5.8    7.9    -995    -995    -995
 KIN2   133   590     81   -0.5    2.2    2.2   157    6.7    0.4    2.9    0.00   980.94     0   -0.6    1.7   -995   -995   -995   -995   -995    -995    -995    -995
 KIN2   133   595     83   -0.5    2.7    2.6   174   15.8    0.3    3.6    0.00   981.08     0   -0.6    2.2   -995   -995   -995   -995   -995    -995    -995    -995
 KIN2   133   600     83   -0.5    2.0    1.9   204    9.0    0.4    2.9    0.00   981.13     0   -0.6    1.4    4.5    1.7    4.1    5.8    7.9    1.46    1.57    1.45
 KIN2   133   605     83   -0.5    1.5    1.5   202    7.9    0.5    2.4    0.00   980.99     0   -0.6    1.0   -995   -995   -995   -995   -995    -995    -995    -995
 KIN2   133   610     83   -0.5    0.8    0.7   161   12.6    0.1    1.1    0.00   980.67     0   -0.6    0.2   -995   -995   -995   -995   -995    -995    -995    -995
 KIN2   133   615     84   -0.5    1.3    1.3   141    7.6    0.2    1.6    0.00   980.51     0   -0.6    0.9    4.5    1.7    4.1    5.8    7.9    -995    -995    -995
 KIN2   133   620     83   -0.5    0.6    0.6   183   14.8    0.1    0.8    0.00   980.41     0   -0.6    0.0   -995   -995   -995   -995   -995    -995    -995    -995
 KIN2   133   625     83   -0.5    0.3    0.3   132    8.0    0.2    0.6    0.00   980.39     0   -0.6    0.0   -995   -995   -995   -995   -995    -995    -995    -995
 KIN2   133   630     84   -0.5    0.7    0.7   214    3.9    0.4    1.2    0.00   980.53     0   -0.6    0.4    4.5    1.7    4.1    5.8    7.9    1.46    1.56    1.44
 KIN2   133   635     85   -0.5    1.5    1.5   203    9.9    0.3    2.0    0.00   980.75     0   -0.6    1.1   -995   -995   -995   -995   -995    -995    -995    -995
 KIN2   133   640     86   -0.6    1.4    1.4   166   11.0    0.2    1.9    0.00   980.72     0   -0.6    1.0   -995   -995   -995   -995   -995    -995    -995    -995
 KIN2   133   645     86   -0.6    1.2    1.1   159   17.8    0.2    1.5    0.00   980.63     0   -0.6    0.7    4.5    1.8    4.1    5.8    7.9    -995    -995    -995
 KIN2   133   650     87   -0.6    1.9    1.8    71    9.6    0.4    2.6    0.00   980.03     0   -0.7    1.3   -995   -995   -995   -995   -995    -995    -995    -995
 KIN2   133   655     87   -0.7    0.3    0.3    65   13.6    0.4    1.2    0.00   980.26     0   -0.7    0.1   -995   -995   -995   -995   -995    -995    -995    -995
 KIN2   133   660     86   -0.6    0.1    0.1   257    0.7    0.2    0.7    0.00   980.45     0   -0.7    0.0    4.5    1.8    4.1    5.8    7.9    1.46    1.57    1.44
 KIN2   133   665     86   -0.7    0.7    0.6   294   31.8    0.2    1.0    0.00   980.27     0   -0.7    0.2   -995   -995   -995   -995   -995    -995    -995    -995
 KIN2   133   670     88   -0.6    0.2    0.1   324   33.7    0.2    0.6    0.00   980.18     0   -0.7    0.0   -995   -995   -995   -995   -995    -995    -995    -995
 KIN2   133   675     89   -0.7    0.4    0.3   120   45.6    0.3    0.9    0.00   980.13     0   -0.7    0.2    4.5    1.8    4.1    5.8    7.9    -995    -995    -995
 KIN2   133   680     88   -0.7    0.9    0.9   145   17.9    0.1    1.1    0.00   980.06     0   -0.7    0.4   -995   -995   -995   -995   -995    -995    -995    -995
 KIN2   133   685     88   -0.6    1.2    1.2   172    7.8    0.2    1.9    0.00   980.19     0   -0.7    0.8   -995   -995   -995   -995   -995    -995    -995    -995
 KIN2   133   690     89   -0.6    2.1    2.1   183    2.7    0.1    2.4    0.00   980.46     0   -0.6    1.7    4.5    1.8    4.1    5.8    7.9    1.46    1.56    1.44
 KIN2   133   695     90   -0.6    2.1    2.1   185    6.7    0.3    2.8    0.00   980.49     0   -0.6    1.7   -995   -995   -995   -995   -995    -995    -995    -995
 KIN2   133   700     90   -0.6    2.2    2.2   191    4.7    0.5    2.9    0.00   980.51     0   -0.7    1.8   -995   -995   -995   -995   -995    -995    -995    -995
 KIN2   133   705     90   -0.6    1.8    1.8   182    6.3    0.2    2.3    0.00   980.42     0   -0.6    1.5    4.5    1.7    4.1    5.8    7.9    -995    -995    -995
 KIN2   133   710     91   -0.6    1.4    1.4   186    8.6    0.2    1.9    0.25   980.45     0   -0.6    1.1   -995   -995   -995   -995   -995    -995    -995    -995
 KIN2   133   715     91   -0.6    1.4    1.4   183    5.7    0.3    1.8    0.25   980.46     0   -0.6    1.1   -995   -995   -995   -995   -995    -995    -995    -995
 KIN2   133   720     91   -0.6    0.4    0.4   126   21.6    0.2    0.8    0.25   980.10     0   -0.6    0.1    4.5    1.7    4.0    5.8    7.9    1.46    1.57    1.44
 KIN2   133   725     91   -0.6    0.2    0.2   208   16.0    0.2    0.6    0.51   980.33     0   -0.7    0.0   -995   -995   -995   -995   -995    -995    -995    -995
 KIN2   133   730     91   -0.6    0.1    0.0   186   28.8    0.1    0.3    0.51   980.37     0   -0.7    0.0   -995   -995   -995   -995   -995    -995    -995    -995
 KIN2   133   735     91   -0.6    0.5    0.5    46   14.0    0.2    0.8    0.51   980.12     0   -0.6    0.0    4.5    1.7    4.0    5.8    7.9    -995    -995    -995
 KIN2   133   740     91   -0.6    1.4    1.4    54    3.1    0.3    2.0    0.76   979.85     0   -0.7    0.9   -995   -995   -995   -995   -995    -995    -995    -995
 KIN2   133   745     92   -0.6    2.1    2.0    39    6.0    0.2    2.5    1.02   979.39     0   -0.7    1.6   -995   -995   -995   -995   -995    -995    -995    -995
 KIN2   133   750     93   -0.6    1.1    1.1    51   10.7    0.3    1.9    1.02   979.91     0   -0.7    0.6    4.4    1.7    4.0    5.8    7.9    1.46    1.56    1.44
 KIN2   133   755     93   -0.6    1.8    1.8    45    8.1    0.2    2.3    1.02   979.61     0   -0.7    1.4   -995   -995   -995   -995   -995    -995    -995    -995
 KIN2   133   760     93   -0.6    1.3    1.2    37   16.2    0.3    2.2    1.02   979.81     0   -0.7    0.8   -995   -995   -995   -995   -995    -995    -995    -995
 KIN2   133   765     94   -0.7    1.0    1.0    34   11.1    0.2    1.4    1.27   979.87     0   -0.7    0.7    4.4    1.7    4.0    5.8    7.9    -995    -995    -995
 KIN2   133   770     93   -0.7    0.8    0.8    75    9.1    0.2    1.2    1.27   980.14     0   -0.7    0.2   -995   -995   -995   -995   -995    -995    -995    -995
 KIN2   133   775     92   -0.7    0.1    0.1   168   27.9    0.2    0.7    1.27   980.48     0   -0.7    0.0   -995   -995   -995   -995   -995    -995    -995    -995
 KIN2   133   780     92   -0.6    0.6    0.6   207   12.8    0.1    0.7    1.27   980.60     0   -0.7    0.0    4.4    1.7    3.9    5.8    7.9    1.46    1.57    1.45
 KIN2   133   785     92   -0.6    0.9    0.8   247    8.6    0.1    1.1    1.27   980.63     0   -0.6    0.0   -995   -995   -995   -995   -995    -995    -995    -995
 KIN2   133   790     92   -0.6    1.1    1.1   273    8.9    0.2    1.5    1.27   980.62     0   -0.6    0.3   -995   -995   -995   -995   -995    -995    -995    -995
 KIN2   133   795     93   -0.6    1.1    1.1   303    9.1    0.2    1.4    1.27   980.51     0   -0.7    0.4    4.4    1.7    3.9    5.8    7.9    -995    -995    -995
 KIN2   133   800     94   -0.7    0.8    0.8   309    6.6    0.2    1.3    1.27   980.46     0   -0.7    0.1   -995   -995   -995   -995   -995    -995    -995    -995
 KIN2   133   805     94   -0.7    0.5    0.5   310   15.6    0.2    0.8    1.27   980.47     0   -0.7    0.0   -995   -995   -995   -995   -995    -995    -995    -995
 KIN2   133   810     94   -0.7    0.6    0.6   288    8.3    0.3    1.0    1.27   980.60     0   -0.7    0.0    4.4    1.7    3.9    5.8    7.9    1.45    1.56    1.44
 KIN2   133   815     95   -0.7    1.0    0.9   274   19.6    0.2    1.5    1.27   980.66     0   -0.7    0.1   -995   -995   -995   -995   -995    -995    -995    -995
 KIN2   133   820     95   -0.6    0.8    0.7   242   20.2    0.3    1.5    1.27   980.87     0   -0.7    0.2   -995   -995   -995   -995   -995    -995    -995    -995
 KIN2   133   825     95   -0.6    1.4    1.3   353   11.5    0.4    2.0    1.27   980.39     0   -0.7    1.0    4.4    1.7    3.9    5.8    7.9    -995    -995    -995
 KIN2   133   830     95   -0.6    1.3    1.3   338   15.4    0.2    1.8    1.27   980.38     2   -0.7    0.6   -995   -995   -995   -995   -995    -995    -995    -995
 KIN2   133   835     96   -0.6    1.4    1.3   326   15.6    0.2    2.1    1.27   980.35     4   -0.7    0.8   -995   -995   -995   -995   -995    -995    -995    -995
 KIN2   133   840     96   -0.6    1.4    1.3   349   16.0    0.3    2.4    1.27   980.23     4   -0.7    0.9    4.4    1.7    3.8    5.8    7.9    1.45    1.56    1.44
 KIN2   133   845     96   -0.6    1.5    1.5   334    9.4    0.3    2.4    1.27   980.21     5   -0.6    1.0   -995   -995   -995   -995   -995    -995    -995    -995
 KIN2   133   850     97   -0.6    1.2    1.1   338   11.8    0.2    1.6    1.27   980.24     9   -0.6    0.7   -995   -995   -995   -995   -995    -995    -995    -995
 KIN2   133   855     97   -0.5    1.4    1.3   352   14.2    0.2    1.9    1.27   980.27    14   -0.6    0.8    4.4    1.7    3.8    5.8    7.9    -995    -995    -995
 KIN2   133   860     97   -0.5    1.4    1.4    20   13.7    0.3    2.3    1.27   980.22    11   -0.5    1.0   -995   -995   -995   -995   -995    -995    -995    -995
 KIN2   133   865     97   -0.5    2.2    2.2    41    9.0    0.3    2.8    1.27   980.04     8   -0.5    1.6   -995   -995   -995   -995   -995    -995    -995    -995
 KIN2   133   870     96   -0.5    1.8    1.8    39    8.9    0.4    2.9    1.27   980.01     7   -0.5    1.5    4.3    1.7    3.8    5.8    7.9    1.45    1.56    1.44
 KIN2   133   875     96   -0.4    1.0    1.0    26   10.8    0.3    1.6    1.27   980.39     9   -0.5    0.4   -995   -995   -995   -995   -995    -995    -995    -995
 KIN2   133   880     96   -0.4    0.2    0.1   259   38.3    0.3    0.7    1.27   980.78     8   -0.4    0.0   -995   -995   -995   -995   -995    -995    -995    -995
 KIN2   133   885     96   -0.4    0.9    0.9   254    9.2    0.2    1.4    1.27   980.97    10   -0.4    0.2    4.3    1.7    3.8    5.8    7.9    -995    -995    -995
 KIN2   133   890     96   -0.3    1.4    1.4   238    7.2    0.2    1.8    1.27   981.17    13   -0.3    0.7   -995   -995   -995   -995   -995    -995    -995    -995
 KIN2   133   895     96   -0.3    0.8    0.8   257   11.9    0.3    1.5    1.27   981.19    11   -0.3    0.0   -995   -995   -995   -995   -995    -995    -995    -995
 KIN2   133   900     96   -0.3    0.9    0.9   184   21.9    0.3    1.4    1.27   981.44    10   -0.3    0.5    4.3    1.6    3.8    5.8    7.9    1.45    1.56    1.44
 KIN2   133   905     96   -0.3    1.1    1.1   174   10.7    0.2    1.4    1.27   981.69     9   -0.3    0.8   -995   -995   -995   -995   -995    -995    -995    -995
 KIN2   133   910     96   -0.3    0.2    0.2   188    0.0    0.2    0.7    1.27   981.59     8   -0.3    0.0   -995   -995   -995   -995   -995    -995    -995    -995
 KIN2   133   915     96   -0.3    0.2    0.2    77    3.4    0.3    0.7    1.27   981.45     9   -0.3    0.0    4.3    1.6    3.8    5.8    7.9    -995    -995    -995
 KIN2   133   920     97   -0.4    0.7    0.7   110    8.3    0.0    0.8    1.27   981.56    11   -0.4    0.0   -995   -995   -995   -995   -995    -995    -995    -995
 KIN2   133   925     97   -0.3    1.2    1.2   142    7.0    0.3    1.8    1.27   981.77    15   -0.3    0.8   -995   -995   -995   -995   -995    -995    -995    -995
 KIN2   133   930     97   -0.4    1.6    1.6   127   14.0    0.1    1.8    1.27   981.70    19   -0.4    1.2    4.3    1.6    3.8    5.7    7.9    1.46    1.56    1.44
 KIN2   133   935     97   -0.4    1.5    1.4    67   17.1    0.2    1.9    1.27   981.26    37   -0.4    0.9   -995   -995   -995   -995   -995    -995    -995    -995
 KIN2   133   940     97   -0.4    1.8    1.8    65    9.5    0.2    2.2    1.27   981.16    37   -0.4    1.2   -995   -995   -995   -995   -995    -995    -995    -995
 KIN2   133   945     97   -0.4    2.0    2.0    58    6.2    0.3    2.5    1.27   981.17    41   -0.4    1.4    4.3    1.6    3.8    5.7    7.9    -995    -995    -995
 KIN2   133   950     97   -0.3    1.6    1.6    39   10.5    0.3    2.6    1.27   981.03    57   -0.3    1.2   -995   -995   -995   -995   -995    -995    -995    -995
 KIN2   133   955     97   -0.3    1.9    1.8    45   10.0    0.2    2.5    1.27   980.90    66   -0.3    1.4   -995   -995   -995   -995   -995    -995    -995    -995
 KIN2   133   960     97   -0.4    1.8    1.8    33    9.8    0.3    2.4    1.27   980.75    84   -0.3    1.6    4.3    1.6    3.8    5.7    7.9    1.46    1.57    1.44
 KIN2   133   965     97   -0.4    1.8    1.7    40   11.9    0.4    2.6    1.27   980.71    99   -0.3    1.3   -995   -995   -995   -995   -995    -995    -995    -995
 KIN2   133   970     97   -0.4    2.0    2.0    42    8.5    0.3    2.6    1.27   980.77   126   -0.3    1.6   -995   -995   -995   -995   -995    -995    -995    -995
 KIN2   133   975     97   -0.4    2.6    2.6    54    7.5    0.3    3.2    1.27   980.78   114   -0.4    2.1    4.3    1.6    3.8    5.7    7.9    -995    -995    -995
 KIN2   133   980     97   -0.4    2.5    2.4    34    7.2    0.4    3.7    1.52   980.51   109   -0.4    2.0   -995   -995   -995   -995   -995    -995    -995    -995
 KIN2   133   985     96   -0.4    2.4    2.4    28    9.4    0.5    3.3    1.52   980.38    91   -0.4    1.7   -995   -995   -995   -995   -995    -995    -995    -995
 KIN2   133   990     96   -0.4    2.3    2.3    36   11.0    0.4    3.1    1.78   980.49    97   -0.4    1.8    4.3    1.6    3.8    5.7    7.9    1.45    1.57    1.44
 KIN2   133   995     96   -0.4    1.8    1.8    38    7.3    0.3    2.4    1.78   980.51   110   -0.4    1.4   -995   -995   -995   -995   -995    -995    -995    -995
 KIN2   133  1000     96   -0.4    1.6    1.5    38   13.0    0.3    2.1    1.78   980.39   110   -0.3    1.2   -995   -995   -995   -995   -995    -995    -995    -995
 KIN2   133  1005     96   -0.3    1.2    1.1    43   16.5    0.2    1.8    2.03   980.35    99   -0.3    0.6    4.3    1.6    3.8    5.7    7.9    -995    -995    -995
 KIN2   133  1010     96   -0.4    1.1    1.1    52   11.1    0.3    1.5    2.03   980.39    96   -0.3    0.6   -995   -995   -995   -995   -995    -995    -995    -995
 KIN2   133  1015     96   -0.3    0.8    0.8    61   17.6    0.2    1.4    2.03   980.39   122   -0.2    0.0   -995   -995   -995   -995   -995    -995    -995    -995
 KIN2   133  1020     96   -0.3    0.3    0.3    53    5.0    0.3    1.0    2.29   980.33   124   -0.1    0.0    4.3    1.6    3.8    5.7    7.9    1.46    1.56    1.44
 KIN2   133  1025     96   -0.3    0.8    0.8    44   18.4    0.2    1.4    2.29   980.03   127   -0.1    0.1   -995   -995   -995   -995   -995    -995    -995    -995
 KIN2   133  1030     96   -0.2    1.6    1.5    44    9.6    0.3    2.2    2.54   979.81   138   -0.1    1.2   -995   -995   -995   -995   -995    -995    -995    -995
 KIN2   133  1035     96   -0.2    1.6    1.5    40   13.0    0.3    2.1    2.54   979.73    98   -0.2    1.2    4.3    1.6    3.8    5.7    7.8    -995    -995    -995
 KIN2   133  1040     96   -0.2    2.1    2.1    40   10.5    0.3    2.6    2.79   979.42   119   -0.2    1.7   -995   -995   -995   -995   -995    -995    -995    -995
 KIN2   133  1045     96   -0.2    2.2    2.2    22   13.9    0.5    3.6    2.79   979.04   139   -0.2    2.0   -995   -995   -995   -995   -995    -995    -995    -995
 KIN2   133  1050     95   -0.2    1.2    1.2    13   12.3    0.6    2.3    2.79   979.19   108   -0.2    0.8    4.3    1.6    3.8    5.7    7.8    1.45    1.56    1.44
 KIN2   133  1055     95   -0.1    1.2    1.2     8   12.7    0.6    2.1    3.05   979.22    98   -0.1    0.8   -995   -995   -995   -995   -995    -995    -995    -995
 KIN2   133  1060     95   -0.2    1.7    1.6    38   15.3    0.3    2.3    3.05   979.04    99   -0.2    1.3   -995   -995   -995   -995   -995    -995    -995    -995
 KIN2   133  1065     95   -0.2    2.2    2.2    63    7.4    0.3    3.3    3.05   979.14    95   -0.2    1.9    4.3    1.6    3.8    5.7    7.8    -995    -995    -995
 KIN2   133  1070     94   -0.2    2.6    2.6    61    6.0    0.4    3.3    3.05   979.20    94   -0.2    2.1   -995   -995   -995   -995   -995    -995    -995    -995
 KIN2   133  1075     93   -0.2    2.1    2.1    61    8.3    0.2    2.7    3.05   979.11   122   -0.2    1.7   -995   -995   -995   -995   -995    -995    -995    -995
 KIN2   133  1080     93   -0.2    2.5    2.5    64    6.4    0.3    3.0    3.30   979.07   130   -0.2    2.0    4.3    1.6    3.8    5.7    7.8    1.46    1.56    1.44
 KIN2   133  1085     92   -0.1    1.6    1.6    39   14.7    0.4    2.4    3.30   978.71   202   -0.1    1.4   -995   -995   -995   -995   -995    -995    -995    -995
 KIN2   133  1090     93   -0.1    1.6    1.6    32   10.8    0.4    2.5    3.30   978.56   193   -0.1    1.4   -995   -995   -995   -995   -995    -995    -995    -995
 KIN2   133  1095     93   -0.2    1.5    1.5    34   12.8    0.2    2.3    3.30   978.60   119   -0.2    1.2    4.3    1.6    3.8    5.7    7.8    -995    -995    -995
 KIN2   133  1100     93   -0.2    1.9    1.9    39   10.3    0.3    2.5    3.30   978.52   133   -0.2    1.6   -995   -995   -995   -995   -995    -995    -995    -995
 KIN2   133  1105     94   -0.2    2.0    2.0    40    9.9    0.3    2.5    3.56   978.28   164   -0.3    1.7   -995   -995   -995   -995   -995    -995    -995    -995
 KIN2   133  1110     94   -0.2    1.6    1.6    27   12.2    0.2    2.2    3.56   978.23   127   -0.3    1.3    4.3    1.6    3.9    5.7    7.8    1.46    1.57    1.45
 KIN2   133  1115     95   -0.2    2.1    2.1    16    7.5    0.3    2.6    3.56   978.13   141   -0.4    1.8   -995   -995   -995   -995   -995    -995    -995    -995
 KIN2   133  1120     95   -0.3    1.9    1.8    25   13.8    0.3    2.6    3.56   978.13   102   -0.4    1.6   -995   -995   -995   -995   -995    -995    -995    -995
 KIN2   133  1125     95   -0.3    2.1    2.1    20   10.1    0.3    2.8    3.56   978.04    93   -0.4    1.8    4.3    1.5    3.9    5.7    7.8    -995    -995    -995
 KIN2   133  1130     95   -0.4    2.5    2.5    24    6.3    0.3    3.1    3.56   977.96   105   -0.4    2.3   -995   -995   -995   -995   -995    -995    -995    -995
 KIN2   133  1135     96   -0.2    2.4    2.4     9   15.5    0.4    3.5    3.81   977.70   126   -0.4    2.3   -995   -995   -995   -995   -995    -995    -995    -995
 KIN2   133  1140     96   -0.2    2.7    2.7     1   10.8    0.3    3.5    3.81   977.64   131   -0.4    2.2    4.3    1.5    3.9    5.7    7.8    1.45    1.56    1.45
 KIN2   133  1145     96   -0.2    2.7    2.6     9   13.7    0.6    3.7    3.81   977.77   128   -0.3    2.2   -995   -995   -995   -995   -995    -995    -995    -995
 KIN2   133  1150     96   -0.3    3.2    3.1    20    7.4    0.5    3.9    3.81   977.59   105   -0.4    2.9   -995   -995   -995   -995   -995    -995    -995    -995
 KIN2   133  1155     96   -0.3    3.1    3.1    11    7.1    0.5    4.4    3.81   977.39   104   -0.4    2.9    4.3    1.5    3.9    5.7    7.8    -995    -995    -995
 KIN2   133  1160     96   -0.2    2.7    2.7     5   11.5    0.6    4.3    3.81   977.24   118   -0.4    2.5   -995   -995   -995   -995   -995    -995    -995    -995
 KIN2   133  1165     96   -0.3    2.6    2.5     1   10.4    0.6    4.3    3.81   977.31    94   -0.4    2.4   -995   -995   -995   -995   -995    -995    -995    -995
 KIN2   133  1170     96   -0.3    2.6    2.6     4   13.2    0.5    3.6    3.81   977.32    84   -0.4    2.5    4.3    1.5    3.9    5.7    7.9    1.46    1.56    1.45
 KIN2   133  1175     96   -0.2    2.1    2.1   354   12.4    0.4    3.1    3.81   977.09    80   -0.3    1.9   -995   -995   -995   -995   -995    -995    -995    -995
 KIN2   133  1180     96   -0.3    2.3    2.3     7   10.9    0.4    3.3    3.81   977.28    70   -0.4    2.2   -995   -995   -995   -995   -995    -995    -995    -995
 KIN2   133  1185     96   -0.3    2.3    2.2     7   14.3    0.4    3.4    3.81   977.33    61   -0.3    2.1    4.3    1.5    4.0    5.7    7.9    -995    -995    -995
 KIN2   133  1190     96   -0.3    2.2    2.2     5   13.6    0.4    3.0    3.81   977.35    66   -0.3    2.2   -995   -995   -995   -995   -995    -995    -995    -995
 KIN2   133  1195     96   -0.2    2.1    2.1    15   13.0    0.3    2.7    3.81   977.36    99   -0.3    2.1   -995   -995   -995   -995   -995    -995    -995    -995
 KIN2   133  1200     96   -0.1    1.9    1.9    21    9.4    0.3    2.7    3.81   977.41   101   -0.2    1.9    4.3    1.6    4.0    5.7    7.9    1.46    1.57    1.44
 KIN2   133  1205     96   -0.1    2.0    1.9    22    9.5    0.3    2.7    3.81   977.48    99   -0.2    1.9   -995   -995   -995   -995   -995    -995    -995    -995
 KIN2   133  1210     96   -0.1    1.9    1.9    27   10.1    0.4    2.8    4.06   977.33   128   -0.1    1.9   -995   -995   -995   -995   -995    -995    -995    -995
 KIN2   133  1215     96   -0.1    2.0    2.0    33    9.9    0.3    2.7    4.06   977.36   136   -0.1    2.0    4.3    1.6    4.0    5.7    7.8    -995    -995    -995
 KIN2   133  1220     96    0.0    1.9    1.9    27    8.9    0.4    2.5    4.06   977.31   170   -0.1    2.0   -995   -995   -995   -995   -995    -995    -995    -995
 KIN2   133  1225     96    0.1    2.0    2.0    26    7.6    0.3    2.6    4.06   977.31   254    0.0    2.1   -995   -995   -995   -995   -995    -995    -995    -995
 KIN2   133  1230     96    0.2    2.1    2.1    22    8.9    0.4    3.1    4.06   977.31   270    0.0    2.2    4.3    1.6    3.9    5.6    7.8    1.45    1.56    1.44
 KIN2   133  1235     96    0.2    2.4    2.3    23    6.6    0.4    3.1    4.06   977.24   259    0.0    2.5   -995   -995   -995   -995   -995    -995    -995    -995
 KIN2   133  1240     96    0.3    2.3    2.2    14   12.4    0.4    3.1    4.06   977.11   240    0.1    2.3   -995   -995   -995   -995   -995    -995    -995    -995
 KIN2   133  1245     96    0.3    2.1    2.0    26    9.7    0.3    2.6    4.06   977.10   186    0.1    2.3    4.3    1.7    3.9    5.6    7.8    -995    -995    -995
 KIN2   133  1250     96    0.2    2.2    2.2    35    7.4    0.4    2.9    4.06   977.16   139    0.1    2.3   -995   -995   -995   -995   -995    -995    -995    -995
 KIN2   133  1255     96    0.3    2.2    2.1    26   10.7    0.3    3.1    4.06   977.08   140    0.2    2.3   -995   -995   -995   -995   -995    -995    -995    -995
 KIN2   133  1260     96    0.1    2.6    2.5    37    8.7    0.4    3.4    4.06   977.09   109    0.1    2.7    4.3    1.8    4.0    5.6    7.8    1.46    1.56    1.45
 KIN2   133  1265     96    0.1    2.4    2.3    30    9.7    0.4    3.5    4.06   977.07    99    0.0    2.4   -995   -995   -995   -995   -995    -995    -995    -995
 KIN2   133  1270     96    0.2    2.3    2.3    24    8.6    0.3    3.0    4.06   976.97   111    0.1    2.4   -995   -995   -995   -995   -995    -995    -995    -995
 KIN2   133  1275     96    0.2    2.3    2.3    17    9.4    0.4    3.1    4.06   976.92   128    0.1    2.4    4.3    1.9    4.0    5.6    7.8    -995    -995    -995
 KIN2   133  1280     96    0.4    2.0    2.0    11    9.7    0.4    3.0    4.06   976.92   124    0.2    2.0   -995   -995   -995   -995   -995    -995    -995    -995
 KIN2   133  1285     96    0.5    2.4    2.4   357   10.0    0.4    3.5    4.32   976.95   141    0.3    2.1   -995   -995   -995   -995   -995    -995    -995    -995
 KIN2   133  1290     96    0.6    2.3    2.2   356   18.9    0.4    3.5    4.32   976.92   145    0.4    2.2    4.4    2.0    4.0    5.6    7.8    1.45    1.56    1.45
 KIN2   133  1295     96    0.7    2.5    2.3   355   18.8    0.7    4.2    4.57   976.96   142    0.5    2.1   -995   -995   -995   -995   -995    -995    -995    -995
 KIN2   133  1300     95    0.8    2.8    2.7   351   12.6    0.6    4.1    4.57   976.98   120    0.6    2.1   -995   -995   -995   -995   -995    -995    -995    -995
 KIN2   133  1305     94    0.8    2.7    2.7   348   10.0    0.5    4.0    4.57   976.96   106    0.6    2.3    4.4    2.1    4.0    5.6    7.8    -995    -995    -995
 KIN2   133  1310     93    0.7    2.9    2.9   342    9.8    0.7    4.4    4.57   976.95    81    0.6    2.3   -995   -995   -995   -995   -995    -995    -995    -995
 KIN2   133  1315     93    0.6    2.7    2.6   343   15.8    0.6    3.9    4.83   976.94    57    0.5    2.0   -995   -995   -995   -995   -995    -995    -995    -995
 KIN2   133  1320     93    0.5    3.0    2.9   346    9.9    0.5    4.0    4.83   976.99    36    0.5    2.5    4.4    2.2    4.1    5.6    7.8    1.46    1.57    1.45
 KIN2   133  1325     93    0.3    3.1    3.1   356   11.6    0.6    4.6    4.83   977.04    23    0.3    2.5   -995   -995   -995   -995   -995    -995    -995    -995
 KIN2   133  1330     94    0.2    2.5    2.3     4   21.8    0.4    3.6    4.83   977.16    22    0.2    1.9   -995   -995   -995   -995   -995    -995    -995    -995
 KIN2   133  1335     96    0.0    2.4    2.3   355   19.7    0.5    3.4    4.83   977.11    24    0.0    1.8    4.4    2.3    4.1    5.7    7.8    -995    -995    -995
 KIN2   133  1340     97    0.0    2.4    2.3     1   13.5    0.6    3.7    4.83   977.15    19   -0.1    1.7   -995   -995   -995   -995   -995    -995    -995    -995
 KIN2   133  1345     97   -0.1    2.6    2.5   359   10.8    0.3    3.5    4.83   977.17    15   -0.2    1.9   -995   -995   -995   -995   -995    -995    -995    -995
 KIN2   133  1350     98   -0.1    2.5    2.5     5    7.2    0.3    3.2    4.83   977.22    13   -0.2    1.7    4.4    2.4    4.2    5.7    7.8    1.45    1.56    1.44
 KIN2   133  1355     99   -0.2    1.9    1.9   360   13.7    0.4    3.3    4.83   977.24     8   -0.2    1.2   -995   -995   -995   -995   -995    -995    -995    -995
 KIN2   133  1360     99   -0.2    1.7    1.6     6   13.4    0.3    2.4    4.83   977.24     5   -0.2    1.0   -995   -995   -995   -995   -995    -995    -995    -995
 KIN2   133  1365     99   -0.2    1.6    1.5   355   10.6    0.4    2.6    4.83   977.22     4   -0.2    0.9    4.4    2.3    4.1    5.7    7.8    -995    -995    -995
 KIN2   133  1370     99   -0.2    1.7    1.6   352   12.3    0.3    2.4    4.83   977.15     5   -0.2    1.0   -995   -995   -995   -995   -995    -995    -995    -995
 KIN2   133  1375     99   -0.2    2.2    2.1   348   10.4    0.3    2.9    4.83   977.15     6   -0.2    1.2   -995   -995   -995   -995   -995    -995    -995    -995
 KIN2   133  1380     99   -0.2    1.9    1.8   345   11.0    0.5    3.1    4.83   977.07     6   -0.2    1.1    4.5    2.3    4.1    5.7    7.8    1.45    1.56    1.45
 KIN2   133  1385     99   -0.2    1.9    1.9   347    9.6    0.3    2.7    4.83   977.09     4   -0.2    1.2   -995   -995   -995   -995   -995    -995    -995    -995
 KIN2   133  1390     99   -0.2    2.0    1.9   344   17.0    0.5    3.0    4.83   977.12     3   -0.2    1.1   -995   -995   -995   -995   -995    -995    -995    -995
 KIN2   133  1395     99   -0.2    2.5    2.4   340   12.8    0.6    4.2    4.83   977.12     3   -0.2    1.6    4.5    2.2    4.1    5.7    7.8    -995    -995    -995
 KIN2   133  1400     99   -0.2    2.8    2.7   344   12.1    0.5    3.9    4.83   977.16     2   -0.2    1.8   -995   -995   -995   -995   -995    -995    -995    -995
 KIN2   133  1405     99   -0.2    2.8    2.7   349   14.6    0.7    4.6    4.83   977.21     1   -0.2    1.7   -995   -995   -995   -995   -995    -995    -995    -995
 KIN2   133  1410     99   -0.2    2.9    2.9   352   12.1    0.7    4.5    4.83   977.24     1   -0.2    1.9    4.4    2.2    4.1    5.7    7.8    1.46    1.57    1.45
 KIN2   133  1415    100   -0.2    2.9    2.9   357   11.3    0.5    4.2    4.83   977.23     0   -0.3    1.9   -995   -995   -995   -995   -995    -995    -995    -995
 KIN2   133  1420    100   -0.2    2.8    2.7   356    9.4    0.5    4.2    4.83   977.23     0   -0.3    1.8   -995   -995   -995   -995   -995    -995    -995    -995
 KIN2   133  1425    100   -0.2    2.6    2.6     1    9.5    0.5    3.7    4.83   977.24     0   -0.3    1.7    4.4    2.1    4.1    5.7    7.8    -995    -995    -995
 KIN2   133  1430    100   -0.2    2.5    2.4   357   11.2    0.4    3.5    4.83   977.24     0   -0.3    1.4   -995   -995   -995   -995   -995    -995    -995    -995
 KIN2   133  1435    100   -0.2    2.3    2.2   352   12.0    0.5    3.2    4.83   977.28     0   -0.3    1.4   -995   -995   -995   -995   -995    -995    -995    -995
</pre>