<pre>  101 ! (c) 2019 Oklahoma Climatological Survey and the Oklahoma Mesonet - all rights reserved
  21 2019 07 19 00 00 00
 STID  STNM  TIME   RELH   TAIR   WSPD   WVEC  WDIR   WDSD   WSSD   WMAX    RAIN     PRES  SRAD   TA9M   WS2M   TS10   TB10   TS05   TS25   TS60    TR05    TR25    TR60
 KIN2   133     0     40   35.9    9.8    9.7   185    8.9    1.2   11.9    0.00   970.37   268   35.8    7.6   29.0   -999   29.1   26.9   24.6    3.73    3.79    3.75
 KIN2   133     5     40   35.8   10.4   10.3   186    7.3    1.6   14.0    0.00   970.41   251   35.7    7.9   -995   -995   -995   -995   -995    -995    -995    -995
 KIN2   133    10     41   35.6   10.8   10.7   181    6.9    1.6   14.5    0.00   970.46   236   35.5    8.0   -995   -995   -995   -995   -995    -995    -995    -995
 KIN2   133    15     40   35.5   11.1   11.0   182    6.3    1.6   14.3    0.00   970.48   218   35.4    8.3   29.0   -999   29.0   27.0   24.6    -995    -995    -995
 KIN2   133    20     41   35.4   10.3   10.2   184    6.6    1.4   13.8    0.00   970.50   203   35.3    7.9   -995   -995   -995   -995   -995    -995    -995    -995
 KIN2   133    25     41   35.3   10.9   10.8   188    6.6    1.1   13.3    0.00   970.51   188   35.3    8.2   -995   -995   -995   -995   -995    -995    -995    -995
 KIN2   133    30     41   35.3    9.7    9.6   188    8.9    1.4   12.7    0.00   970.51   174   35.3    7.3   29.0   -999   29.0   27.0   24.6    3.73    3.80    3.75
 KIN2   133    35     42   35.1    9.6    9.5   184    7.0    1.2   12.1    0.00   970.52   158   35.2    7.3   -995   -995   -995   -995   -995    -995    -995    -995
 KIN2   133    40     42   35.0    8.6    8.6   178    7.7    1.4   11.6    0.00   970.56   143   35.1    6.5   -995   -995   -995   -995   -995    -995    -995    -995
 KIN2   133    45     43   34.7    9.2    9.2   180    7.6    1.4   11.8    0.00   970.64   130   34.9    7.1   28.9   -999   29.0   27.0   24.6    -995    -995    -995
 KIN2   133    50     44   34.6    9.1    9.0   178    7.7    1.2   11.4    0.00   970.70   116   34.8    7.1   -995   -995   -995   -995   -995    -995    -995    -995
 KIN2   133    55     44   34.5    9.9    9.8   176    6.7    1.2   12.8    0.00   970.75   102   34.7    7.6   -995   -995   -995   -995   -995    -995    -995    -995
 KIN2   133    60     44   34.3    9.8    9.7   176    6.9    1.3   12.3    0.00   970.77    88   34.5    7.5   28.9   -999   28.9   27.0   24.6    3.72    3.78    3.74
 KIN2   133    65     44   34.2    9.3    9.2   174    6.9    1.0   12.0    0.00   970.81    73   34.4    7.2   -995   -995   -995   -995   -995    -995    -995    -995
 KIN2   133    70     45   33.9    8.8    8.7   178    7.6    1.4   11.5    0.00   970.84    59   34.2    6.6   -995   -995   -995   -995   -995    -995    -995    -995
 KIN2   133    75     45   33.8    8.2    8.1   174    7.4    1.3   11.3    0.00   970.84    46   34.1    6.2   28.9   -999   28.9   27.1   24.7    -995    -995    -995
 KIN2   133    80     46   33.5    8.1    8.1   177    5.6    1.1   11.1    0.00   970.84    35   33.9    6.2   -995   -995   -995   -995   -995    -995    -995    -995
 KIN2   133    85     46   33.4    7.4    7.4   175    6.6    1.4   10.4    0.00   970.89    25   33.8    5.7   -995   -995   -995   -995   -995    -995    -995    -995
 KIN2   133    90     46   33.3    8.8    8.8   176    6.4    1.2   12.0    0.00   970.89    18   33.7    6.8   28.8   -999   28.9   27.1   24.7    3.73    3.79    3.75
 KIN2   133    95     46   33.2    8.1    8.1   174    6.1    1.4   11.1    0.00   970.92    13   33.6    6.3   -995   -995   -995   -995   -995    -995    -995    -995
 KIN2   133   100     47   33.1    8.0    7.9   176    8.1    1.0   10.2    0.00   970.94     9   33.5    6.4   -995   -995   -995   -995   -995    -995    -995    -995
 KIN2   133   105     48   32.8    5.9    5.9   169    6.8    0.8    7.7    0.00   971.00     5   33.2    4.5   28.8   -999   28.8   27.1   24.7    -995    -995    -995
 KIN2   133   110     49   32.5    6.3    6.2   167    8.7    1.0    8.7    0.00   970.99     4   33.0    4.8   -995   -995   -995   -995   -995    -995    -995    -995
 KIN2   133   115     49   32.3    6.5    6.4   167    7.8    1.2    9.0    0.00   971.02     2   32.8    5.1   -995   -995   -995   -995   -995    -995    -995    -995
 KIN2   133   120     49   32.3    7.6    7.6   168    7.1    1.0    9.6    0.00   971.04     1   32.8    5.8   28.7   -999   28.7   27.1   24.7    3.74    3.79    3.75
 KIN2   133   125     49   32.1    6.2    6.2   165    5.8    1.2    9.1    0.00   971.08     1   32.6    4.8   -995   -995   -995   -995   -995    -995    -995    -995
 KIN2   133   130     50   32.0    6.6    6.6   165    6.9    0.8    8.4    0.00   971.11     0   32.5    5.2   -995   -995   -995   -995   -995    -995    -995    -995
 KIN2   133   135     49   31.9    7.0    7.0   170    7.4    1.4   11.4    0.00   971.13     0   32.4    5.3   28.6   -999   28.6   27.1   24.6    -995    -995    -995
 KIN2   133   140     49   31.9    8.3    8.3   171    5.7    1.2   10.9    0.00   971.13     0   32.4    6.5   -995   -995   -995   -995   -995    -995    -995    -995
 KIN2   133   145     49   31.8    8.1    8.0   172    7.5    1.0   10.6    0.00   971.21     0   32.3    6.0   -995   -995   -995   -995   -995    -995    -995    -995
 KIN2   133   150     49   31.7    7.3    7.2   170    7.5    1.0    9.7    0.00   971.23     0   32.1    5.8   28.6   -999   28.5   27.1   24.6    3.72    3.78    3.75
 KIN2   133   155     49   31.6    7.7    7.6   169    6.7    1.2   11.1    0.00   971.22     0   32.0    5.8   -995   -995   -995   -995   -995    -995    -995    -995
 KIN2   133   160     50   31.5    6.9    6.8   166    7.1    1.3    9.2    0.00   971.28     0   31.9    5.2   -995   -995   -995   -995   -995    -995    -995    -995
 KIN2   133   165     50   31.4    7.4    7.3   168    7.1    1.3   10.1    0.00   971.34     0   31.9    5.8   28.5   -999   28.4   27.1   24.6    -995    -995    -995
 KIN2   133   170     50   31.3    7.4    7.3   168    9.6    1.1   10.2    0.00   971.43     0   31.8    5.4   -995   -995   -995   -995   -995    -995    -995    -995
 KIN2   133   175     50   31.2    7.2    7.2   168    7.8    0.9    9.4    0.00   971.48     0   31.7    5.5   -995   -995   -995   -995   -995    -995    -995    -995
 KIN2   133   180     51   31.1    6.6    6.5   168    7.2    1.0    9.3    0.00   971.54     0   31.5    5.1   28.4   -999   28.4   27.1   24.6    3.74    3.79    3.74
 KIN2   133   185     51   31.0    7.1    7.0   167    6.8    1.3   10.1    0.00   971.59     0   31.5    5.4   -995   -995   -995   -995   -995    -995    -995    -995
 KIN2   133   190     51   31.0    7.6    7.5   171    8.6    1.2   11.3    0.00   971.63     0   31.5    6.0   -995   -995   -995   -995   -995    -995    -995    -995
 KIN2   133   195     51   31.0    7.4    7.3   171    7.5    1.2   10.2    0.00   971.68     0   31.4    5.9   28.4   -999   28.3   27.1   24.6    -995    -995    -995
 KIN2   133   200     52   30.9    7.3    7.3   169    6.9    1.1   10.1    0.00   971.74     0   31.4    5.5   -995   -995   -995   -995   -995    -995    -995    -995
 KIN2   133   205     52   30.9    7.6    7.5   170    7.7    1.1   10.5    0.00   971.80     0   31.3    5.7   -995   -995   -995   -995   -995    -995    -995    -995
 KIN2   133   210     52   30.8    7.5    7.4   169    7.8    1.3   10.9    0.00   971.83     0   31.2    5.8   28.3   -999   28.2   27.0   24.6    3.74    3.78    3.74
 KIN2   133   215     52   30.6    6.8    6.7   170    7.1    1.1    8.9    0.00   971.87     0   31.1    5.0   -995   -995   -995   -995   -995    -995    -995    -995
 KIN2   133   220     53   30.6    6.7    6.6   168    9.3    1.2    9.6    0.00   971.93     0   31.0    5.2   -995   -995   -995   -995   -995    -995    -995    -995
 KIN2   133   225     53   30.5    7.0    6.9   167    7.6    1.1    9.6    0.00   971.99     0   31.0    5.3   28.2   -999   28.1   27.0   24.6    -995    -995    -995
 KIN2   133   230     53   30.4    6.6    6.6   165    6.9    1.1    9.4    0.00   972.02     0   30.9    5.2   -995   -995   -995   -995   -995    -995    -995    -995
 KIN2   133   235     54   30.3    6.8    6.7   169    8.9    1.2    9.6    0.00   972.09     0   30.8    5.2   -995   -995   -995   -995   -995    -995    -995    -995
 KIN2   133   240     54   30.3    7.2    7.1   169    7.3    1.0    9.4    0.00   972.12     0   30.8    5.6   28.2   -999   28.1   27.0   24.6    3.74    3.78    3.74
 KIN2   133   245     54   30.2    7.0    7.0   171    6.7    1.1    9.6    0.00   972.10     0   30.6    5.3   -995   -995   -995   -995   -995    -995    -995    -995
 KIN2   133   250     55   30.2    7.2    7.1   169    6.0    0.9    9.2    0.00   972.12     0   30.6    5.5   -995   -995   -995   -995   -995    -995    -995    -995
 KIN2   133   255     55   30.0    6.9    6.8   171    6.8    1.1   10.0    0.00   972.12     0   30.5    5.3   28.1   -999   28.0   27.0   24.6    -995    -995    -995
 KIN2   133   260     55   29.9    7.3    7.2   171    7.0    1.1   10.3    0.00   972.09     0   30.4    5.4   -995   -995   -995   -995   -995    -995    -995    -995
 KIN2   133   265     55   29.9    7.0    6.9   172    6.4    1.0    9.5    0.00   972.10     0   30.3    5.4   -995   -995   -995   -995   -995    -995    -995    -995
 KIN2   133   270     56   29.8    7.4    7.3   172    7.6    1.0   10.2    0.00   972.16     0   30.3    5.5   28.1   -999   28.0   27.0   24.6    3.74    3.79    3.75
 KIN2   133   275     56   29.8    6.9    6.9   174    7.5    1.1    9.7    0.00   972.18     0   30.2    5.3   -995   -995   -995   -995   -995    -995    -995    -995
 KIN2   133   280     56   29.6    6.6    6.5   173    7.1    1.0    9.1    0.00   972.21     0   30.1    4.8   -995   -995   -995   -995   -995    -995    -995    -995
 KIN2   133   285     57   29.6    7.0    6.9   169    8.8    1.2    9.7    0.00   972.21     0   30.1    5.2   28.0   -999   27.9   27.0   24.6    -995    -995    -995
 KIN2   133   290     57   29.6    6.6    6.5   171    7.4    1.0    9.9    0.00   972.21     0   30.0    5.0   -995   -995   -995   -995   -995    -995    -995    -995
 KIN2   133   295     57   29.6    7.6    7.5   172    7.2    1.3   10.6    0.00   972.24     0   30.1    5.8   -995   -995   -995   -995   -995    -995    -995    -995
 KIN2   133   300     57   29.5    7.4    7.4   174    7.1    1.1    9.8    0.00   972.26     0   30.0    5.6   28.0   -999   27.9   27.0   24.6    3.73    3.79    3.74
 KIN2   133   305     57   29.5    7.3    7.2   174    6.8    1.1   10.4    0.00   972.28     0   30.0    5.5   -995   -995   -995   -995   -995    -995    -995    -995
 KIN2   133   310     57   29.5    7.6    7.5   174    7.5    1.0    9.9    0.00   972.26     0   29.9    5.9   -995   -995   -995   -995   -995    -995    -995    -995
 KIN2   133   315     57   29.4    7.5    7.4   173    6.6    1.1   10.3    0.00   972.29     0   29.9    5.6   27.9   -999   27.8   27.0   24.6    -995    -995    -995
 KIN2   133   320     57   29.5    8.2    8.1   174    7.2    1.3   10.6    0.00   972.28     0   29.9    6.3   -995   -995   -995   -995   -995    -995    -995    -995
 KIN2   133   325     57   29.5    8.0    8.0   174    7.1    1.1   11.0    0.00   972.32     0   29.9    6.3   -995   -995   -995   -995   -995    -995    -995    -995
 KIN2   133   330     57   29.4    8.2    8.1   176    7.2    1.4   10.7    0.00   972.36     0   29.8    6.3   27.9   -999   27.7   27.0   24.6    3.74    3.79    3.75
 KIN2   133   335     57   29.4    7.6    7.5   175    7.9    1.1   10.3    0.00   972.38     0   29.8    5.9   -995   -995   -995   -995   -995    -995    -995    -995
 KIN2   133   340     57   29.4    8.0    7.9   174    6.1    1.2   10.3    0.00   972.39     0   29.8    6.2   -995   -995   -995   -995   -995    -995    -995    -995
 KIN2   133   345     58   29.3    7.5    7.4   174    7.5    1.2   10.1    0.00   972.40     0   29.7    5.6   27.8   -999   27.7   27.0   24.6    -995    -995    -995
 KIN2   133   350     58   29.2    7.6    7.6   175    6.3    1.3   11.9    0.00   972.41     0   29.6    5.9   -995   -995   -995   -995   -995    -995    -995    -995
 KIN2   133   355     58   29.3    8.6    8.5   175    7.8    1.3   12.4    0.00   972.42     0   29.7    6.6   -995   -995   -995   -995   -995    -995    -995    -995
 KIN2   133   360     58   29.2    8.0    7.9   176    8.1    1.2   11.2    0.00   972.47     0   29.6    6.0   27.8   -999   27.6   27.0   24.6    3.74    3.80    3.75
 KIN2   133   365     59   29.1    7.5    7.5   173    6.7    1.0   10.3    0.00   972.53     0   29.5    6.0   -995   -995   -995   -995   -995    -995    -995    -995
 KIN2   133   370     59   29.0    7.3    7.3   175    6.1    0.8    9.6    0.00   972.61     0   29.4    5.6   -995   -995   -995   -995   -995    -995    -995    -995
 KIN2   133   375     59   29.0    8.4    8.3   176    7.4    1.3   10.9    0.00   972.61     0   29.4    6.2   27.7   -999   27.6   26.9   24.6    -995    -995    -995
 KIN2   133   380     60   28.9    8.7    8.7   178    6.8    1.2   11.3    0.00   972.62     0   29.3    6.6   -995   -995   -995   -995   -995    -995    -995    -995
 KIN2   133   385     60   28.9    8.6    8.6   177    7.5    1.2   11.6    0.00   972.65     0   29.2    6.7   -995   -995   -995   -995   -995    -995    -995    -995
 KIN2   133   390     60   28.8    8.4    8.4   177    6.9    1.2   11.3    0.00   972.63     0   29.1    6.5   27.7   -999   27.6   26.9   24.6    3.75    3.79    3.75
 KIN2   133   395     61   28.7    8.0    8.0   178    6.2    1.1   11.0    0.00   972.60     0   29.0    6.0   -995   -995   -995   -995   -995    -995    -995    -995
 KIN2   133   400     61   28.6    8.1    8.1   178    7.5    1.0   10.4    0.00   972.59     0   29.0    6.3   -995   -995   -995   -995   -995    -995    -995    -995
 KIN2   133   405     62   28.5    8.6    8.5   178    7.5    1.1   11.0    0.00   972.57     0   28.9    6.3   27.6   -999   27.5   26.9   24.6    -995    -995    -995
 KIN2   133   410     62   28.5    7.8    7.7   181    6.4    1.1   10.0    0.00   972.56     0   28.8    6.2   -995   -995   -995   -995   -995    -995    -995    -995
 KIN2   133   415     62   28.4    8.2    8.1   182    5.7    1.1   10.1    0.00   972.53     0   28.7    6.1   -995   -995   -995   -995   -995    -995    -995    -995
 KIN2   133   420     62   28.3    8.3    8.3   182    5.8    1.3   11.0    0.00   972.51     0   28.7    6.6   27.6   -999   27.5   26.9   24.6    3.74    3.79    3.75
 KIN2   133   425     62   28.3    8.1    8.0   181    6.6    1.2   10.9    0.00   972.52     0   28.6    6.1   -995   -995   -995   -995   -995    -995    -995    -995
 KIN2   133   430     63   28.2    7.9    7.8   182    7.2    1.1    9.8    0.00   972.52     0   28.6    6.0   -995   -995   -995   -995   -995    -995    -995    -995
 KIN2   133   435     63   28.1    7.6    7.5   182    6.3    1.1   10.6    0.00   972.47     0   28.5    5.8   27.6   -999   27.5   26.9   24.6    -995    -995    -995
 KIN2   133   440     63   28.1    7.7    7.7   184    5.9    0.9    9.5    0.00   972.46     0   28.5    6.0   -995   -995   -995   -995   -995    -995    -995    -995
 KIN2   133   445     63   28.1    7.8    7.8   182    6.0    1.0   10.5    0.00   972.43     0   28.5    5.9   -995   -995   -995   -995   -995    -995    -995    -995
 KIN2   133   450     63   28.1    7.9    7.8   182    7.1    1.2   10.8    0.00   972.39     0   28.5    6.0   27.5   -999   27.4   26.9   24.6    3.75    3.79    3.75
 KIN2   133   455     63   28.1    7.5    7.5   184    6.6    0.9   10.2    0.00   972.42     0   28.5    5.8   -995   -995   -995   -995   -995    -995    -995    -995
 KIN2   133   460     63   28.1    7.9    7.9   181    6.9    1.3   10.8    0.00   972.42     0   28.5    6.1   -995   -995   -995   -995   -995    -995    -995    -995
 KIN2   133   465     63   28.1    7.9    7.8   185    7.3    1.2    9.9    0.00   972.41     0   28.5    5.8   27.5   -999   27.4   26.9   24.6    -995    -995    -995
 KIN2   133   470     63   28.0    6.9    6.8   184    6.6    0.9    9.6    0.00   972.42     0   28.4    5.1   -995   -995   -995   -995   -995    -995    -995    -995
 KIN2   133   475     63   27.9    6.9    6.9   183    7.0    1.0   10.1    0.00   972.45     0   28.4    4.9   -995   -995   -995   -995   -995    -995    -995    -995
 KIN2   133   480     63   28.0    7.5    7.4   184    6.2    1.1   10.4    0.00   972.44     0   28.4    5.8   27.4   -999   27.3   26.9   24.6    3.75    3.79    3.75
 KIN2   133   485     63   27.9    6.9    6.9   185    7.4    1.0    8.9    0.00   972.37     0   28.3    5.2   -995   -995   -995   -995   -995    -995    -995    -995
 KIN2   133   490     63   28.0    7.7    7.6   184    6.9    1.0   10.2    0.00   972.31     0   28.4    5.8   -995   -995   -995   -995   -995    -995    -995    -995
 KIN2   133   495     63   28.0    7.9    7.8   187    6.8    1.0   10.9    0.00   972.26     0   28.4    6.0   27.4   -999   27.3   26.8   24.6    -995    -995    -995
 KIN2   133   500     63   27.9    7.0    6.9   189    7.2    1.0    9.1    0.00   972.23     0   28.2    5.5   -995   -995   -995   -995   -995    -995    -995    -995
 KIN2   133   505     63   27.9    7.3    7.3   188    5.9    0.9    9.5    0.00   972.20     0   28.2    5.6   -995   -995   -995   -995   -995    -995    -995    -995
 KIN2   133   510     63   27.9    7.8    7.7   190    7.8    0.9   10.3    0.00   972.18     0   28.3    5.9   27.4   -999   27.3   26.8   24.6    3.75    3.79    3.75
 KIN2   133   515     63   27.9    7.5    7.4   191    8.0    1.2   10.6    0.00   972.23     0   28.2    5.8   -995   -995   -995   -995   -995    -995    -995    -995
 KIN2   133   520     63   27.9    8.0    8.0   190    7.0    1.1   10.2    0.00   972.30     0   28.2    6.1   -995   -995   -995   -995   -995    -995    -995    -995
 KIN2   133   525     63   27.8    7.8    7.7   190    7.3    1.0   11.5    0.00   972.29     0   28.2    5.9   27.3   -999   27.2   26.8   24.6    -995    -995    -995
 KIN2   133   530     64   27.8    7.9    7.8   189    6.7    1.2   10.9    0.00   972.26     0   28.1    5.9   -995   -995   -995   -995   -995    -995    -995    -995
 KIN2   133   535     63   27.8    8.1    8.0   190    6.2    1.2   10.9    0.00   972.25     0   28.1    6.1   -995   -995   -995   -995   -995    -995    -995    -995
 KIN2   133   540     64   27.7    7.6    7.5   191    5.5    1.2   10.5    0.00   972.24     0   28.1    5.8   27.3   -999   27.2   26.8   24.6    3.74    3.79    3.75
 KIN2   133   545     64   27.5    7.4    7.3   190    6.2    1.2   10.6    0.00   972.22     0   28.0    5.4   -995   -995   -995   -995   -995    -995    -995    -995
 KIN2   133   550     64   27.5    7.7    7.7   193    6.7    1.1   10.0    0.00   972.20     0   27.9    5.9   -995   -995   -995   -995   -995    -995    -995    -995
 KIN2   133   555     65   27.5    7.6    7.5   192    6.4    0.9   10.1    0.00   972.15     0   27.9    5.9   27.3   -999   27.2   26.8   24.6    -995    -995    -995
 KIN2   133   560     65   27.4    7.7    7.7   192    6.8    1.0   10.2    0.00   972.11     0   27.8    5.7   -995   -995   -995   -995   -995    -995    -995    -995
 KIN2   133   565     65   27.5    8.5    8.5   193    5.5    1.3   11.5    0.00   972.09     0   27.8    6.2   -995   -995   -995   -995   -995    -995    -995    -995
 KIN2   133   570     65   27.4    7.3    7.3   192    6.0    1.1    9.9    0.00   972.12     0   27.7    5.3   27.2   -999   27.1   26.8   24.7    3.76    3.79    3.75
 KIN2   133   575     66   27.2    7.4    7.3   191    6.3    1.0    9.4    0.00   972.12     0   27.6    5.5   -995   -995   -995   -995   -995    -995    -995    -995
 KIN2   133   580     66   27.3    7.4    7.4   190    6.5    1.2    9.8    0.00   972.14     0   27.7    5.6   -995   -995   -995   -995   -995    -995    -995    -995
 KIN2   133   585     66   27.2    7.4    7.4   189    5.9    1.2    9.8    0.00   972.12     0   27.6    5.7   27.2   -999   27.1   26.8   24.7    -995    -995    -995
 KIN2   133   590     66   27.2    7.2    7.2   190    6.3    0.9   10.1    0.00   972.12     0   27.5    5.3   -995   -995   -995   -995   -995    -995    -995    -995
 KIN2   133   595     67   27.1    6.7    6.7   190    6.8    0.9    9.0    0.00   972.14     0   27.4    5.0   -995   -995   -995   -995   -995    -995    -995    -995
 KIN2   133   600     67   27.1    7.6    7.6   190    7.5    1.0   10.0    0.00   972.14     0   27.5    5.7   27.2   -999   27.1   26.7   24.7    3.76    3.80    3.75
 KIN2   133   605     67   27.0    7.5    7.5   189    6.5    1.0    9.6    0.00   972.18     0   27.4    5.7   -995   -995   -995   -995   -995    -995    -995    -995
 KIN2   133   610     67   27.0    7.1    7.0   191    6.8    1.0    9.6    0.00   972.22     0   27.4    5.3   -995   -995   -995   -995   -995    -995    -995    -995
 KIN2   133   615     68   26.9    6.7    6.6   194    6.7    0.9    8.5    0.00   972.25     0   27.3    4.9   27.1   -999   27.0   26.7   24.7    -995    -995    -995
 KIN2   133   620     68   26.9    6.9    6.9   191    6.8    1.0    9.1    0.00   972.22     0   27.3    5.3   -995   -995   -995   -995   -995    -995    -995    -995
 KIN2   133   625     68   26.8    6.7    6.6   189    6.1    1.0    8.7    0.00   972.21     0   27.2    5.0   -995   -995   -995   -995   -995    -995    -995    -995
 KIN2   133   630     68   26.8    6.9    6.9   190    6.0    1.0    9.2    0.00   972.24     0   27.2    5.3   27.1   -999   27.0   26.7   24.7    3.75    3.79    3.76
 KIN2   133   635     68   26.7    6.7    6.7   190    6.2    1.0    9.1    0.00   972.28     0   27.1    5.0   -995   -995   -995   -995   -995    -995    -995    -995
 KIN2   133   640     69   26.7    6.8    6.8   191    6.1    0.9    8.8    0.00   972.29     0   27.1    5.1   -995   -995   -995   -995   -995    -995    -995    -995
 KIN2   133   645     69   26.7    7.6    7.6   189    6.2    1.1   10.2    0.00   972.27     0   27.1    5.9   27.1   -999   27.0   26.7   24.7    -995    -995    -995
 KIN2   133   650     69   26.7    7.4    7.3   190    7.2    0.9    9.7    0.00   972.32     0   27.1    5.4   -995   -995   -995   -995   -995    -995    -995    -995
 KIN2   133   655     69   26.6    7.5    7.5   190    6.4    1.0    9.5    0.00   972.37     0   27.0    5.8   -995   -995   -995   -995   -995    -995    -995    -995
 KIN2   133   660     69   26.6    7.2    7.1   190    6.8    0.9    9.6    0.00   972.41     0   27.0    5.5   27.0   -999   27.0   26.7   24.7    3.76    3.79    3.75
 KIN2   133   665     69   26.6    7.5    7.5   188    6.4    0.9   10.0    0.00   972.46     0   27.0    5.9   -995   -995   -995   -995   -995    -995    -995    -995
 KIN2   133   670     69   26.6    7.4    7.3   191    7.4    0.8    9.5    0.00   972.51     0   26.9    5.7   -995   -995   -995   -995   -995    -995    -995    -995
 KIN2   133   675     70   26.5    7.3    7.3   189    6.6    0.9    9.9    0.00   972.51     1   26.9    5.5   27.0   -999   26.9   26.7   24.7    -995    -995    -995
 KIN2   133   680     70   26.5    7.7    7.6   192    6.4    1.0   10.2    0.00   972.52     1   26.9    6.0   -995   -995   -995   -995   -995    -995    -995    -995
 KIN2   133   685     70   26.5    7.0    7.0   191    6.8    0.8    9.4    0.00   972.54     2   26.8    5.5   -995   -995   -995   -995   -995    -995    -995    -995
 KIN2   133   690     70   26.5    7.7    7.6   189    6.4    0.9    9.7    0.00   972.53     4   26.8    5.8   27.0   -999   26.9   26.6   24.7    3.76    3.79    3.75
 KIN2   133   695     71   26.4    6.9    6.9   191    6.7    1.0    9.3    0.00   972.56     6   26.7    5.2   -995   -995   -995   -995   -995    -995    -995    -995
 KIN2   133   700     71   26.4    6.8    6.8   191    7.1    1.2    9.1    0.00   972.59    10   26.7    5.2   -995   -995   -995   -995   -995    -995    -995    -995
 KIN2   133   705     71   26.4    6.6    6.6   192    7.1    0.9    9.1    0.00   972.64    15   26.7    5.2   26.9   -999   26.9   26.6   24.7    -995    -995    -995
 KIN2   133   710     71   26.5    7.4    7.4   193    6.9    0.8    9.7    0.00   972.66    22   26.8    5.6   -995   -995   -995   -995   -995    -995    -995    -995
 KIN2   133   715     70   26.6    7.8    7.8   194    6.0    0.9    9.7    0.00   972.68    31   26.8    6.1   -995   -995   -995   -995   -995    -995    -995    -995
 KIN2   133   720     70   26.7    8.0    8.0   195    6.0    0.9    9.9    0.00   972.71    41   26.9    6.3   26.9   -999   26.8   26.6   24.7    3.75    3.79    3.74
 KIN2   133   725     70   26.7    7.0    7.0   195    5.5    0.8    8.5    0.00   972.76    53   26.9    5.4   -995   -995   -995   -995   -995    -995    -995    -995
 KIN2   133   730     70   26.7    6.8    6.8   194    7.2    1.1    9.7    0.00   972.79    68   26.9    5.4   -995   -995   -995   -995   -995    -995    -995    -995
 KIN2   133   735     70   26.9    7.3    7.2   194    7.8    1.0    9.7    0.00   972.79    82   27.0    5.7   26.8   -999   26.8   26.5   24.6    -995    -995    -995
 KIN2   133   740     69   27.0    7.5    7.4   195    6.6    1.0    9.6    0.00   972.81    96   27.1    5.7   -995   -995   -995   -995   -995    -995    -995    -995
 KIN2   133   745     69   27.1    8.1    8.0   195    6.7    1.2   10.7    0.00   972.81   110   27.2    6.3   -995   -995   -995   -995   -995    -995    -995    -995
 KIN2   133   750     68   27.3    7.9    7.9   197    6.6    1.4   11.3    0.00   972.84   123   27.3    6.3   26.8   -999   26.7   26.5   24.6    3.75    3.80    3.74
 KIN2   133   755     68   27.4    7.7    7.7   196    6.2    1.0   10.2    0.00   972.87   137   27.4    6.2   -995   -995   -995   -995   -995    -995    -995    -995
 KIN2   133   760     67   27.5    7.9    7.8   194    7.1    1.1   10.3    0.00   972.88   151   27.5    6.2   -995   -995   -995   -995   -995    -995    -995    -995
 KIN2   133   765     67   27.7    8.1    8.1   196    7.0    1.1   11.8    0.00   972.87   165   27.6    6.3   26.7   -999   26.7   26.5   24.6    -995    -995    -995
 KIN2   133   770     66   27.8    8.6    8.5   202    7.2    1.1   10.8    0.00   972.85   180   27.6    6.7   -995   -995   -995   -995   -995    -995    -995    -995
 KIN2   133   775     66   28.0    7.6    7.5   198    9.4    0.9    9.4    0.00   972.90   195   27.8    5.8   -995   -995   -995   -995   -995    -995    -995    -995
 KIN2   133   780     65   28.1    8.6    8.6   199    7.0    1.3   11.6    0.00   972.91   210   27.9    6.5   26.7   -999   26.7   26.4   24.6    3.76    3.79    3.75
 KIN2   133   785     65   28.2    8.2    8.2   199    6.1    1.2   10.7    0.00   972.96   226   28.0    6.3   -995   -995   -995   -995   -995    -995    -995    -995
 KIN2   133   790     65   28.4    8.4    8.3   199    7.7    1.0   11.1    0.00   973.00   243   28.1    6.6   -995   -995   -995   -995   -995    -995    -995    -995
 KIN2   133   795     65   28.4   10.0    9.9   200    5.5    1.2   13.0    0.00   972.99   259   28.0    7.6   26.7   -999   26.7   26.4   24.6    -995    -995    -995
 KIN2   133   800     64   28.6    9.0    8.9   201    7.8    1.2   11.6    0.00   972.99   275   28.3    7.1   -995   -995   -995   -995   -995    -995    -995    -995
 KIN2   133   805     64   28.7    9.3    9.2   200    6.2    1.2   11.7    0.00   972.98   292   28.3    7.4   -995   -995   -995   -995   -995    -995    -995    -995
 KIN2   133   810     63   28.9    8.9    8.9   201    7.9    1.2   11.3    0.00   973.00   310   28.4    7.0   26.6   -999   26.7   26.4   24.6    3.75    3.79    3.75
 KIN2   133   815     63   29.0    9.5    9.4   202    7.2    1.2   11.7    0.00   972.99   326   28.5    7.4   -995   -995   -995   -995   -995    -995    -995    -995
 KIN2   133   820     63   29.1   10.0    9.9   200    6.3    1.2   12.1    0.00   972.97   344   28.6    7.6   -995   -995   -995   -995   -995    -995    -995    -995
 KIN2   133   825     62   29.4    8.7    8.6   201    7.0    1.4   12.7    0.00   972.99   361   28.8    6.8   26.6   -999   26.7   26.4   24.6    -995    -995    -995
 KIN2   133   830     62   29.5    9.0    8.9   203    8.5    1.4   12.0    0.00   973.02   378   28.9    7.2   -995   -995   -995   -995   -995    -995    -995    -995
 KIN2   133   835     61   29.6    8.6    8.6   203    7.2    1.2   11.8    0.00   973.07   394   29.1    6.9   -995   -995   -995   -995   -995    -995    -995    -995
 KIN2   133   840     61   29.8   10.0    9.9   202    7.0    1.4   13.5    0.00   973.09   410   29.1    7.7   26.6   -999   26.7   26.4   24.6    3.75    3.80    3.75
 KIN2   133   845     61   29.9    9.2    9.1   199    7.5    1.2   11.7    0.00   973.16   428   29.3    7.2   -995   -995   -995   -995   -995    -995    -995    -995
 KIN2   133   850     60   29.9    9.9    9.8   203    7.7    1.2   12.2    0.00   973.13   445   29.2    7.7   -995   -995   -995   -995   -995    -995    -995    -995
 KIN2   133   855     60   30.2    8.4    8.3   206    8.8    1.3   11.4    0.00   973.18   461   29.5    6.7   26.6   -999   26.7   26.4   24.6    -995    -995    -995
 KIN2   133   860     59   30.3    9.2    9.1   202    8.3    1.0   11.3    0.00   973.20   477   29.5    7.2   -995   -995   -995   -995   -995    -995    -995    -995
 KIN2   133   865     59   30.5    8.6    8.5   208    8.1    1.2   11.3    0.00   973.22   493   29.7    6.6   -995   -995   -995   -995   -995    -995    -995    -995
 KIN2   133   870     58   30.8    8.5    8.4   203    7.9    1.2   10.9    0.00   973.25   510   30.0    6.6   26.6   -999   26.8   26.3   24.6    3.75    3.80    3.75
 KIN2   133   875     58   30.8    9.7    9.6   203    5.8    1.4   12.4    0.00   973.24   526   29.9    7.2   -995   -995   -995   -995   -995    -995    -995    -995
 KIN2   133   880     57   31.0    8.8    8.7   205    8.0    1.3   11.8    0.00   973.25   541   30.2    6.8   -995   -995   -995   -995   -995    -995    -995    -995
 KIN2   133   885     57   31.1    9.0    8.8   212    9.6    1.3   11.3    0.00   973.24   557   30.3    6.8   26.6   -999   26.8   26.3   24.6    -995    -995    -995
 KIN2   133   890     57   31.2    8.3    8.2   206   10.2    1.4   11.2    0.00   973.22   573   30.4    6.7   -995   -995   -995   -995   -995    -995    -995    -995
 KIN2   133   895     56   31.5    8.8    8.7   206    8.3    1.4   12.2    0.00   973.25   586   30.4    6.9   -995   -995   -995   -995   -995    -995    -995    -995
 KIN2   133   900     56   31.6    8.0    7.9   206    9.5    1.4   11.3    0.00   973.28   557   30.8    6.5   26.6   -999   26.9   26.3   24.6    3.75    3.79    3.74
 KIN2   133   905     56   31.7    8.7    8.6   203    9.6    1.5   11.7    0.00   973.31   620   30.7    6.7   -995   -995   -995   -995   -995    -995    -995    -995
 KIN2   133   910     55   32.1    7.5    7.4   208    9.2    1.0    9.5    0.00   973.36   634   31.2    6.0   -995   -995   -995   -995   -995    -995    -995    -995
 KIN2   133   915     54   32.1    8.3    8.2   208   10.4    1.1   11.3    0.00   973.40   648   30.9    6.3   26.6   -999   26.9   26.3   24.6    -995    -995    -995
 KIN2   133   920     55   32.1    8.5    8.4   198    9.5    1.1   11.2    0.00   973.43   662   30.9    6.6   -995   -995   -995   -995   -995    -995    -995    -995
 KIN2   133   925     54   32.6    7.5    7.4   206   10.0    1.4   10.5    0.00   973.45   677   31.6    6.1   -995   -995   -995   -995   -995    -995    -995    -995
 KIN2   133   930     53   32.5    9.2    9.1   200    8.8    1.1   11.6    0.00   973.43   689   31.3    7.1   26.6   -999   27.0   26.3   24.6    3.76    3.80    3.75
 KIN2   133   935     54   32.3    8.7    8.5   206   11.7    1.2   10.8    0.00   973.42   701   31.2    7.0   -995   -995   -995   -995   -995    -995    -995    -995
 KIN2   133   940     53   32.6    9.1    9.0   199    8.1    1.5   12.2    0.00   973.43   717   31.5    7.1   -995   -995   -995   -995   -995    -995    -995    -995
 KIN2   133   945     52   32.9    8.9    8.8   202    8.4    1.0   11.2    0.00   973.44   730   31.7    7.1   26.6   -999   27.1   26.3   24.6    -995    -995    -995
 KIN2   133   950     52   33.0    9.0    8.7   202   14.6    1.4   11.4    0.00   973.43   744   31.7    6.9   -995   -995   -995   -995   -995    -995    -995    -995
 KIN2   133   955     52   33.1    8.9    8.9   200    8.2    1.2   12.3    0.00   973.45   758   31.8    6.9   -995   -995   -995   -995   -995    -995    -995    -995
 KIN2   133   960     52   33.1    9.4    9.3   192    7.5    1.2   11.6    0.00   973.42   768   31.7    7.5   26.7   -999   27.2   26.3   24.6    3.75    3.79    3.74
 KIN2   133   965     51   33.3    9.3    9.2   194    7.6    1.3   12.0    0.00   973.38   781   32.1    7.5   -995   -995   -995   -995   -995    -995    -995    -995
 KIN2   133   970     51   33.5    7.8    7.7   203   10.1    1.6   11.1    0.00   973.38   792   32.3    6.2   -995   -995   -995   -995   -995    -995    -995    -995
 KIN2   133   975     51   33.5    8.3    8.2   198    9.3    1.4   11.4    0.00   973.40   802   32.2    6.6   26.7   -999   27.3   26.3   24.6    -995    -995    -995
 KIN2   133   980     51   33.6    8.5    8.4   196    9.9    1.4   11.2    0.00   973.44   815   32.4    7.0   -995   -995   -995   -995   -995    -995    -995    -995
 KIN2   133   985     50   33.7    8.4    8.3   191    8.9    1.2   11.4    0.00   973.43   826   32.3    6.8   -995   -995   -995   -995   -995    -995    -995    -995
 KIN2   133   990     50   33.9    8.6    8.5   196    8.5    1.3   11.2    0.00   973.38   837   32.6    6.9   26.8   -999   27.4   26.3   24.6    3.75    3.80    3.75
 KIN2   133   995     49   34.3    7.9    7.8   207    9.4    1.3   10.6    0.00   973.40   846   33.0    6.3   -995   -995   -995   -995   -995    -995    -995    -995
 KIN2   133  1000     49   34.1    7.9    7.8   204    9.7    1.0   10.2    0.00   973.38   857   32.8    6.2   -995   -995   -995   -995   -995    -995    -995    -995
 KIN2   133  1005     48   34.3    9.1    9.0   193    7.8    1.2   11.3    0.00   973.39   866   32.8    7.1   26.8   -999   27.5   26.3   24.6    -995    -995    -995
 KIN2   133  1010     47   34.8    7.9    7.8   199    9.1    1.1   10.3    0.00   973.44   874   33.4    6.3   -995   -995   -995   -995   -995    -995    -995    -995
 KIN2   133  1015     47   34.5    8.0    8.0   203    7.9    1.2   10.6    0.00   973.42   881   33.2    6.6   -995   -995   -995   -995   -995    -995    -995    -995
 KIN2   133  1020     47   34.7    7.8    7.7   210    9.9    1.1   10.4    0.00   973.37   889   33.3    6.2   26.9   -999   27.6   26.3   24.6    3.75    3.80    3.75
 KIN2   133  1025     46   35.0    7.6    7.5   196    9.6    1.0    9.8    0.00   973.35   896   33.8    5.9   -995   -995   -995   -995   -995    -995    -995    -995
 KIN2   133  1030     46   35.0    8.4    8.3   185    9.7    0.9   10.4    0.00   973.29   905   33.5    6.6   -995   -995   -995   -995   -995    -995    -995    -995
 KIN2   133  1035     46   35.0    9.2    9.1   194    7.1    1.0   11.7    0.00   973.22   910   33.6    7.5   27.0   -999   27.8   26.3   24.7    -995    -995    -995
 KIN2   133  1040     45   35.2    9.1    9.0   194    7.4    1.1   11.7    0.00   973.15   918   33.8    7.3   -995   -995   -995   -995   -995    -995    -995    -995
 KIN2   133  1045     44   35.5    8.4    8.3   195    9.5    1.1   10.7    0.00   973.12   925   34.0    6.7   -995   -995   -995   -995   -995    -995    -995    -995
 KIN2   133  1050     45   35.6    8.3    8.2   186    9.5    1.3   11.0    0.00   973.09   928   34.1    6.6   27.1   -999   27.9   26.4   24.7    3.74    3.79    3.74
 KIN2   133  1055     45   35.5    8.7    8.6   186    8.1    1.4   12.0    0.00   973.05   934   34.3    7.2   -995   -995   -995   -995   -995    -995    -995    -995
 KIN2   133  1060     44   35.5    9.3    9.1   189   11.4    1.2   11.8    0.00   973.14   939   34.1    7.4   -995   -995   -995   -995   -995    -995    -995    -995
 KIN2   133  1065     45   35.4    9.8    9.7   183    6.8    1.3   12.3    0.00   973.21   944   34.1    7.7   27.3   -999   28.1   26.4   24.7    -995    -995    -995
 KIN2   133  1070     44   35.5    9.4    9.3   190    8.5    1.8   12.6    0.00   973.22   947   34.0    7.5   -995   -995   -995   -995   -995    -995    -995    -995
 KIN2   133  1075     44   35.4    9.8    9.8   186    5.9    1.5   12.9    0.00   973.24   951   34.1    7.8   -995   -995   -995   -995   -995    -995    -995    -995
 KIN2   133  1080     43   35.8    9.2    9.1   183    8.8    1.3   12.0    0.00   973.25   952   34.6    7.2   27.4   -999   28.2   26.4   24.7    3.75    3.80    3.75
 KIN2   133  1085     42   36.5    8.2    8.0   194   12.1    1.6   11.2    0.00   973.20   950   35.2    6.8   -995   -995   -995   -995   -995    -995    -995    -995
 KIN2   133  1090     41   36.5    9.1    9.0   200    9.0    1.4   11.8    0.00   973.19   962   35.1    7.5   -995   -995   -995   -995   -995    -995    -995    -995
 KIN2   133  1095     41   36.6    8.9    8.7   204   11.3    1.5   12.7    0.00   973.17   956   35.1    6.9   27.5   -999   28.4   26.4   24.7    -995    -995    -995
 KIN2   133  1100     40   36.5   10.0    9.9   184    8.3    1.6   13.0    0.00   973.18   967   34.8    7.9   -995   -995   -995   -995   -995    -995    -995    -995
 KIN2   133  1105     41   36.3    8.9    8.8   190    9.0    1.6   12.5    0.00   973.16   967   34.8    7.2   -995   -995   -995   -995   -995    -995    -995    -995
 KIN2   133  1110     41   36.4    7.8    7.7   188    9.2    1.5   10.4    0.00   973.07   967   34.9    6.4   27.7   -999   28.5   26.4   24.7    3.75    3.80    3.75
 KIN2   133  1115     40   36.5    9.8    9.7   179    7.4    1.2   12.7    0.00   973.03   969   35.1    7.5   -995   -995   -995   -995   -995    -995    -995    -995
 KIN2   133  1120     40   36.6    8.7    8.6   188    7.7    1.1   10.7    0.00   973.01   963   35.2    6.9   -995   -995   -995   -995   -995    -995    -995    -995
 KIN2   133  1125     39   37.1    8.3    8.1   186   10.1    1.7   12.0    0.00   972.97   967   35.7    6.6   27.9   -999   28.6   26.4   24.7    -995    -995    -995
 KIN2   133  1130     39   37.0    8.0    7.9   184    9.6    1.2   11.8    0.00   972.90   964   35.6    6.4   -995   -995   -995   -995   -995    -995    -995    -995
 KIN2   133  1135     38   37.1    9.6    9.4   183    8.2    1.5   13.4    0.00   972.80   967   35.7    7.4   -995   -995   -995   -995   -995    -995    -995    -995
 KIN2   133  1140     38   36.8    9.8    9.7   180    7.4    1.4   12.5    0.00   972.73   968   35.4    7.8   28.1   -999   28.7   26.4   24.7    3.74    3.80    3.75
 KIN2   133  1145     37   37.2    8.9    8.8   188   10.1    1.2   12.0    0.00   972.73   966   35.9    6.9   -995   -995   -995   -995   -995    -995    -995    -995
 KIN2   133  1150     37   37.4    9.5    9.3   195    9.5    1.6   13.9    0.00   972.67   965   36.0    7.7   -995   -995   -995   -995   -995    -995    -995    -995
 KIN2   133  1155     36   37.5    9.8    9.7   191    8.7    1.3   12.6    0.00   972.72   963   36.0    7.8   28.2   -999   28.9   26.5   24.7    -995    -995    -995
 KIN2   133  1160     36   37.4    9.5    9.4   190    7.7    1.4   12.2    0.00   972.66   959   35.8    7.5   -995   -995   -995   -995   -995    -995    -995    -995
 KIN2   133  1165     36   37.5    9.3    9.1   184    9.8    1.5   12.2    0.00   972.57   949   36.2    7.6   -995   -995   -995   -995   -995    -995    -995    -995
 KIN2   133  1170     36   37.7    8.9    8.8   196    9.3    1.9   12.8    0.00   972.48   943   36.3    7.1   28.4   -999   29.0   26.5   24.7    3.73    3.80    3.75
 KIN2   133  1175     36   37.7    8.6    8.5   184   10.7    1.5   11.8    0.00   972.51   941   36.5    6.9   -995   -995   -995   -995   -995    -995    -995    -995
 KIN2   133  1180     35   37.8    9.4    9.3   194    7.4    1.5   13.3    0.00   972.47   945   36.4    7.5   -995   -995   -995   -995   -995    -995    -995    -995
 KIN2   133  1185     35   37.7    8.7    8.6   185    9.4    1.2   11.4    0.00   972.48   940   36.4    7.1   28.5   -999   29.1   26.5   24.7    -995    -995    -995
 KIN2   133  1190     34   37.8   10.8   10.6   186    9.1    1.3   13.9    0.00   972.46   941   36.4    8.5   -995   -995   -995   -995   -995    -995    -995    -995
 KIN2   133  1195     34   37.8    9.7    9.6   193    7.7    1.4   13.2    0.00   972.39   929   36.3    7.5   -995   -995   -995   -995   -995    -995    -995    -995
 KIN2   133  1200     34   37.9    9.5    9.3   185   11.5    1.6   13.5    0.00   972.29   924   36.7    7.6   28.6   -999   29.2   26.5   24.7    3.74    3.80    3.75
 KIN2   133  1205     34   38.0   10.1    9.9   183   11.2    1.2   12.5    0.00   972.24   919   36.7    8.1   -995   -995   -995   -995   -995    -995    -995    -995
 KIN2   133  1210     33   37.8   10.4   10.3   189    7.6    1.8   13.7    0.00   972.15   910   36.6    8.4   -995   -995   -995   -995   -995    -995    -995    -995
 KIN2   133  1215     32   37.8   10.4   10.3   186    8.1    1.7   13.8    0.00   972.14   901   36.5    8.1   28.8   -999   29.3   26.6   24.7    -995    -995    -995
 KIN2   133  1220     33   37.7   11.0   10.9   177    7.6    1.2   13.7    0.00   972.11   893   36.7    8.7   -995   -995   -995   -995   -995    -995    -995    -995
 KIN2   133  1225     34   37.8   10.0    9.9   182    7.8    1.7   13.6    0.00   972.05   882   36.8    8.0   -995   -995   -995   -995   -995    -995    -995    -995
 KIN2   133  1230     34   37.9    9.7    9.6   188    8.1    2.2   14.7    0.00   972.01   875   36.7    7.8   28.9   -999   29.4   26.6   24.7    3.74    3.81    3.75
 KIN2   133  1235     33   38.0   10.0    9.8   192   12.6    2.1   15.0    0.00   972.03   870   36.5    7.7   -995   -995   -995   -995   -995    -995    -995    -995
 KIN2   133  1240     33   37.6   10.9   10.8   172    8.0    1.6   14.0    0.00   971.90   859   36.7    8.7   -995   -995   -995   -995   -995    -995    -995    -995
 KIN2   133  1245     33   37.8   11.2   11.0   184   11.8    1.8   14.5    0.00   971.88   845   36.6    8.9   29.0   -999   29.5   26.7   24.7    -995    -995    -995
 KIN2   133  1250     34   37.4   10.9   10.8   178    7.8    1.4   13.7    0.00   971.90   839   36.4    8.3   -995   -995   -995   -995   -995    -995    -995    -995
 KIN2   133  1255     32   37.8   11.2   11.1   180    7.1    1.6   16.3    0.00   971.82   828   36.8    8.7   -995   -995   -995   -995   -995    -995    -995    -995
 KIN2   133  1260     32   38.0   11.1   10.9   183   11.0    1.4   14.2    0.00   971.77   818   37.0    9.2   29.1   -999   29.6   26.7   24.7    3.74    3.80    3.74
 KIN2   133  1265     32   38.0   10.6   10.3   182   13.8    1.5   14.6    0.00   971.74   807   37.0    8.3   -995   -995   -995   -995   -995    -995    -995    -995
 KIN2   133  1270     32   37.9   11.8   11.7   178    9.1    1.2   14.7    0.00   971.73   800   36.8    9.0   -995   -995   -995   -995   -995    -995    -995    -995
 KIN2   133  1275     33   37.9   10.5   10.4   182    8.6    2.4   16.2    0.00   971.68   784   36.9    7.9   29.2   -999   29.6   26.8   24.7    -995    -995    -995
 KIN2   133  1280     32   37.9   10.8   10.6   181    9.8    1.6   14.2    0.00   971.63   773   36.8    8.5   -995   -995   -995   -995   -995    -995    -995    -995
 KIN2   133  1285     31   38.0   11.6   11.4   191    8.7    1.8   14.6    0.00   971.60   762   36.8    8.9   -995   -995   -995   -995   -995    -995    -995    -995
 KIN2   133  1290     31   37.9   11.2   11.1   189    7.4    1.8   15.2    0.00   971.58   749   36.8    8.5   29.3   -999   29.7   26.8   24.7    3.74    3.81    3.75
 KIN2   133  1295     32   37.9   10.4   10.4   180    7.8    1.4   13.7    0.00   971.52   729   37.0    8.3   -995   -995   -995   -995   -995    -995    -995    -995
 KIN2   133  1300     31   37.8   12.0   11.9   182    9.8    1.7   16.5    0.00   971.45   724   36.9    9.5   -995   -995   -995   -995   -995    -995    -995    -995
 KIN2   133  1305     32   37.6   11.1   11.0   177    7.7    1.8   15.6    0.00   971.48   709   36.6    8.8   29.4   -999   29.7   26.8   24.7    -995    -995    -995
 KIN2   133  1310     33   37.5    9.8    9.7   186    8.2    1.6   13.5    0.00   971.46   690   36.6    7.8   -995   -995   -995   -995   -995    -995    -995    -995
 KIN2   133  1315     32   37.8   11.1   10.9   181   10.3    1.5   14.8    0.00   971.44   679   36.9    8.6   -995   -995   -995   -995   -995    -995    -995    -995
 KIN2   133  1320     33   37.5   10.1   10.0   175    8.5    1.8   13.8    0.00   971.43   658   36.7    8.1   29.4   -999   29.7   26.9   24.7    3.73    3.81    3.75
 KIN2   133  1325     32   37.7   11.0   10.9   178    8.8    1.5   14.3    0.00   971.32   620   37.0    8.8   -995   -995   -995   -995   -995    -995    -995    -995
 KIN2   133  1330     32   37.8   11.1   10.9   188   11.5    1.5   14.4    0.00   971.29   620   36.9    8.5   -995   -995   -995   -995   -995    -995    -995    -995
 KIN2   133  1335     31   37.8   10.6   10.4   190   11.8    1.5   14.2    0.00   971.25   624   36.9    8.0   29.5   -999   29.7   26.9   24.7    -995    -995    -995
 KIN2   133  1340     32   37.8   10.4   10.3   188    9.6    1.7   14.0    0.00   971.25   609   37.0    8.2   -995   -995   -995   -995   -995    -995    -995    -995
 KIN2   133  1345     32   37.5   11.0   10.9   188    9.0    1.7   14.8    0.00   971.20   590   36.7    8.4   -995   -995   -995   -995   -995    -995    -995    -995
 KIN2   133  1350     32   37.5   10.5   10.3   191    8.7    1.6   13.6    0.00   971.14   578   36.7    8.1   29.5   -999   29.7   27.0   24.7    3.73    3.80    3.75
 KIN2   133  1355     32   37.7    9.7    9.6   189    8.4    1.8   14.2    0.00   971.11   559   36.8    7.6   -995   -995   -995   -995   -995    -995    -995    -995
 KIN2   133  1360     33   37.2    9.3    9.3   179    6.1    1.7   12.6    0.00   971.08   542   36.5    7.3   -995   -995   -995   -995   -995    -995    -995    -995
 KIN2   133  1365     33   37.2   10.5   10.4   182    6.5    1.9   14.6    0.00   971.03   529   36.5    8.1   29.5   -999   29.6   27.0   24.7    -995    -995    -995
 KIN2   133  1370     34   37.0   10.3   10.1   165   10.5    2.0   16.3    0.00   971.01   513   36.5    7.8   -995   -995   -995   -995   -995    -995    -995    -995
 KIN2   133  1375     33   37.2    9.9    9.8   185    7.8    1.3   12.7    0.00   971.02   494   36.5    7.6   -995   -995   -995   -995   -995    -995    -995    -995
 KIN2   133  1380     34   36.9   10.9   10.7   174    9.7    2.1   14.3    0.00   970.97   478   36.4    8.6   29.5   -999   29.6   27.0   24.8    3.73    3.79    3.75
 KIN2   133  1385     34   37.0   11.0   10.9   180   10.1    1.8   14.8    0.00   970.93   459   36.5    8.7   -995   -995   -995   -995   -995    -995    -995    -995
 KIN2   133  1390     34   36.8   10.2   10.1   175    8.2    1.8   14.6    0.00   970.97   442   36.4    7.8   -995   -995   -995   -995   -995    -995    -995    -995
 KIN2   133  1395     34   36.8    9.6    9.6   173    8.1    1.4   15.2    0.00   970.94   428   36.5    7.3   29.5   -999   29.6   27.1   24.8    -995    -995    -995
 KIN2   133  1400     34   36.6   10.9   10.8   173    7.6    1.5   14.5    0.00   970.98   410   36.2    8.5   -995   -995   -995   -995   -995    -995    -995    -995
 KIN2   133  1405     34   36.6    9.9    9.9   183    7.5    1.6   12.8    0.00   970.93   396   36.2    7.8   -995   -995   -995   -995   -995    -995    -995    -995
 KIN2   133  1410     34   36.7   11.0   11.0   187    6.4    1.8   14.7    0.00   970.87   378   36.2    8.4   29.5   -999   29.6   27.1   24.8    3.73    3.80    3.75
 KIN2   133  1415     35   36.4    9.6    9.5   182    9.7    1.6   12.2    0.00   970.90   360   36.1    7.5   -995   -995   -995   -995   -995    -995    -995    -995
 KIN2   133  1420     35   36.3    8.9    8.8   180    8.0    1.2   12.2    0.00   970.91   343   36.1    6.9   -995   -995   -995   -995   -995    -995    -995    -995
 KIN2   133  1425     35   36.3    9.9    9.8   175    9.1    1.8   14.2    0.00   970.92   325   36.2    7.9   29.5   -999   29.5   27.2   24.8    -995    -995    -995
 KIN2   133  1430     35   36.1   10.6   10.6   176    6.5    1.4   13.4    0.00   970.92   311   35.9    8.0   -995   -995   -995   -995   -995    -995    -995    -995
 KIN2   133  1435     35   36.0   10.3   10.2   178    9.0    1.4   14.3    0.00   970.89   293   35.8    8.2   -995   -995   -995   -995   -995    -995    -995    -995
</pre>