<pre>  101 ! (c) 2019 Oklahoma Climatological Survey and the Oklahoma Mesonet - all rights reserved
  21 2019 10 31 00 00 00
 STID  STNM  TIME   RELH   TAIR   WSPD   WVEC  WDIR   WDSD   WSSD   WMAX    RAIN     PRES  SRAD   TA9M   WS2M   TS10   TB10   TS05   TS25   TS60    TR05    TR25    TR60
 KIN2   133     0     70    0.8    7.0    6.9   330   13.1    1.3   10.0    1.78   987.44     0    0.8    5.5   10.6    5.9    9.7   12.5   15.7    1.43    1.54    3.80
 KIN2   133     5     71    0.7    6.3    5.8   334   22.3    1.4    9.3    0.00   987.60     0    0.7    5.0   -995   -995   -995   -995   -995    -995    -995    -995
 KIN2   133    10     71    0.7    5.7    5.4   332   18.3    1.4    9.5    0.00   987.75     0    0.7    4.6   -995   -995   -995   -995   -995    -995    -995    -995
 KIN2   133    15     72    0.6    5.4    5.1   336   18.2    1.5    8.7    0.00   987.79     0    0.6    4.1   10.5    5.8    9.7   12.5   15.7    -995    -995    -995
 KIN2   133    20     71    0.6    6.2    6.0   336   12.7    1.3    9.4    0.00   987.81     0    0.6    4.7   -995   -995   -995   -995   -995    -995    -995    -995
 KIN2   133    25     72    0.5    5.4    5.2   337   16.5    1.2    9.3    0.00   987.92     0    0.6    4.3   -995   -995   -995   -995   -995    -995    -995    -995
 KIN2   133    30     72    0.5    6.4    6.2   334   14.1    1.6   10.3    0.00   987.98     0    0.6    5.0   10.5    5.7    9.7   12.5   15.7    1.43    1.54    3.80
 KIN2   133    35     72    0.5    5.4    5.2   335   15.2    1.4    9.1    0.00   988.06     0    0.5    4.3   -995   -995   -995   -995   -995    -995    -995    -995
 KIN2   133    40     73    0.4    4.3    4.2   332   15.2    1.3    9.1    0.00   988.13     0    0.5    3.3   -995   -995   -995   -995   -995    -995    -995    -995
 KIN2   133    45     73    0.4    5.2    5.1   335   13.9    1.2    9.1    0.00   988.24     0    0.5    4.1   10.5    5.6    9.6   12.4   15.7    -995    -995    -995
 KIN2   133    50     74    0.4    6.2    6.0   335   15.3    1.4    9.4    0.00   988.27     0    0.4    5.0   -995   -995   -995   -995   -995    -995    -995    -995
 KIN2   133    55     74    0.3    6.1    5.9   333   12.8    1.5   10.3    0.00   988.37     0    0.4    4.9   -995   -995   -995   -995   -995    -995    -995    -995
 KIN2   133    60     74    0.2    5.9    5.7   332   14.1    1.3    9.2    0.00   988.37     0    0.3    4.9   10.5    5.5    9.6   12.4   15.6    1.44    1.53    3.80
 KIN2   133    65     75    0.0    6.5    6.3   333   14.7    1.8   10.3    0.00   988.44     0    0.2    4.8   -995   -995   -995   -995   -995    -995    -995    -995
 KIN2   133    70     76    0.0    6.9    6.7   337   13.8    1.8   11.4    0.00   988.61     0    0.1    5.4   -995   -995   -995   -995   -995    -995    -995    -995
 KIN2   133    75     77   -0.1    5.5    5.4   334   12.4    1.3    8.2    0.00   988.66     0    0.0    4.4   10.5    5.5    9.6   12.4   15.6    -995    -995    -995
 KIN2   133    80     78   -0.1    5.4    5.3   336   12.4    1.8   10.5    0.00   988.73     0    0.0    4.2   -995   -995   -995   -995   -995    -995    -995    -995
 KIN2   133    85     78   -0.1    5.8    5.6   334   17.1    1.4    9.5    0.00   988.89     0    0.0    4.7   -995   -995   -995   -995   -995    -995    -995    -995
 KIN2   133    90     79   -0.1    7.1    6.9   330   13.0    1.4   10.8    0.00   988.98     0    0.0    5.4   10.4    5.4    9.6   12.4   15.6    1.44    1.53    3.80
 KIN2   133    95     79   -0.1    6.0    5.8   332   11.0    1.5   10.5    0.00   989.01     0   -0.1    4.8   -995   -995   -995   -995   -995    -995    -995    -995
 KIN2   133   100     79   -0.2    5.7    5.5   334   13.5    1.1    8.5    0.00   989.06     0   -0.1    4.5   -995   -995   -995   -995   -995    -995    -995    -995
 KIN2   133   105     79   -0.3    6.2    6.0   332   15.0    1.6    9.9    0.00   989.18     0   -0.2    5.1   10.4    5.3    9.5   12.4   15.6    -995    -995    -995
 KIN2   133   110     79   -0.3    5.6    5.4   333   13.6    1.7    9.5    0.00   989.31     0   -0.2    4.3   -995   -995   -995   -995   -995    -995    -995    -995
 KIN2   133   115     79   -0.5    5.9    5.6   331   17.0    1.3    8.9    0.00   989.36     0   -0.3    4.4   -995   -995   -995   -995   -995    -995    -995    -995
 KIN2   133   120     78   -0.5    7.5    7.2   332   14.3    1.6   11.1    0.00   989.39     0   -0.3    6.0   10.4    5.2    9.5   12.4   15.6    1.43    1.54    3.80
 KIN2   133   125     79   -0.6    5.5    5.3   333   15.6    1.5    9.4    0.00   989.43     0   -0.4    4.4   -995   -995   -995   -995   -995    -995    -995    -995
 KIN2   133   130     79   -0.7    5.1    5.0   330   12.6    1.1    8.2    0.00   989.44     0   -0.5    3.8   -995   -995   -995   -995   -995    -995    -995    -995
 KIN2   133   135     80   -0.7    6.3    6.1   331   13.6    1.6    9.3    0.00   989.49     0   -0.5    4.9   10.4    5.1    9.5   12.4   15.6    -995    -995    -995
 KIN2   133   140     79   -0.8    4.6    4.5   334   12.2    1.1    8.4    0.00   989.56     0   -0.6    3.5   -995   -995   -995   -995   -995    -995    -995    -995
 KIN2   133   145     79   -0.9    5.8    5.6   332   13.6    1.4    9.5    0.00   989.70     0   -0.7    4.3   -995   -995   -995   -995   -995    -995    -995    -995
 KIN2   133   150     78   -0.9    5.3    5.1   329   16.2    1.3    7.8    0.00   989.76     0   -0.7    4.2   10.4    5.0    9.5   12.4   15.6    1.44    1.53    3.80
 KIN2   133   155     78   -1.0    5.5    5.4   334    9.7    1.1    7.9    0.00   989.86     0   -0.8    4.3   -995   -995   -995   -995   -995    -995    -995    -995
 KIN2   133   160     79   -1.0    4.6    4.4   330   17.3    1.0    7.4    0.00   989.95     0   -0.8    3.8   -995   -995   -995   -995   -995    -995    -995    -995
 KIN2   133   165     79   -1.1    4.7    4.5   329   13.1    1.3    8.1    0.00   990.06     0   -0.9    3.5   10.3    4.9    9.4   12.4   15.6    -995    -995    -995
 KIN2   133   170     79   -1.1    5.5    5.4   328   12.9    1.3    9.8    0.00   990.10     0   -0.9    4.3   -995   -995   -995   -995   -995    -995    -995    -995
 KIN2   133   175     78   -1.1    4.7    4.5   328   13.8    1.0    7.0    0.00   990.15     0   -0.9    3.7   -995   -995   -995   -995   -995    -995    -995    -995
 KIN2   133   180     78   -1.2    4.4    4.2   327   14.4    1.2    7.4    0.00   990.20     0   -1.0    3.5   10.3    4.8    9.4   12.4   15.6    1.44    1.53    3.80
 KIN2   133   185     79   -1.3    4.3    4.2   329   13.8    1.2    7.4    0.00   990.23     0   -1.1    3.2   -995   -995   -995   -995   -995    -995    -995    -995
 KIN2   133   190     78   -1.3    5.1    5.0   331   14.0    1.2    8.0    0.00   990.25     0   -1.1    4.1   -995   -995   -995   -995   -995    -995    -995    -995
 KIN2   133   195     77   -1.3    5.1    5.0   333   13.1    1.1    7.7    0.00   990.23     0   -1.1    4.3   10.3    4.8    9.3   12.4   15.6    -995    -995    -995
 KIN2   133   200     77   -1.3    4.8    4.7   330   13.0    1.2    7.5    0.00   990.27     0   -1.1    3.8   -995   -995   -995   -995   -995    -995    -995    -995
 KIN2   133   205     77   -1.4    4.7    4.6   332   11.9    1.2    7.8    0.00   990.27     0   -1.2    3.5   -995   -995   -995   -995   -995    -995    -995    -995
 KIN2   133   210     77   -1.5    4.6    4.5   328   13.6    1.2    7.5    0.00   990.29     0   -1.2    3.6   10.2    4.7    9.3   12.3   15.6    1.44    1.54    3.80
 KIN2   133   215     78   -1.5    4.1    4.0   335   14.4    1.0    6.7    0.00   990.34     0   -1.3    3.2   -995   -995   -995   -995   -995    -995    -995    -995
 KIN2   133   220     78   -1.5    4.4    4.3   332   13.6    1.2    7.2    0.00   990.36     0   -1.3    3.5   -995   -995   -995   -995   -995    -995    -995    -995
 KIN2   133   225     78   -1.6    4.1    4.0   331   14.1    1.2    7.2    0.00   990.37     0   -1.3    3.3   10.2    4.6    9.3   12.3   15.6    -995    -995    -995
 KIN2   133   230     79   -1.6    4.3    4.2   331   11.7    0.8    6.1    0.00   990.34     0   -1.4    3.3   -995   -995   -995   -995   -995    -995    -995    -995
 KIN2   133   235     79   -1.7    3.8    3.7   328   14.8    0.9    6.0    0.00   990.37     0   -1.4    3.1   -995   -995   -995   -995   -995    -995    -995    -995
 KIN2   133   240     80   -1.8    3.0    2.9   324   15.8    0.8    6.1    0.00   990.46     0   -1.5    2.3   10.2    4.5    9.2   12.3   15.6    1.44    1.54    3.80
 KIN2   133   245     80   -1.8    3.5    3.4   317   12.6    0.8    5.4    0.00   990.45     0   -1.6    2.7   -995   -995   -995   -995   -995    -995    -995    -995
 KIN2   133   250     81   -1.8    3.6    3.4   320   15.2    1.1    6.1    0.00   990.46     0   -1.6    2.8   -995   -995   -995   -995   -995    -995    -995    -995
 KIN2   133   255     81   -1.9    3.5    3.4   318   15.6    0.9    5.8    0.00   990.49     0   -1.6    2.9   10.1    4.5    9.2   12.3   15.5    -995    -995    -995
 KIN2   133   260     81   -2.0    3.4    3.3   318   12.9    1.0    5.7    0.00   990.48     0   -1.7    2.7   -995   -995   -995   -995   -995    -995    -995    -995
 KIN2   133   265     82   -2.0    3.2    3.1   318   14.1    0.7    4.9    0.00   990.44     0   -1.8    2.6   -995   -995   -995   -995   -995    -995    -995    -995
 KIN2   133   270     82   -2.0    4.1    4.0   316   12.6    0.9    6.6    0.00   990.38     0   -1.8    3.1   10.1    4.4    9.2   12.3   15.5    1.43    1.53    3.80
 KIN2   133   275     81   -2.1    3.3    3.2   317   14.2    1.1    6.2    0.00   990.36     0   -1.8    2.6   -995   -995   -995   -995   -995    -995    -995    -995
 KIN2   133   280     81   -2.1    3.5    3.4   321   14.6    1.0    5.7    0.00   990.39     0   -1.9    2.6   -995   -995   -995   -995   -995    -995    -995    -995
 KIN2   133   285     80   -2.1    3.9    3.8   316   13.0    0.9    6.3    0.00   990.38     0   -1.9    3.0   10.1    4.4    9.1   12.2   15.5    -995    -995    -995
 KIN2   133   290     80   -2.2    3.2    3.0   317   16.5    0.8    5.5    0.00   990.34     0   -2.0    2.4   -995   -995   -995   -995   -995    -995    -995    -995
 KIN2   133   295     80   -2.2    3.9    3.8   317   12.8    0.9    6.0    0.00   990.33     0   -2.0    3.3   -995   -995   -995   -995   -995    -995    -995    -995
 KIN2   133   300     80   -2.3    3.8    3.7   315   12.1    0.9    5.6    0.00   990.34     0   -2.0    3.1   10.1    4.3    9.1   12.2   15.5    1.43    1.54    3.80
 KIN2   133   305     79   -2.3    4.0    3.9   316   12.1    0.8    5.9    0.00   990.37     0   -2.0    3.0   -995   -995   -995   -995   -995    -995    -995    -995
 KIN2   133   310     79   -2.3    3.8    3.7   313   12.4    0.8    5.5    0.00   990.36     0   -2.1    2.7   -995   -995   -995   -995   -995    -995    -995    -995
 KIN2   133   315     79   -2.3    3.5    3.4   315   15.4    0.9    6.2    0.00   990.39     0   -2.1    2.8   10.0    4.3    9.1   12.2   15.5    -995    -995    -995
 KIN2   133   320     78   -2.4    3.4    3.3   314   13.6    1.2    5.5    0.00   990.46     0   -2.2    2.7   -995   -995   -995   -995   -995    -995    -995    -995
 KIN2   133   325     78   -2.5    3.1    2.9   315   15.4    0.6    4.7    0.00   990.45     0   -2.2    2.4   -995   -995   -995   -995   -995    -995    -995    -995
 KIN2   133   330     78   -2.5    3.3    3.2   316   14.1    1.1    6.2    0.00   990.49     0   -2.2    2.4   10.0    4.2    9.1   12.2   15.5    1.43    1.54    3.80
 KIN2   133   335     78   -2.5    3.6    3.5   318   13.6    0.9    6.2    0.00   990.43     0   -2.2    2.7   -995   -995   -995   -995   -995    -995    -995    -995
 KIN2   133   340     77   -2.5    3.7    3.7   320   11.2    0.9    5.7    0.00   990.40     0   -2.2    2.9   -995   -995   -995   -995   -995    -995    -995    -995
 KIN2   133   345     77   -2.6    3.4    3.3   322   16.1    1.0    5.3    0.00   990.38     0   -2.3    2.7   10.0    4.2    9.1   12.2   15.5    -995    -995    -995
 KIN2   133   350     77   -2.5    3.4    3.3   322   14.6    0.8    5.5    0.00   990.35     0   -2.3    2.6   -995   -995   -995   -995   -995    -995    -995    -995
 KIN2   133   355     77   -2.8    2.4    2.3   321   12.3    0.5    3.8    0.00   990.33     0   -2.4    1.7   -995   -995   -995   -995   -995    -995    -995    -995
 KIN2   133   360     78   -2.9    2.4    2.3   315   12.9    0.7    4.1    0.00   990.33     0   -2.5    1.7   10.0    4.1    9.0   12.2   15.5    1.43    1.54    3.80
 KIN2   133   365     78   -2.9    2.4    2.3   323   13.2    0.7    4.3    0.00   990.35     0   -2.6    1.7   -995   -995   -995   -995   -995    -995    -995    -995
 KIN2   133   370     79   -2.9    2.7    2.6   325   13.0    0.8    4.7    0.00   990.32     0   -2.6    2.2   -995   -995   -995   -995   -995    -995    -995    -995
 KIN2   133   375     78   -2.9    3.1    3.0   329   12.4    0.9    5.5    0.00   990.26     0   -2.6    2.3    9.9    4.1    9.0   12.1   15.5    -995    -995    -995
 KIN2   133   380     79   -3.0    2.6    2.5   319   15.5    0.5    4.0    0.00   990.25     0   -2.7    2.1   -995   -995   -995   -995   -995    -995    -995    -995
 KIN2   133   385     79   -3.0    2.7    2.6   314   14.3    0.8    4.5    0.00   990.31     0   -2.7    2.1   -995   -995   -995   -995   -995    -995    -995    -995
 KIN2   133   390     79   -3.0    2.9    2.7   320   17.8    0.8    5.6    0.00   990.31     0   -2.7    2.3    9.9    4.1    9.0   12.1   15.5    1.44    1.53    3.80
 KIN2   133   395     79   -3.0    3.0    2.9   317   14.6    0.9    5.3    0.00   990.33     0   -2.7    2.3   -995   -995   -995   -995   -995    -995    -995    -995
 KIN2   133   400     79   -3.0    2.9    2.8   315   12.8    0.8    5.4    0.00   990.35     0   -2.7    2.1   -995   -995   -995   -995   -995    -995    -995    -995
 KIN2   133   405     79   -3.0    2.9    2.8   304   12.8    0.8    5.5    0.00   990.51     0   -2.7    2.1    9.9    4.0    8.9   12.1   15.4    -995    -995    -995
 KIN2   133   410     79   -3.1    2.9    2.8   302   11.6    1.2    5.6    0.00   990.61     0   -2.7    1.9   -995   -995   -995   -995   -995    -995    -995    -995
 KIN2   133   415     79   -3.2    2.1    2.1   305   14.2    0.7    3.9    0.00   990.56     0   -2.9    1.7   -995   -995   -995   -995   -995    -995    -995    -995
 KIN2   133   420     79   -3.2    2.7    2.7   309   13.1    0.7    5.1    0.00   990.53     0   -2.9    2.0    9.9    4.0    8.9   12.1   15.4    1.44    1.53    3.80
 KIN2   133   425     79   -3.2    2.6    2.6   307   12.4    0.7    4.6    0.00   990.53     0   -2.9    1.9   -995   -995   -995   -995   -995    -995    -995    -995
 KIN2   133   430     79   -3.2    2.8    2.8   303   11.8    0.7    5.3    0.00   990.53     0   -2.9    2.1   -995   -995   -995   -995   -995    -995    -995    -995
 KIN2   133   435     79   -3.2    2.6    2.5   303   12.7    0.6    4.1    0.00   990.52     0   -2.9    1.9    9.8    3.9    8.9   12.1   15.4    -995    -995    -995
 KIN2   133   440     80   -3.4    2.5    2.4   301   14.4    0.6    4.0    0.00   990.52     0   -3.1    1.8   -995   -995   -995   -995   -995    -995    -995    -995
 KIN2   133   445     80   -3.4    2.7    2.6   301   12.5    0.8    4.4    0.00   990.51     0   -3.1    2.1   -995   -995   -995   -995   -995    -995    -995    -995
 KIN2   133   450     80   -3.5    2.1    2.0   303   14.9    0.5    3.5    0.00   990.41     0   -3.2    1.7    9.8    3.9    8.9   12.1   15.4    1.44    1.53    3.80
 KIN2   133   455     80   -3.6    2.2    2.2   306   10.5    0.5    3.9    0.00   990.32     0   -3.3    1.6   -995   -995   -995   -995   -995    -995    -995    -995
 KIN2   133   460     81   -3.6    2.4    2.4   302   13.2    0.5    3.6    0.00   990.29     0   -3.3    1.8   -995   -995   -995   -995   -995    -995    -995    -995
 KIN2   133   465     81   -3.6    2.8    2.7   301   11.7    0.6    4.7    0.00   990.26     0   -3.3    2.0    9.8    3.8    8.9   12.0   15.4    -995    -995    -995
 KIN2   133   470     80   -3.6    2.6    2.6   304   12.1    0.7    4.1    0.00   990.20     0   -3.2    1.8   -995   -995   -995   -995   -995    -995    -995    -995
 KIN2   133   475     80   -3.5    2.5    2.5   308   11.8    0.6    4.0    0.00   990.15     0   -3.2    2.0   -995   -995   -995   -995   -995    -995    -995    -995
 KIN2   133   480     79   -3.5    2.8    2.7   306   12.9    0.6    4.9    0.00   990.13     0   -3.2    2.1    9.8    3.8    8.8   12.0   15.4    1.44    1.54    3.81
 KIN2   133   485     78   -3.5    2.9    2.8   307   12.2    0.7    4.7    0.00   990.10     0   -3.2    2.2   -995   -995   -995   -995   -995    -995    -995    -995
 KIN2   133   490     78   -3.5    3.1    3.1   306   12.8    0.8    5.0    0.00   990.07     0   -3.2    2.2   -995   -995   -995   -995   -995    -995    -995    -995
 KIN2   133   495     78   -3.6    2.9    2.8   307   12.6    0.8    4.4    0.00   990.10     0   -3.3    2.2    9.7    3.7    8.8   12.0   15.4    -995    -995    -995
 KIN2   133   500     78   -3.6    3.0    3.0   305   11.1    0.9    5.2    0.00   990.17     0   -3.3    2.1   -995   -995   -995   -995   -995    -995    -995    -995
 KIN2   133   505     78   -3.6    3.1    3.1   305   12.1    0.8    4.6    0.00   990.15     0   -3.3    2.4   -995   -995   -995   -995   -995    -995    -995    -995
 KIN2   133   510     78   -3.6    3.5    3.4   302   11.0    0.8    5.3    0.00   990.17     0   -3.3    2.5    9.7    3.7    8.8   12.0   15.4    1.44    1.54    3.80
 KIN2   133   515     77   -3.6    3.3    3.2   296   11.7    0.7    5.4    0.00   990.28     0   -3.4    2.3   -995   -995   -995   -995   -995    -995    -995    -995
 KIN2   133   520     77   -3.8    2.5    2.4   300   14.6    0.6    4.3    0.00   990.21     0   -3.4    1.9   -995   -995   -995   -995   -995    -995    -995    -995
 KIN2   133   525     77   -3.7    3.3    3.2   295   13.1    0.6    4.5    0.00   990.17     0   -3.4    2.3    9.7    3.6    8.8   11.9   15.4    -995    -995    -995
 KIN2   133   530     77   -3.8    2.8    2.8   296   12.9    0.6    4.3    0.00   990.16     0   -3.4    2.0   -995   -995   -995   -995   -995    -995    -995    -995
 KIN2   133   535     77   -3.8    2.9    2.8   297   13.2    0.7    4.7    0.00   990.17     0   -3.4    2.1   -995   -995   -995   -995   -995    -995    -995    -995
 KIN2   133   540     77   -3.8    2.9    2.8   301   12.0    0.6    4.1    0.00   990.12     0   -3.5    2.1    9.6    3.6    8.7   11.9   15.4    1.44    1.54    3.80
 KIN2   133   545     76   -3.8    3.1    3.0   298   12.6    0.7    4.5    0.00   990.11     0   -3.5    2.2   -995   -995   -995   -995   -995    -995    -995    -995
 KIN2   133   550     76   -3.9    2.8    2.7   296   10.1    0.7    4.3    0.00   990.09     0   -3.6    1.9   -995   -995   -995   -995   -995    -995    -995    -995
 KIN2   133   555     77   -4.0    2.7    2.6   297   13.2    0.6    4.1    0.00   990.07     0   -3.6    1.9    9.6    3.5    8.7   11.9   15.4    -995    -995    -995
 KIN2   133   560     77   -4.0    2.5    2.4   297   12.1    0.6    4.6    0.00   990.02     0   -3.6    1.7   -995   -995   -995   -995   -995    -995    -995    -995
 KIN2   133   565     76   -4.0    2.3    2.2   301   13.1    0.7    4.4    0.00   989.98     0   -3.6    1.6   -995   -995   -995   -995   -995    -995    -995    -995
 KIN2   133   570     76   -4.0    2.3    2.3   300   13.8    0.6    4.0    0.00   989.98     0   -3.6    1.7    9.6    3.5    8.7   11.9   15.4    1.44    1.54    3.80
 KIN2   133   575     76   -4.1    2.5    2.4   296   13.5    0.5    4.0    0.00   989.94     0   -3.7    1.7   -995   -995   -995   -995   -995    -995    -995    -995
 KIN2   133   580     76   -4.1    2.4    2.3   301   14.9    0.6    3.7    0.00   989.91     0   -3.7    1.7   -995   -995   -995   -995   -995    -995    -995    -995
 KIN2   133   585     76   -4.1    2.6    2.6   304   13.9    0.6    4.4    0.00   989.92     0   -3.7    1.8    9.6    3.4    8.7   11.9   15.4    -995    -995    -995
 KIN2   133   590     76   -4.1    2.5    2.5   304   13.6    0.7    4.2    0.00   989.92     0   -3.7    1.9   -995   -995   -995   -995   -995    -995    -995    -995
 KIN2   133   595     76   -4.1    2.6    2.6   299   12.7    0.6    3.9    0.00   989.94     0   -3.8    1.9   -995   -995   -995   -995   -995    -995    -995    -995
 KIN2   133   600     76   -4.2    2.4    2.3   297   13.7    0.7    4.0    0.00   990.01     0   -3.8    1.7    9.5    3.4    8.6   11.9   15.4    1.44    1.54    3.80
 KIN2   133   605     76   -4.3    2.4    2.4   297   13.4    0.6    4.2    0.00   990.04     0   -3.9    1.7   -995   -995   -995   -995   -995    -995    -995    -995
 KIN2   133   610     76   -4.1    2.3    2.2   298   12.7    0.6    3.6    0.00   990.02     0   -3.8    1.7   -995   -995   -995   -995   -995    -995    -995    -995
 KIN2   133   615     76   -4.2    1.9    1.8   304   18.4    0.6    3.3    0.00   990.01     0   -3.9    1.3    9.5    3.3    8.6   11.9   15.3    -995    -995    -995
 KIN2   133   620     75   -4.2    2.3    2.2   304   13.6    0.7    4.1    0.00   990.02     0   -3.8    1.6   -995   -995   -995   -995   -995    -995    -995    -995
 KIN2   133   625     75   -4.1    2.1    2.1   298   14.0    0.6    3.7    0.00   990.02     0   -3.8    1.6   -995   -995   -995   -995   -995    -995    -995    -995
 KIN2   133   630     75   -4.1    2.8    2.7   291   11.1    0.6    4.1    0.00   990.03     0   -3.8    1.9    9.5    3.3    8.6   11.8   15.3    1.44    1.54    3.81
 KIN2   133   635     75   -4.3    2.9    2.8   291   13.9    0.6    4.3    0.00   990.10     0   -3.9    1.7   -995   -995   -995   -995   -995    -995    -995    -995
 KIN2   133   640     75   -4.2    2.9    2.9   294   12.6    0.7    5.1    0.00   990.12     0   -3.9    2.1   -995   -995   -995   -995   -995    -995    -995    -995
 KIN2   133   645     75   -4.2    3.1    3.0   296   13.3    0.9    4.8    0.00   990.20     0   -3.9    2.1    9.5    3.2    8.6   11.8   15.3    -995    -995    -995
 KIN2   133   650     75   -4.2    2.8    2.7   300   15.4    0.7    4.0    0.00   990.24     0   -3.9    2.0   -995   -995   -995   -995   -995    -995    -995    -995
 KIN2   133   655     75   -4.2    2.9    2.8   298   12.8    1.0    6.0    0.00   990.26     0   -3.9    2.3   -995   -995   -995   -995   -995    -995    -995    -995
 KIN2   133   660     75   -4.3    2.4    2.4   299   12.4    0.8    4.6    0.00   990.31     0   -4.0    1.7    9.4    3.2    8.5   11.8   15.3    1.44    1.54    3.80
 KIN2   133   665     75   -4.4    2.8    2.7   298   12.6    0.5    4.4    0.00   990.38     0   -4.1    1.9   -995   -995   -995   -995   -995    -995    -995    -995
 KIN2   133   670     75   -4.4    2.9    2.8   302   11.0    0.8    4.5    0.00   990.43     0   -4.1    2.0   -995   -995   -995   -995   -995    -995    -995    -995
 KIN2   133   675     75   -4.6    2.3    2.2   298   14.0    0.5    3.7    0.00   990.43     0   -4.2    1.6    9.4    3.1    8.5   11.8   15.3    -995    -995    -995
 KIN2   133   680     76   -4.6    2.6    2.5   303   15.3    0.7    4.2    0.00   990.38     0   -4.3    1.7   -995   -995   -995   -995   -995    -995    -995    -995
 KIN2   133   685     75   -4.6    2.9    2.9   296   11.5    0.8    5.3    0.00   990.41     0   -4.3    1.9   -995   -995   -995   -995   -995    -995    -995    -995
 KIN2   133   690     74   -4.7    2.3    2.2   295   15.8    0.7    4.6    0.00   990.42     0   -4.3    1.4    9.4    3.1    8.5   11.8   15.3    1.44    1.54    3.78
 KIN2   133   695     74   -4.7    2.7    2.6   298   14.0    0.7    4.8    0.00   990.53     0   -4.3    1.8   -995   -995   -995   -995   -995    -995    -995    -995
 KIN2   133   700     74   -4.7    2.6    2.5   303   15.4    0.7    4.8    0.00   990.54     0   -4.3    1.9   -995   -995   -995   -995   -995    -995    -995    -995
 KIN2   133   705     73   -4.6    3.0    2.9   299   11.9    0.9    5.3    0.00   990.51     0   -4.3    2.2    9.4    3.0    8.5   11.7   15.3    -995    -995    -995
 KIN2   133   710     72   -4.8    1.7    1.6   303   18.5    0.6    3.3    0.00   990.45     0   -4.4    1.0   -995   -995   -995   -995   -995    -995    -995    -995
 KIN2   133   715     73   -4.9    2.5    2.4   303   13.1    0.6    3.8    0.00   990.51     0   -4.4    1.5   -995   -995   -995   -995   -995    -995    -995    -995
 KIN2   133   720     73   -4.7    2.5    2.4   306   14.8    0.9    4.8    0.00   990.50     0   -4.4    1.6    9.3    3.0    8.4   11.7   15.3    1.44    1.54    3.81
 KIN2   133   725     73   -4.9    2.5    2.4   296   11.3    0.6    4.1    0.00   990.53     0   -4.4    1.5   -995   -995   -995   -995   -995    -995    -995    -995
 KIN2   133   730     73   -4.9    2.2    2.2   296   10.6    0.6    4.1    0.00   990.61     0   -4.5    1.3   -995   -995   -995   -995   -995    -995    -995    -995
 KIN2   133   735     73   -5.0    2.0    2.0   290   13.0    0.5    3.3    0.00   990.66     0   -4.6    1.3    9.3    2.9    8.4   11.7   15.3    -995    -995    -995
 KIN2   133   740     74   -5.1    2.3    2.3   278    9.6    0.4    3.2    0.00   990.66     0   -4.6    1.4   -995   -995   -995   -995   -995    -995    -995    -995
 KIN2   133   745     75   -5.1    2.5    2.5   276   10.2    0.7    3.9    0.00   990.70     0   -4.6    1.4   -995   -995   -995   -995   -995    -995    -995    -995
 KIN2   133   750     75   -5.1    2.4    2.3   280   10.8    0.5    3.8    0.00   990.70     0   -4.7    1.5    9.3    2.9    8.4   11.7   15.3    1.44    1.54    3.80
 KIN2   133   755     76   -5.4    2.0    2.0   271   10.0    0.5    3.6    0.00   990.77     0   -4.9    1.1   -995   -995   -995   -995   -995    -995    -995    -995
 KIN2   133   760     77   -5.5    2.0    2.0   265   11.8    0.5    3.0    0.00   990.76     1   -5.0    1.1   -995   -995   -995   -995   -995    -995    -995    -995
 KIN2   133   765     78   -5.5    1.5    1.5   259   15.9    0.5    2.7    0.00   990.72     2   -5.1    0.5    9.3    2.9    8.4   11.7   15.3    -995    -995    -995
 KIN2   133   770     79   -5.6    1.8    1.8   264   11.6    0.4    3.2    0.00   990.71     4   -5.2    0.8   -995   -995   -995   -995   -995    -995    -995    -995
 KIN2   133   775     79   -5.7    1.5    1.4   270   11.6    0.4    2.4    0.00   990.76     6   -5.2    0.6   -995   -995   -995   -995   -995    -995    -995    -995
 KIN2   133   780     80   -5.7    1.9    1.8   274   13.1    0.5    2.8    0.00   990.73    10   -5.3    1.2    9.2    2.8    8.4   11.7   15.3    1.44    1.53    3.80
 KIN2   133   785     79   -5.7    1.9    1.9   282    9.7    0.5    2.9    0.00   990.67    17   -5.3    1.1   -995   -995   -995   -995   -995    -995    -995    -995
 KIN2   133   790     78   -5.6    1.9    1.9   282   11.8    0.4    2.9    0.00   990.60    26   -5.2    1.2   -995   -995   -995   -995   -995    -995    -995    -995
 KIN2   133   795     78   -5.7    2.0    1.9   275    9.7    0.4    3.0    0.00   990.60    37   -5.2    1.1    9.2    2.8    8.3   11.6   15.2    -995    -995    -995
 KIN2   133   800     78   -5.5    2.1    2.0   276    9.9    0.3    2.8    0.00   990.67    51   -5.2    1.3   -995   -995   -995   -995   -995    -995    -995    -995
 KIN2   133   805     77   -5.4    2.0    1.9   276   11.6    0.5    3.0    0.00   990.77    69   -5.1    1.0   -995   -995   -995   -995   -995    -995    -995    -995
 KIN2   133   810     77   -5.2    1.9    1.9   274   10.5    0.3    2.8    0.00   990.85    88   -4.9    1.2    9.1    2.6    8.2   11.6   15.2    1.44    1.54    3.80
 KIN2   133   815     75   -5.0    2.1    2.0   272   10.5    0.7    3.8    0.00   990.87   108   -4.8    1.4   -995   -995   -995   -995   -995    -995    -995    -995
 KIN2   133   820     73   -4.7    2.6    2.5   274   10.1    0.6    4.1    0.00   990.93   127   -4.6    1.8   -995   -995   -995   -995   -995    -995    -995    -995
 KIN2   133   825     72   -4.6    2.5    2.5   282   10.2    0.5    3.8    0.00   991.02   143   -4.5    1.7    9.1    2.5    8.1   11.5   15.1    -995    -995    -995
 KIN2   133   830     71   -4.4    2.5    2.5   287   12.2    0.7    4.5    0.00   990.99   158   -4.4    1.8   -995   -995   -995   -995   -995    -995    -995    -995
 KIN2   133   835     70   -4.3    2.2    2.2   296   13.4    0.5    3.7    0.00   991.00   175   -4.2    1.5   -995   -995   -995   -995   -995    -995    -995    -995
 KIN2   133   840     70   -4.0    2.0    1.9   292   12.5    0.4    2.8    0.00   991.00   191   -4.0    1.3    9.0    2.4    8.1   11.4   15.0    1.44    1.53    3.80
 KIN2   133   845     69   -3.8    2.3    2.2   290    9.6    0.5    3.1    0.00   991.02   209   -3.8    1.6   -995   -995   -995   -995   -995    -995    -995    -995
 KIN2   133   850     67   -3.6    3.0    3.0   287   10.1    0.7    4.6    0.00   991.06   225   -3.7    2.1   -995   -995   -995   -995   -995    -995    -995    -995
 KIN2   133   855     65   -3.4    3.6    3.5   286    9.9    0.6    4.8    0.00   991.08   242   -3.6    2.4    8.9    2.4    8.0   11.4   15.0    -995    -995    -995
 KIN2   133   860     64   -3.2    3.5    3.5   284    9.2    0.6    4.8    0.00   991.05   259   -3.4    2.4   -995   -995   -995   -995   -995    -995    -995    -995
 KIN2   133   865     63   -3.0    3.0    2.9   289   12.6    0.8    4.6    0.00   991.09   275   -3.2    1.9   -995   -995   -995   -995   -995    -995    -995    -995
 KIN2   133   870     61   -2.8    3.1    3.0   297   12.5    0.9    5.3    0.00   991.17   291   -2.9    2.2    8.9    2.3    8.0   11.3   15.0    1.45    1.54    3.80
 KIN2   133   875     61   -2.5    2.5    2.4   298   14.2    0.8    4.5    0.00   991.05   308   -2.7    2.0   -995   -995   -995   -995   -995    -995    -995    -995
 KIN2   133   880     60   -2.5    3.3    3.2   300   14.6    0.8    5.6    0.00   991.11   324   -2.7    2.5   -995   -995   -995   -995   -995    -995    -995    -995
 KIN2   133   885     60   -2.0    2.8    2.7   301   13.5    0.8    5.0    0.00   991.26   341   -2.3    2.2    8.9    2.3    8.0   11.3   15.0    -995    -995    -995
 KIN2   133   890     59   -2.0    2.9    2.8   301   15.2    0.7    4.9    0.00   991.41   357   -2.3    2.3   -995   -995   -995   -995   -995    -995    -995    -995
 KIN2   133   895     58   -1.8    2.8    2.7   301   14.0    0.7    4.3    0.00   991.59   372   -2.1    2.2   -995   -995   -995   -995   -995    -995    -995    -995
 KIN2   133   900     58   -1.7    3.3    3.2   309   14.0    1.0    5.8    0.00   991.68   388   -2.1    2.5    8.9    2.3    8.0   11.3   15.0    1.44    1.54    3.81
 KIN2   133   905     57   -1.8    3.8    3.8   307    9.6    0.8    5.7    0.00   991.73   403   -2.2    3.1   -995   -995   -995   -995   -995    -995    -995    -995
 KIN2   133   910     58   -1.6    3.4    3.3   300   12.0    0.8    5.6    0.00   991.74   419   -2.0    2.7   -995   -995   -995   -995   -995    -995    -995    -995
 KIN2   133   915     58   -1.5    3.0    2.9   304   14.2    0.5    4.2    0.00   991.78   433   -1.9    2.3    8.9    2.3    8.1   11.3   15.0    -995    -995    -995
 KIN2   133   920     59   -1.1    3.5    3.4   285   11.2    0.7    5.7    0.00   991.75   448   -1.8    2.6   -995   -995   -995   -995   -995    -995    -995    -995
 KIN2   133   925     58   -1.0    3.2    3.2   292   13.2    0.8    5.3    0.00   991.74   462   -1.6    2.4   -995   -995   -995   -995   -995    -995    -995    -995
 KIN2   133   930     58   -0.7    3.1    3.0   307   16.0    0.6    4.7    0.00   991.78   476   -1.3    2.5    8.9    2.3    8.1   11.4   15.0    1.44    1.53    3.80
 KIN2   133   935     57   -0.6    2.8    2.7   308   15.8    0.6    3.8    0.00   991.79   490   -1.1    2.3   -995   -995   -995   -995   -995    -995    -995    -995
 KIN2   133   940     57   -0.2    3.2    3.1   307   16.3    0.9    4.7    0.00   991.72   503   -0.8    2.4   -995   -995   -995   -995   -995    -995    -995    -995
 KIN2   133   945     56   -0.1    2.9    2.7   311   18.2    0.6    4.2    0.00   991.72   517   -0.7    2.3    8.9    2.3    8.2   11.4   15.0    -995    -995    -995
 KIN2   133   950     55    0.2    2.8    2.7   310   15.4    0.7    4.6    0.00   991.71   529   -0.4    2.2   -995   -995   -995   -995   -995    -995    -995    -995
 KIN2   133   955     54    0.4    3.0    2.9   313   13.4    0.8    4.7    0.00   991.72   542   -0.3    2.3   -995   -995   -995   -995   -995    -995    -995    -995
 KIN2   133   960     52    0.6    3.0    2.8   315   17.2    0.7    4.5    0.00   991.71   554    0.1    2.6    8.9    2.3    8.3   11.3   15.0    1.44    1.54    3.78
 KIN2   133   965     52    0.8    2.9    2.8   323   19.0    0.7    5.2    0.00   991.71   565    0.3    2.4   -995   -995   -995   -995   -995    -995    -995    -995
 KIN2   133   970     52    0.8    2.7    2.7   310   13.6    0.7    4.2    0.00   991.69   576    0.4    2.2   -995   -995   -995   -995   -995    -995    -995    -995
 KIN2   133   975     51    1.1    3.0    2.9   324   18.7    0.7    4.5    0.00   991.70   586    0.5    2.5    8.9    2.3    8.4   11.4   15.1    -995    -995    -995
 KIN2   133   980     49    1.2    2.9    2.8   309   12.5    0.8    4.8    0.00   991.69   597    0.7    2.4   -995   -995   -995   -995   -995    -995    -995    -995
 KIN2   133   985     49    1.2    3.0    2.9   312   11.2    0.6    4.1    0.00   991.73   607    0.7    2.3   -995   -995   -995   -995   -995    -995    -995    -995
 KIN2   133   990     49    1.4    2.9    2.8   305    9.9    0.6    4.3    0.00   991.73   616    0.9    2.4    8.9    2.3    8.5   11.4   15.1    1.44    1.54    3.80
 KIN2   133   995     46    1.5    2.9    2.8   315   13.5    0.6    4.2    0.00   991.73   625    0.9    2.2   -995   -995   -995   -995   -995    -995    -995    -995
 KIN2   133  1000     47    1.8    2.7    2.6   306   17.2    0.5    3.5    0.00   991.72   633    1.1    2.1   -995   -995   -995   -995   -995    -995    -995    -995
 KIN2   133  1005     46    1.8    2.6    2.5   294   17.3    0.6    3.8    0.00   991.70   642    0.9    2.1    9.0    2.3    8.6   11.4   15.1    -995    -995    -995
 KIN2   133  1010     45    1.7    3.0    2.9   308   16.3    0.7    4.5    0.00   991.69   650    1.2    2.4   -995   -995   -995   -995   -995    -995    -995    -995
 KIN2   133  1015     45    1.9    2.5    2.5   299   10.7    0.7    3.9    0.00   991.66   657    1.3    1.9   -995   -995   -995   -995   -995    -995    -995    -995
 KIN2   133  1020     45    2.3    2.6    2.6   314    9.8    0.6    3.5    0.00   991.68   664    1.6    2.1    9.0    2.4    8.7   11.4   15.1    1.44    1.53    3.80
 KIN2   133  1025     45    2.6    2.1    1.9   308   22.5    0.6    3.7    0.00   991.59   671    1.9    1.5   -995   -995   -995   -995   -995    -995    -995    -995
 KIN2   133  1030     44    2.7    2.6    2.5   328   13.1    0.7    4.0    0.00   991.57   676    2.1    2.2   -995   -995   -995   -995   -995    -995    -995    -995
 KIN2   133  1035     44    2.9    2.7    2.5   324   23.2    0.6    4.1    0.00   991.53   682    2.1    2.2    9.1    2.6    8.9   11.4   15.1    -995    -995    -995
 KIN2   133  1040     43    3.2    2.4    2.3   293   16.5    1.0    4.5    0.00   991.45   688    2.4    1.7   -995   -995   -995   -995   -995    -995    -995    -995
 KIN2   133  1045     42    3.3    1.8    1.6   304   24.1    0.7    3.5    0.00   991.35   692    2.8    1.4   -995   -995   -995   -995   -995    -995    -995    -995
 KIN2   133  1050     42    4.0    1.8    1.7   331   22.9    0.5    3.0    0.00   991.28   696    3.3    1.5    9.1    2.9    9.0   11.3   15.1    1.45    1.54    3.80
 KIN2   133  1055     41    3.9    2.2    2.0   308   18.6    0.7    3.5    0.00   991.20   700    3.2    1.7   -995   -995   -995   -995   -995    -995    -995    -995
 KIN2   133  1060     39    4.0    2.5    2.4   315   18.1    0.6    4.3    0.00   991.11   704    3.2    2.0   -995   -995   -995   -995   -995    -995    -995    -995
 KIN2   133  1065     39    4.3    2.3    2.1   313   19.9    0.8    4.1    0.00   991.03   707    3.5    1.8    9.2    3.4    9.2   11.3   15.1    -995    -995    -995
 KIN2   133  1070     36    4.5    3.2    3.1   296   17.5    1.0    5.1    0.00   990.99   710    3.5    2.4   -995   -995   -995   -995   -995    -995    -995    -995
 KIN2   133  1075     37    4.7    2.8    2.6   315   20.5    0.8    4.5    0.00   990.99   712    3.7    2.2   -995   -995   -995   -995   -995    -995    -995    -995
 KIN2   133  1080     36    5.1    2.6    2.5   317   15.8    0.8    4.5    0.00   991.05   714    4.1    2.1    9.2    3.8    9.4   11.3   15.1    1.45    1.53    3.80
 KIN2   133  1085     35    5.3    3.5    3.1   289   26.0    1.1    5.3    0.00   990.96   716    4.2    2.6   -995   -995   -995   -995   -995    -995    -995    -995
 KIN2   133  1090     34    5.1    3.0    2.8   272   17.4    0.9    4.8    0.00   990.84   717    4.2    2.0   -995   -995   -995   -995   -995    -995    -995    -995
 KIN2   133  1095     34    5.9    3.0    2.9   289   15.4    0.8    4.8    0.00   990.73   718    4.9    2.3    9.3    4.3    9.5   11.3   15.1    -995    -995    -995
 KIN2   133  1100     32    5.7    3.3    3.1   289   20.3    1.0    5.3    0.00   990.63   716    4.7    2.4   -995   -995   -995   -995   -995    -995    -995    -995
 KIN2   133  1105     34    5.5    2.0    1.8   270   26.3    0.6    3.7    0.00   990.53   715    4.9    1.8   -995   -995   -995   -995   -995    -995    -995    -995
 KIN2   133  1110     33    5.8    3.6    3.6   268   11.0    1.2    5.8    0.00   990.36   715    4.8    2.7    9.4    4.8    9.7   11.4   15.1    1.45    1.54    3.80
 KIN2   133  1115     33    6.0    2.4    2.1   278   29.0    0.9    4.1    0.00   990.24   712    5.2    1.9   -995   -995   -995   -995   -995    -995    -995    -995
 KIN2   133  1120     32    6.1    2.4    2.3   326   12.5    0.6    3.5    0.00   990.08   710    5.3    2.1   -995   -995   -995   -995   -995    -995    -995    -995
 KIN2   133  1125     31    6.3    3.1    3.1   318   12.8    0.8    5.8    0.00   989.95   708    5.5    2.5    9.5    5.2    9.9   11.4   15.1    -995    -995    -995
 KIN2   133  1130     28    6.5    2.8    2.6   316   19.4    0.8    5.0    0.00   989.86   706    5.6    2.3   -995   -995   -995   -995   -995    -995    -995    -995
 KIN2   133  1135     28    6.4    3.7    3.5   317   15.5    0.8    5.4    0.00   989.77   702    5.6    2.9   -995   -995   -995   -995   -995    -995    -995    -995
 KIN2   133  1140     28    6.7    3.2    3.0   310   19.7    1.0    5.1    0.00   989.65   698    5.8    2.6    9.6    5.7   10.0   11.4   15.1    1.45    1.53    3.80
 KIN2   133  1145     28    7.1    2.9    2.7   318   20.6    0.7    4.6    0.00   989.51   693    6.1    2.5   -995   -995   -995   -995   -995    -995    -995    -995
 KIN2   133  1150     29    6.9    2.0    1.9   318   19.8    1.0    3.7    0.00   989.49   688    6.2    1.7   -995   -995   -995   -995   -995    -995    -995    -995
 KIN2   133  1155     28    6.7    1.5    1.2   301   32.4    0.7    2.9    0.00   989.45   683    6.2    1.1    9.7    6.1   10.1   11.4   15.1    -995    -995    -995
 KIN2   133  1160     28    7.4    2.7    2.5   296   22.7    0.9    4.3    0.00   989.39   678    6.4    1.9   -995   -995   -995   -995   -995    -995    -995    -995
 KIN2   133  1165     28    7.4    2.0    1.8   317   28.1    0.7    3.6    0.00   989.27   671    6.5    1.6   -995   -995   -995   -995   -995    -995    -995    -995
 KIN2   133  1170     27    7.4    2.0    1.8   319   23.5    0.7    4.3    0.00   989.21   665    6.7    1.4    9.8    6.5   10.2   11.4   15.0    1.44    1.54    3.80
 KIN2   133  1175     27    7.5    2.8    2.3   283   32.8    0.9    5.1    0.00   989.11   658    6.7    2.0   -995   -995   -995   -995   -995    -995    -995    -995
 KIN2   133  1180     29    7.2    1.8    1.7   240   16.9    1.1    4.3    0.00   989.03   650    6.8    1.4   -995   -995   -995   -995   -995    -995    -995    -995
 KIN2   133  1185     28    7.3    2.2    2.0   239   24.2    0.8    3.9    0.00   989.00   643    7.1    1.6    9.8    6.9   10.3   11.4   15.0    -995    -995    -995
 KIN2   133  1190     27    7.5    2.5    2.4   252   12.6    0.7    4.0    0.00   989.02   635    7.0    1.9   -995   -995   -995   -995   -995    -995    -995    -995
 KIN2   133  1195     25    7.4    1.9    1.9   264   14.8    0.7    3.6    0.00   988.98   626    6.9    1.3   -995   -995   -995   -995   -995    -995    -995    -995
 KIN2   133  1200     26    7.8    1.6    1.4   235   28.8    0.9    3.5    0.00   988.84   617    7.2    1.2    9.9    7.3   10.4   11.4   15.0    1.44    1.53    3.80
 KIN2   133  1205     29    7.9    2.4    2.3   234   14.1    0.5    3.6    0.00   988.76   607    7.3    1.9   -995   -995   -995   -995   -995    -995    -995    -995
 KIN2   133  1210     28    8.2    2.6    2.5   249   16.6    0.5    3.7    0.00   988.78   596    7.6    2.1   -995   -995   -995   -995   -995    -995    -995    -995
 KIN2   133  1215     25    8.4    2.3    2.2   292   20.5    0.8    4.9    0.00   988.82   586    7.8    1.8   10.0    7.6   10.5   11.5   15.1    -995    -995    -995
 KIN2   133  1220     24    8.6    2.6    2.3   290   25.9    0.8    4.4    0.00   988.75   576    7.9    2.1   -995   -995   -995   -995   -995    -995    -995    -995
 KIN2   133  1225     26    8.5    2.1    1.9   249   27.5    0.6    3.2    0.00   988.70   565    7.9    1.7   -995   -995   -995   -995   -995    -995    -995    -995
 KIN2   133  1230     25    8.7    2.7    2.6   272    9.2    0.7    4.2    0.00   988.64   553    8.1    1.9   10.1    8.0   10.6   11.5   15.1    1.44    1.54    3.80
 KIN2   133  1235     23    8.8    2.8    2.6   290   16.9    0.7    4.4    0.00   988.56   542    8.3    2.1   -995   -995   -995   -995   -995    -995    -995    -995
 KIN2   133  1240     23    9.0    1.9    1.7   296   20.9    0.7    4.1    0.00   988.46   530    8.5    1.4   -995   -995   -995   -995   -995    -995    -995    -995
 KIN2   133  1245     22    9.1    2.2    2.0   284   19.7    0.6    3.4    0.00   988.44   517    8.4    1.5   10.2    8.3   10.7   11.5   15.1    -995    -995    -995
 KIN2   133  1250     24    8.7    1.8    1.6   267   22.8    0.5    3.0    0.00   988.39   504    8.4    1.2   -995   -995   -995   -995   -995    -995    -995    -995
 KIN2   133  1255     24    8.9    1.5    1.3   284   28.5    0.6    2.7    0.00   988.32   490    8.6    1.1   -995   -995   -995   -995   -995    -995    -995    -995
 KIN2   133  1260     22    8.9    1.5    1.4   278   22.3    0.7    3.7    0.00   988.30   477    8.5    0.9   10.3    8.5   10.8   11.5   15.1    1.44    1.53    3.80
 KIN2   133  1265     23    9.5    2.2    2.0   299   20.8    0.8    3.6    0.00   988.25   464    8.7    1.5   -995   -995   -995   -995   -995    -995    -995    -995
 KIN2   133  1270     23    9.2    2.2    1.9   307   27.6    0.9    3.6    0.00   988.19   449    8.6    1.6   -995   -995   -995   -995   -995    -995    -995    -995
 KIN2   133  1275     27    9.2    2.8    2.7   235   11.8    0.6    4.1    0.00   988.16   434    8.6    2.0   10.4    8.7   10.8   11.6   15.0    -995    -995    -995
 KIN2   133  1280     26    8.8    2.4    2.3   220   15.3    0.5    3.5    0.00   988.14   420    8.4    2.0   -995   -995   -995   -995   -995    -995    -995    -995
 KIN2   133  1285     28    9.0    2.4    2.2   224   19.4    0.7    3.7    0.00   988.09   404    8.6    1.8   -995   -995   -995   -995   -995    -995    -995    -995
 KIN2   133  1290     27    8.8    3.2    3.2   238   10.8    0.6    4.8    0.00   988.05   389    8.5    2.3   10.4    8.9   10.9   11.6   15.1    1.44    1.54    3.80
 KIN2   133  1295     28    8.8    3.0    2.9   230   12.4    0.7    4.2    0.00   988.02   373    8.5    2.2   -995   -995   -995   -995   -995    -995    -995    -995
 KIN2   133  1300     25    8.9    2.2    2.1   246   13.5    0.4    3.2    0.00   987.99   358    8.7    1.5   -995   -995   -995   -995   -995    -995    -995    -995
 KIN2   133  1305     25    9.0    2.0    2.0   238   13.0    0.3    3.1    0.00   987.96   342    8.8    1.5   10.5    9.1   10.9   11.7   15.1    -995    -995    -995
 KIN2   133  1310     25    9.3    1.6    1.5   242   16.3    0.5    2.7    0.00   987.90   327    9.1    1.2   -995   -995   -995   -995   -995    -995    -995    -995
 KIN2   133  1315     24    9.0    1.6    1.5   236   12.5    0.3    2.4    0.00   987.84   311    8.9    1.1   -995   -995   -995   -995   -995    -995    -995    -995
 KIN2   133  1320     24    8.8    2.0    1.9   236   14.4    0.4    2.9    0.00   987.81   294    8.9    1.5   10.6    9.1   11.0   11.7   15.1    1.44    1.54    3.80
 KIN2   133  1325     24    8.8    1.4    1.3   248   20.0    0.6    2.5    0.00   987.79   278    8.9    1.0   -995   -995   -995   -995   -995    -995    -995    -995
 KIN2   133  1330     24    8.9    1.0    1.0   231   22.1    0.4    1.9    0.00   987.75   261    9.2    0.6   -995   -995   -995   -995   -995    -995    -995    -995
 KIN2   133  1335     24    9.0    1.2    1.1   239   16.0    0.4    2.1    0.00   987.71   244    9.2    0.5   10.6    9.1   11.0   11.7   15.1    -995    -995    -995
 KIN2   133  1340     28    8.9    2.3    2.1   191   28.4    0.5    3.5    0.00   987.65   228    9.0    1.9   -995   -995   -995   -995   -995    -995    -995    -995
 KIN2   133  1345     31    8.6    2.6    2.5   189    7.2    0.2    3.0    0.00   987.61   212    8.6    2.2   -995   -995   -995   -995   -995    -995    -995    -995
 KIN2   133  1350     30    8.5    2.2    2.1   177    8.4    0.4    2.9    0.00   987.61   197    8.6    1.8   10.7    9.1   11.0   11.8   15.1    1.44    1.53    3.80
 KIN2   133  1355     29    8.6    1.9    1.9   159    5.4    0.4    2.5    0.00   987.58   181    8.7    1.5   -995   -995   -995   -995   -995    -995    -995    -995
 KIN2   133  1360     30    8.5    1.8    1.8   166    7.3    0.2    2.5    0.00   987.53   165    8.7    1.4   -995   -995   -995   -995   -995    -995    -995    -995
 KIN2   133  1365     28    8.6    1.5    1.4   164   11.1    0.2    2.0    0.00   987.48   149    8.8    0.8   10.8    9.0   11.0   11.9   15.2    -995    -995    -995
 KIN2   133  1370     31    8.3    1.7    1.6   170   15.5    0.2    2.3    0.00   987.45   134    8.7    1.2   -995   -995   -995   -995   -995    -995    -995    -995
 KIN2   133  1375     33    8.3    2.0    2.0   157    4.3    0.2    2.5    0.00   987.43   117    8.6    1.5   -995   -995   -995   -995   -995    -995    -995    -995
 KIN2   133  1380     35    8.1    2.0    1.9   139    8.8    0.2    2.3    0.00   987.44    95    8.5    1.5   10.8    9.0   11.0   11.9   15.2    1.44    1.53    3.80
 KIN2   133  1385     39    7.9    1.6    1.6   144    4.4    0.1    2.1    0.00   987.39    67    8.5    1.0   -995   -995   -995   -995   -995    -995    -995    -995
 KIN2   133  1390     38    7.7    2.0    2.0   139    6.5    0.3    2.6    0.00   987.30    21    8.4    1.4   -995   -995   -995   -995   -995    -995    -995    -995
 KIN2   133  1395     37    7.6    2.2    2.1   134    5.8    0.2    2.6    0.00   987.28    22    8.3    1.5   10.8    8.9   11.0   12.0   15.2    -995    -995    -995
 KIN2   133  1400     39    7.2    2.1    2.1   137    5.0    0.2    2.5    0.00   987.27    20    8.1    1.5   -995   -995   -995   -995   -995    -995    -995    -995
 KIN2   133  1405     41    6.8    2.1    2.0   140    6.9    0.3    2.6    0.00   987.32    13    8.0    1.1   -995   -995   -995   -995   -995    -995    -995    -995
 KIN2   133  1410     42    6.7    1.9    1.9   133    3.9    0.2    2.2    0.00   987.30    11    7.9    1.1   10.9    8.8   11.0   12.1   15.3    1.45    1.54    3.81
 KIN2   133  1415     42    6.5    1.8    1.8   132    5.3    0.1    2.2    0.00   987.27     8    7.8    1.1   -995   -995   -995   -995   -995    -995    -995    -995
 KIN2   133  1420     46    6.0    1.5    1.5   116    5.1    0.2    2.0    0.00   987.20     6    7.6    0.7   -995   -995   -995   -995   -995    -995    -995    -995
 KIN2   133  1425     50    5.5    1.6    1.6   123    4.3    0.1    2.1    0.00   987.21     4    7.5    0.1   10.9    8.6   11.0   12.1   15.4    -995    -995    -995
 KIN2   133  1430     52    5.3    1.6    1.5   117    9.2    0.2    2.2    0.00   987.20     2    7.3    0.0   -995   -995   -995   -995   -995    -995    -995    -995
 KIN2   133  1435     53    4.9    1.6    1.6   118    4.3    0.2    2.2    0.00   987.21     1    7.1    0.0   -995   -995   -995   -995   -995    -995    -995    -995
</pre>